[]
1544
1546
1550
1552
1553
1555
1557
1559
1561
1573
1083
1084
1085
1091
1093
1096
1097
1102
1111
1117
1123
1131
1144
1149
1150
1161
1165
1167
1169
1170
1174
1175
1179
1212
1223
1231
1238
1239
1244
1251
1253
1257
1258
749
1263
1265
1270
1278
1279
1284
1285
1287
1289
1295
1297
1302
1303
1305
1306
1307
1308
1309
1313
1321
1323
1326
1331
1333
1336
1337
1338
1341
1345
1348
1354
1358
1362
1363
1365
1367
1368
1371
1372
1378
1380
1382
1391
1396
1397
1398
1401
1404
1405
1410
1418
1427
1429
1430
1436
1437
1438
1439
1441
1442
1444
1446
1447
1449
1450
1451
1452
1453
1457
1459
1460
1461
1462
1463
1464
1465
1466
1469
1475
1476
1477
1478
1479
1488
1489
1491
1493
1494
1511
