[]
1536
1538
1539
1540
1541
1548
1549
1554
1560
1574
1580
1078
1079
1080
1081
1594
1595
1596
1086
1087
1088
1089
1094
1095
1098
1099
1100
1104
1110
1112
1113
1115
1116
1118
1119
1121
1122
1140
1147
1162
1163
1164
1168
1171
1172
1173
1176
1177
666
700
1224
1228
1229
1232
1233
1234
1240
1243
1245
1249
1250
1254
1255
1256
1262
1264
1266
1271
1273
1274
1275
1276
1280
1282
1290
1291
1292
1293
1294
1296
1298
1299
1304
1310
1311
1312
1314
1315
1317
1318
1332
1335
1344
1346
1347
1590
1350
1351
1352
1592
1593
1393
1399
1400
1402
1403
1406
1411
1413
1414
1416
1423
1425
1426
1428
1431
1432
1433
1440
1443
1445
1448
1454
1455
1456
1467
1468
1470
1471
1472
1473
1480
1481
1483
1485
1490
1495
1498
1502
1512
1515
1517
1519
1520
1521
1522
1527
1531
