[]
1536
1538
1539
1540
1541
1544
1546
1367
1548
1549
1550
1552
1553
1554
1555
1557
1559
1560
1561
1573
1574
1580
1078
1079
1080
1081
1594
1083
1084
1085
1086
1087
1088
1089
1091
1093
1094
1095
1096
1097
1098
1099
1100
1613
1102
1104
1110
1111
1112
1113
1115
1116
1117
1118
1119
1121
1122
1123
1212
1131
1606
1140
1144
1147
1149
1150
1161
1162
1163
1164
1165
1167
1168
1169
1170
1171
1172
1173
1174
1175
1176
1177
666
1179
700
1223
1224
1228
1229
1231
1232
1233
1234
1238
1239
1240
1243
1244
1245
1249
1250
1251
1253
1254
1255
1256
1257
1258
749
1262
1263
1264
1265
1266
1270
1271
1273
1274
1275
1276
1278
1279
1280
1282
1284
1285
1287
1289
1290
1291
1292
1293
1294
1295
1296
1297
1298
1299
1302
1303
1304
1305
1306
1307
1308
1309
1310
1311
1312
1313
1314
1315
1317
1318
1321
1323
1326
1442
1331
1332
1333
1335
1336
1337
1338
1341
1344
1345
1346
1347
1348
1590
1350
1351
1352
1354
1358
1592
1362
1363
1365
1593
1368
1371
1372
1378
1595
1380
1382
1596
1391
1393
1396
1397
1398
1399
1400
1401
1402
1403
1404
1405
1406
1410
1411
1414
1418
1423
1425
1426
1427
1428
1429
1430
1431
1432
1433
1436
1437
1438
1439
1440
1441
1612
1443
1444
1445
1446
1447
1448
1449
1450
1451
1452
1453
1454
1455
1456
1457
1459
1460
1461
1462
1463
1464
1465
1466
1467
1468
1469
1470
1471
1472
1473
1475
1476
1477
1478
1479
1480
1481
1483
1485
1488
1489
1490
1491
1493
1494
1495
1498
1502
1511
1512
1515
1517
1519
1520
1521
1522
1527
1531
1599
