[]
1536
1539
1541
1552
1580
1078
1079
1080
1081
1084
1085
1086
1089
1091
1093
1094
1095
1096
1097
1099
1100
1102
1111
1113
1115
1116
1117
1118
1121
1123
1606
1144
1149
1162
1163
1164
1165
1169
1170
1171
1172
1173
1174
1175
1176
1179
1224
1232
1233
1244
1249
1251
1254
1256
1257
749
1262
1263
1264
1265
1270
1271
1274
1275
1276
1278
1284
1285
1287
1289
1290
1293
1295
1297
1298
1299
1302
1304
1305
1306
1308
1310
1311
1312
1313
1314
1317
1323
1333
1336
1337
1338
1341
1344
1346
1352
1365
1593
1371
1596
1391
1397
1398
1399
1400
1401
1405
1406
1410
1425
1426
1429
1430
1438
1439
1440
1441
1445
1447
1449
1450
1451
1452
1453
1454
1456
1459
1460
1461
1464
1465
1466
1467
1468
1469
1473
1475
1476
1480
1612
1483
1490
1491
1511
1512
1517
1527
