foto	qscore	red	green	blue	diag	hor	vert
liberdade/Avenida_Assis_Chateaubriand__1334__0.jpg	3.67098364598	145.898457	146.258633	142.203584	3	88	0
catole/Rua_Sebastiao_Vieira_da_Silva__1273__0.jpg	4.87932900433	121.100449	121.865911	112.041471	2	31	3
liberdade/Rua_Severino_Pimentel__439__0.jpg	5.27689594356	106.548639	104.993395	96.514922	9	30	4
catole/Rua_Inacio_Marques_da_Silva__434_270.jpg	5.28680578681	135.427253	136.259466	129.065199	0	18	3
catole/Rua_Olegario_Mariano__139_270.jpg	7.85459563585	135.202174	136.802829	131.889030	0	29	3
liberdade/Rua_Espirito_Santo__1288__180.jpg	4.54288304288	134.407396	134.932142	129.290309	8	39	5
liberdade/Rua_Odon_Bezerra__306_270.jpg	5.24932408861	137.449076	137.021048	130.282982	6	119	25
liberdade/Rua_Padre_Pedro_Serrao__207__270.jpg	2.10427689594	139.906722	141.756686	135.041647	2	47	10
liberdade/Rua_Riachuelo__930__180.jpg	4.38326488326	138.253385	138.430732	132.724137	7	59	5
centro/Rua_Manoel_P._de_Araujo__150_90.jpg	4.53089569161	126.503086	126.464300	118.839479	29	102	3
liberdade/Rua_Odon_Bezerra__306_90.jpg	5.72342472342	133.495195	136.031426	132.174255	11	94	21
catole/Rua_Deputado_Ascendino_Moura__101__270.jpg	4.62520195854	130.496758	131.015820	121.776126	6	15	19
catole/Rua_Joao_Francisco_Mota__64__270.jpg	5.87028447743	126.428887	125.605205	117.998896	7	54	31
liberdade/Rua_Riachuelo__847__0.jpg	6.03214113928	130.785970	132.715016	125.540299	11	52	7
liberdade/Rua_Espirito_Santo__1288__0.jpg	4.87062590188	126.334404	127.991569	123.343815	19	42	10
liberdade/Rua_Padre_Pedro_Serrao__336__90.jpg	5.17550505051	142.402321	141.511764	134.635859	2	44	0
liberdade/Rua_Padre_Pedro_Serrao__353__90.jpg	3.681998557	144.831243	143.262380	136.474089	13	72	4
liberdade/Rua_Padre_Pedro_Serrao__353__270.jpg	3.91524084381	123.511149	125.277279	117.987002	11	44	16
catole/Rua_Honorio_de_Melo__240__90.jpg	6.47261072261	123.291009	126.131286	121.234639	6	61	29
liberdade/Rua_Severino_Pimentel__511_270.jpg	5.29491341991	120.636696	121.008337	116.796029	2	92	1
catole/Rua_Inacio_Marques_da_Silva__434_90.jpg	3.65163540164	132.573525	132.374896	127.521784	0	59	6
catole/Rua_Otacilio_Nepomuceno__76_90.jpg	7.62507348618	129.535540	134.318838	130.701722	4	51	0
liberdade/Rua_Severino_Pimentel__321__180.jpg	5.3287387216	121.297383	121.176650	116.275986	1	17	3
liberdade/Rua_Riachuelo__455__0.jpg	3.44058372183	143.570794	142.777637	137.516849	2	46	2
liberdade/Rua_Odon_Bezerra__388__270.jpg	5.53205128205	140.350703	142.799121	140.471113	30	87	1
liberdade/Rua_Sergipe__1337_0.jpg	3.59603976271	139.148597	140.304769	134.418161	4	30	2
catole/Rua_Vigario_Calixto__1201_180.jpg	6.45292207792	131.998691	136.168203	133.692412	12	93	0
liberdade/Rua_Acre__635_270.jpg	5.5638047138	138.278320	138.776455	133.851165	1	144	21
catole/Rua_Aluisio_Cunha_Linha__50__90.jpg	2.67135642136	126.398174	127.951865	119.586569	11	26	11
liberdade/Rua_Odon_Bezerra__388__90.jpg	5.4806998557	135.760153	140.683346	138.384238	31	55	8
liberdade/Rua_Santa_Catarina__1231__0.jpg	4.32804232804	118.076637	120.703314	113.714915	0	40	12
catole/Rua_Otacilio_Nepomuceno__76_0.jpg	6.29679447537	115.955612	120.652204	115.367415	0	47	0
catole/Rua_Cristina_Procopio_da_Silva__62__90.jpg	4.67673160173	125.929564	126.994183	118.131234	32	60	2
liberdade/Avenida_Assis_Chateaubriand__1334__180.jpg	3.63111888112	134.132959	135.887747	130.572051	7	66	1
liberdade/Rua_Severino_Pimentel__511_90.jpg	5.94902011569	121.049515	120.713864	117.067074	0	47	3
catole/Rua_Sebastiao_Vieira_da_Silva__1273__180.jpg	3.8911335578	117.703577	116.063171	106.835853	5	50	8
liberdade/Rua_Santa_Catarina__1231__180.jpg	3.96990311276	131.491341	132.571680	124.960540	5	51	4
catole/Rua_Aluisio_Cunha_Linha__50__270.jpg	4.2227041477	129.821367	130.043005	119.405013	18	34	6
catole/Rua_Vigario_Calixto__1201_0.jpg	4.96904391904	142.369180	145.271709	141.056549	6	103	1
catole/Rua_Olegario_Mariano__139_0.jpg	4.507996633	129.873678	134.370033	132.239385	2	75	2
centro/Avenida_Barao_Rio_Branco__141_90.jpg	6.66666666667	105.501370	107.380785	99.069189	1	31	2
liberdade/Rua_Odon_Bezerra__147_270.jpg	4.84431216931	130.915908	132.370719	127.111458	29	93	15
liberdade/Rua_Edesio_Silva__602__180.jpg	3.86828603495	138.456019	138.633796	131.623743	2	59	10
catole/Rua_Doutor_Antonio_Telha_-_Catole__Campina_Grande__270.jpg	4.78851010101	140.519632	142.964596	140.693747	0	64	0
liberdade/Rua_Acre__635_90.jpg	5.34069325736	122.280931	123.107865	114.472673	0	41	9
liberdade/Rua_Odon_Bezerra__147_90.jpg	5.93282141139	127.871650	127.347510	121.500645	1	72	2
liberdade/Rua_Riachuelo__930__0.jpg	4.84432234432	124.296901	124.997305	118.495983	2	56	1
liberdade/Rua_Severino_Pimentel__439__180.jpg	4.47947731281	124.455026	123.571846	115.850316	10	32	2
liberdade/Rua_Padre_Pedro_Serrao__207__90.jpg	5.45402467902	139.401413	138.018307	130.967428	16	56	2
liberdade/Rua_Riachuelo__847__180.jpg	5.12542087542	117.794447	119.201494	109.527542	0	19	2
catole/Avenida_Prefeito_Severino_Bezerra_Cabral__218_90.jpg	5.18423127798	129.055622	128.052188	122.677731	4	62	2
catole/Rua_Doutor_Antonio_Telha__68__90.jpg	4.72467193301	132.714385	132.563727	128.080742	2	31	2
liberdade/Rua_Sergipe__1337_90.jpg	2.38179567346	144.261178	144.537822	139.523369	3	46	1
catole/Rua_Doutor_Antonio_Telha_-_Catole__Campina_Grande__90.jpg	4.97113997114	117.162331	121.228779	115.941390	0	44	0
catole/Rua_Luisa_Bezerra_Mota__246_90.jpg	5.4797979798	140.162500	142.407031	130.632113	1	45	3
catole/Rua_Luisa_Bezerra_Mota__246_270.jpg	6.4300103189	105.525957	109.478102	91.899622	10	15	4
catole/Rua_Olegario_Mariano__139_180.jpg	4.47095959596	132.516969	136.157663	132.903721	3	33	13
liberdade/Rua_Riachuelo__455__180.jpg	3.33333333333	131.701270	131.881937	124.783831	1	48	11
liberdade/Rua_Severino_Pimentel__321__0.jpg	5.76154401154	111.373298	110.042204	103.598262	0	14	3
liberdade/Rua_Padre_Pedro_Serrao__336__270.jpg	6.24466089466	131.291650	132.716937	128.082139	4	63	1
