[]
1536
1537
1538
1545
1547
1551
1040
1556
1562
1563
1564
1053
1566
1568
1570
1571
1572
1575
1576
1577
1066
1579
1581
1582
1583
1586
1587
1588
1589
1591
1091
1093
1103
1106
617
1151
1152
1154
993
672
1186
677
679
1193
1195
1196
686
1565
1200
1202
691
1207
1217
1218
1220
740
639
1296
1302
1322
1325
1338
1349
1351
1355
1356
1357
1364
1369
1370
1373
1374
1375
1376
1377
1379
1383
1384
1394
1399
1419
1422
1426
1436
1439
1449
1484
1487
1490
1496
1499
1501
1502
1505
1506
1507
1508
1509
1510
1514
1518
1524
1528
1529
1530
1532
1023
