[]
1024
513
1027
516
518
1025
1032
1035
1036
1038
1040
1198
537
1053
1057
549
1062
1063
1066
1067
1071
1074
1203
1076
1195
1082
576
1090
585
586
1101
590
1103
1208
1106
595
1108
1109
599
1128
1114
607
1120
1124
1126
614
1127
616
617
618
615
1132
625
1214
630
1145
1148
1061
639
1152
1153
1154
619
644
1157
1158
1160
1130
1178
667
1181
1028
671
672
673
1186
1187
677
1190
679
1192
1193
682
683
1196
1197
686
1199
1200
1202
691
1204
1205
1206
1207
696
1209
1210
1211
701
702
1215
704
1217
1218
1219
1220
1142
713
714
1227
1230
721
1235
1236
1237
1241
1242
732
735
740
637
1320
754
1151
1288
1155
1156
1319
808
1322
1324
1328
1329
1247
1221
851
1252
1216
909
924
1182
1225
1183
959
1184
1185
1226
1189
993
995
997
1191
1011
1194
1022
1023
