[]
513
1538
1027
1028
518
1025
1032
1035
1036
1038
1551
1040
1556
1562
1563
1564
1053
1566
1567
1568
1057
1570
1571
1572
1061
1062
1063
1576
1577
1066
1067
1581
1582
1071
1584
1585
1074
1587
1076
1589
1591
1119
1599
1601
1602
1547
1604
1605
1608
1609
1610
1611
1614
595
1537
607
1124
1126
615
616
617
619
1128
1142
637
1151
1152
1154
1158
1160
1167
1505
1542
671
672
1185
1186
1189
679
1192
682
1195
1196
1197
686
1200
1202
691
1207
1214
704
1218
1220
630
714
721
1236
1240
732
735
1252
1258
1575
754
639
1578
1579
1509
1296
1583
1322
1586
1328
1335
1588
1503
1349
1351
1353
1355
1357
1359
1360
1507
1364
1366
740
1370
1374
1375
1376
1377
1379
1381
1383
1384
1385
1394
1407
1408
1415
1417
1419
909
1422
1603
1434
1435
924
1436
1458
1523
1183
1484
1487
1492
1496
1497
1499
1500
1501
1502
677
1504
993
1506
995
1508
997
1510
1513
1516
1518
1011
1524
1534
1528
1529
1530
1535
1532
1533
1022
1023
