[]
1027
1028
1031
1036
1037
1047
1048
1055
1059
1062
1070
1076
1083
1084
1085
1091
1092
1093
1096
1097
1102
1103
1106
595
1111
1117
607
1123
1128
1131
1142
1144
1145
1148
1149
1150
1154
619
1156
1161
1165
1167
1169
1170
1174
1175
1179
1181
1182
673
1186
1190
1195
684
1197
686
1199
1208
1210
1212
701
704
1219
1223
713
1231
632
1235
1238
1239
1244
1247
1251
1253
1257
1258
749
1263
1265
1270
1321
1278
1279
1284
1285
1287
1289
1295
1297
1302
1303
1305
1306
1307
1308
1309
1313
732
1322
1323
1326
1329
1331
735
830
851
909
924
932
585
995
1011
1016
1023
