[]
1024
513
2
516
518
519
1032
1035
1026
1038
1040
1041
1194
537
1050
1052
1053
1054
1056
1057
1058
549
1063
1064
1065
1066
1067
1068
1071
1072
1074
1203
1077
1078
1079
1080
1081
1082
1086
1087
576
1089
1090
1025
1094
1095
586
1099
1100
589
590
1104
1108
1109
1110
599
1112
1113
1114
1115
1116
605
1118
1119
1120
1121
610
1124
1126
614
615
616
617
618
1127
1132
625
1140
1214
630
1147
637
639
1152
1153
1155
644
1157
1158
1160
1162
1163
1164
1168
659
1172
1130
1176
1177
666
667
671
672
1185
1187
677
679
1192
1193
682
683
1196
1198
1200
1202
691
1204
1205
1206
1207
696
697
698
1211
700
1213
702
1215
1216
1217
1218
1220
1221
1224
1225
714
1227
1228
1229
1230
1232
721
1234
1236
1237
1240
1241
1030
1243
1245
1061
1249
1250
740
1254
1233
1256
1259
1262
752
1320
754
1271
1273
1274
1151
1276
1280
1282
1288
1290
1291
1292
1293
1294
1296
1298
1299
1304
1242
1310
1311
1312
1314
1315
1317
1318
1319
808
1324
1328
1332
1252
1255
1171
1173
1088
1178
1264
1122
1266
1183
959
1184
1101
1226
1209
1189
993
1275
997
1191
1014
1020
1021
1022
