[]
1536
1024
1538
1539
516
1541
1542
1031
1545
1038
1551
1552
1556
1047
1048
1562
1563
1565
1054
1568
1570
1571
1064
1577
1578
1579
1068
1581
1071
1586
1459
1077
1078
1079
1080
1081
1084
1085
1086
1089
1090
1091
1093
1094
1095
1096
1097
1099
1100
1102
1103
1106
1111
1113
1115
1116
1117
1118
1119
1120
1121
1123
1124
1126
1128
1130
1132
1214
1144
1149
1155
644
1160
1162
1164
1165
1167
1169
1170
1171
1172
1173
1174
1175
1176
1179
672
1193
1195
686
1203
1205
1213
702
1217
1224
1226
1232
1233
1237
1240
1244
1580
1249
1251
1254
1256
1257
1258
749
1262
1263
1264
1265
1065
1270
1271
1274
1275
1276
1278
1284
1285
1287
1289
1290
1293
1295
1297
1298
1299
1302
1304
1305
1306
1583
1308
1310
1311
1312
1313
1314
1317
1323
1074
1329
1333
1335
1336
1337
1338
1341
1589
1344
1346
1351
1352
1356
1357
1364
1365
1366
1593
1371
1374
1375
1377
1379
1381
1596
1391
1394
1397
1398
1399
1400
1401
1405
1406
1408
1410
1425
1426
1429
1430
1434
1438
1439
1440
1441
1445
1447
1449
1450
1451
1452
1453
1454
1456
1011
1460
1461
1464
1465
1466
1467
1468
1469
1473
1475
1476
1480
1483
1484
1486
1487
1490
1491
1529
1500
1501
1502
1505
1508
1511
1512
1513
1514
1517
1523
1525
1014
1527
1534
1530
1022
