[]
1024
516
1031
1111
1047
1048
1054
1064
1065
1068
1077
1078
1079
1080
1081
1084
1085
1086
1089
1090
1091
1093
1094
1095
1096
1097
1099
1100
1102
1103
1106
599
1113
1115
1116
1117
1118
1120
1121
1123
1130
1132
1144
1149
1155
644
618
1162
1163
1164
1165
1169
1170
1171
1172
1173
1174
1175
1176
1179
1193
1194
1203
1205
1211
1213
702
1216
1217
1224
1226
1232
1233
1237
1244
1249
1251
1254
1256
1257
749
1262
1263
1264
1265
1270
1271
1274
1275
1276
1278
1284
1285
1287
1289
1290
1293
1295
1297
1298
1299
1302
1304
1305
1306
1308
1310
1311
1312
1313
1314
1317
1323
1329
959
1014
