[]
1025
1027
516
518
1032
1035
1036
1038
1028
1567
1057
1061
1062
1063
1071
1584
1585
1459
1076
1090
1099
1102
595
1116
1118
607
1123
1124
1126
615
616
618
619
1213
1214
1142
1149
1158
1160
1162
1171
1173
1174
1175
1176
1179
671
1189
1192
1194
1197
1205
714
702
637
704
630
1226
1233
1236
1240
732
735
1252
1258
749
1263
1265
754
1274
1276
1278
1287
1289
1297
1298
1304
1305
1306
1310
1328
1333
1335
1337
1341
1344
1353
1359
1360
1366
1381
1385
1391
1400
1401
1407
1408
1410
1417
909
1429
1430
1434
924
1440
1445
1450
1451
1452
1453
1458
1011
1460
1461
1464
1183
1468
1469
959
1475
1480
1483
1486
1497
995
997
1516
1533
1523
1525
1534
682
1022
