seguro?	http://maps.googleapis.com/maps/api/streetview?size=470x306&location=45.407532%2C-75.685099&heading=335&pitch=0&sensor=false	6.0667200733	6.06672007329902  6.06672007329902  6.06672007329902  6.06672007329902  6.06672007329902  6.06672007329902  6.06672007329902  6.06672007329902  6.06672007329902  6.06672007329902
seguro?	http://maps.googleapis.com/maps/api/streetview?size=470x306&location=45.392061%2C-75.752022&heading=164&pitch=0&sensor=false	4.77913051262	4.779130512620949  4.779130512620949  4.779130512620949  4.779130512620949  4.779130512620949  4.779130512620949  4.779130512620949  4.779130512620949  4.779130512620949  4.779130512620949
seguro?	http://maps.googleapis.com/maps/api/streetview?size=470x306&location=45.396075%2C-75.741366&heading=71&pitch=0&sensor=false	5.70869869653	5.7086986965276445  5.7086986965276445  5.7086986965276445  5.7086986965276445  5.7086986965276445  5.7086986965276445  5.7086986965276445  5.7086986965276445  5.7086986965276445  5.7086986965276445
seguro?	http://maps.googleapis.com/maps/api/streetview?size=470x306&location=45.393991%2C-75.751181&heading=348&pitch=0&sensor=false	5.70581843849	5.705818438486506  5.705818438486506  5.705818438486506  5.705818438486506  5.705818438486506  5.705818438486506  5.705818438486506  5.705818438486506  5.705818438486506  5.705818438486506
seguro?	http://maps.googleapis.com/maps/api/streetview?size=470x306&location=45.405044%2C-75.687629&heading=247&pitch=0&sensor=false	5.28987960184	5.289879601835963  5.289879601835963  5.289879601835963  5.289879601835963  5.289879601835963  5.289879601835963  5.289879601835963  5.289879601835963  5.289879601835963  5.289879601835963
seguro?	http://maps.googleapis.com/maps/api/streetview?size=470x306&location=45.395474%2C-75.753893&heading=291&pitch=0&sensor=false	3.56623446725	3.5662344672461876  3.5662344672461876  3.5662344672461876  3.5662344672461876  3.5662344672461876  3.5662344672461876  3.5662344672461876  3.5662344672461876  3.5662344672461876  3.5662344672461876
seguro?	http://maps.googleapis.com/maps/api/streetview?size=470x306&location=45.392011%2C-75.756122&heading=53&pitch=0&sensor=false	2.12616717552	2.126167175522181  2.126167175522181  2.126167175522181  2.126167175522181  2.126167175522181  2.126167175522181  2.126167175522181  2.126167175522181  2.126167175522181  2.126167175522181
seguro?	http://maps.googleapis.com/maps/api/streetview?size=470x306&location=45.398491%2C-75.692398&heading=111&pitch=0&sensor=false	6.21394568624	6.213945686236707  6.213945686236707  6.213945686236707  6.213945686236707  6.213945686236707  6.213945686236707  6.213945686236707  6.213945686236707  6.213945686236707  6.213945686236707
seguro?	http://maps.googleapis.com/maps/api/streetview?size=470x306&location=45.40518%2C-75.691715&heading=266&pitch=0&sensor=false	6.19217673165	6.192176731650416  6.192176731650416  6.192176731650416  6.192176731650416  6.192176731650416  6.192176731650416  6.192176731650416  6.192176731650416  6.192176731650416  6.192176731650416
seguro?	http://maps.googleapis.com/maps/api/streetview?size=470x306&location=45.400871%2C-75.694369&heading=137&pitch=0&sensor=false	5.82727012589	5.827270125886613  5.827270125886613  5.827270125886613  5.827270125886613  5.827270125886613  5.827270125886613  5.827270125886613  5.827270125886613  5.827270125886613  5.827270125886613
seguro?	http://maps.googleapis.com/maps/api/streetview?size=470x306&location=45.401989%2C-75.686807&heading=335&pitch=0&sensor=false	3.76179996188	3.761799961877361  3.761799961877361  3.761799961877361  3.761799961877361  3.761799961877361  3.761799961877361  3.761799961877361  3.761799961877361  3.761799961877361  3.761799961877361
seguro?	http://maps.googleapis.com/maps/api/streetview?size=470x306&location=45.404403%2C-75.684399&heading=149&pitch=0&sensor=false	4.33812184919	4.338121849193981  4.338121849193981  4.338121849193981  4.338121849193981  4.338121849193981  4.338121849193981  4.338121849193981  4.338121849193981  4.338121849193981  4.338121849193981
seguro?	http://maps.googleapis.com/maps/api/streetview?size=470x306&location=45.403425%2C-75.693737&heading=224&pitch=0&sensor=false	6.62264366754	6.622643667535308  6.622643667535308  6.622643667535308  6.622643667535308  6.622643667535308  6.622643667535308  6.622643667535308  6.622643667535308  6.622643667535308  6.622643667535308
seguro?	http://maps.googleapis.com/maps/api/streetview?size=470x306&location=45.391407%2C-75.757486&heading=303&pitch=0&sensor=false	4.22563429267	4.225634292674065  4.225634292674065  4.225634292674065  4.225634292674065  4.225634292674065  4.225634292674065  4.225634292674065  4.225634292674065  4.225634292674065  4.225634292674065
seguro?	http://maps.googleapis.com/maps/api/streetview?size=470x306&location=45.394838%2C-75.753158&heading=50&pitch=0&sensor=false	1.94366371189	1.9436637118894229  1.9436637118894229  1.9436637118894229  1.9436637118894229  1.9436637118894229  1.9436637118894229  1.9436637118894229  1.9436637118894229  1.9436637118894229  1.9436637118894229
seguro?	http://maps.googleapis.com/maps/api/streetview?size=470x306&location=45.403926%2C-75.69032&heading=105&pitch=0&sensor=false	5.23208248627	5.232082486274953  5.232082486274953  5.232082486274953  5.232082486274953  5.232082486274953  5.232082486274953  5.232082486274953  5.232082486274953  5.232082486274953  5.232082486274953
seguro?	http://maps.googleapis.com/maps/api/streetview?size=470x306&location=45.404777%2C-75.693229&heading=267&pitch=0&sensor=false	5.76501227817	5.765012278170174  5.765012278170174  5.765012278170174  5.765012278170174  5.765012278170174  5.765012278170174  5.765012278170174  5.765012278170174  5.765012278170174  5.765012278170174
seguro?	http://maps.googleapis.com/maps/api/streetview?size=470x306&location=45.405474%2C-75.688866&heading=149&pitch=0&sensor=false	5.30454527677	5.304545276770806  5.304545276770806  5.304545276770806  5.304545276770806  5.304545276770806  5.304545276770806  5.304545276770806  5.304545276770806  5.304545276770806  5.304545276770806
seguro?	http://maps.googleapis.com/maps/api/streetview?size=470x306&location=45.393093%2C-75.751629&heading=154&pitch=0&sensor=false	2.37135042925	2.371350429254841  2.371350429254841  2.371350429254841  2.371350429254841  2.371350429254841  2.371350429254841  2.371350429254841  2.371350429254841  2.371350429254841  2.371350429254841
seguro?	http://maps.googleapis.com/maps/api/streetview?size=470x306&location=45.398874%2C-75.69441&heading=226&pitch=0&sensor=false	5.66176130037	5.661761300370691  5.661761300370691  5.661761300370691  5.661761300370691  5.661761300370691  5.661761300370691  5.661761300370691  5.661761300370691  5.661761300370691  5.661761300370691
seguro?	http://maps.googleapis.com/maps/api/streetview?size=470x306&location=45.400384%2C-75.690752&heading=160&pitch=0&sensor=false	6.11123578816	6.111235788157873  6.111235788157873  6.111235788157873  6.111235788157873  6.111235788157873  6.111235788157873  6.111235788157873  6.111235788157873  6.111235788157873  6.111235788157873
seguro?	http://maps.googleapis.com/maps/api/streetview?size=470x306&location=45.402118%2C-75.699111&heading=73&pitch=0&sensor=false	6.92162523006	6.921625230061762  6.921625230061762  6.921625230061762  6.921625230061762  6.921625230061762  6.921625230061762  6.921625230061762  6.921625230061762  6.921625230061762  6.921625230061762
seguro?	http://maps.googleapis.com/maps/api/streetview?size=470x306&location=45.403409%2C-75.685429&heading=97&pitch=0&sensor=false	5.41342668299	5.4134266829866124  5.4134266829866124  5.4134266829866124  5.4134266829866124  5.4134266829866124  5.4134266829866124  5.4134266829866124  5.4134266829866124  5.4134266829866124  5.4134266829866124
seguro?	http://maps.googleapis.com/maps/api/streetview?size=470x306&location=45.393185%2C-75.755233&heading=128&pitch=0&sensor=false	2.63647159861	2.636471598607007  2.636471598607007  2.636471598607007  2.636471598607007  2.636471598607007  2.636471598607007  2.636471598607007  2.636471598607007  2.636471598607007  2.636471598607007
seguro?	http://maps.googleapis.com/maps/api/streetview?size=470x306&location=45.405704%2C-75.686009&heading=252&pitch=0&sensor=false	6.39685672515	6.3968567251462  6.3968567251462  6.3968567251462  6.3968567251462  6.3968567251462  6.3968567251462  6.3968567251462  6.3968567251462  6.3968567251462  6.3968567251462
seguro?	http://maps.googleapis.com/maps/api/streetview?size=470x306&location=45.395775%2C-75.752249&heading=312&pitch=0&sensor=false	1.61675005587	1.6167500558693324  1.6167500558693324  1.6167500558693324  1.6167500558693324  1.6167500558693324  1.6167500558693324  1.6167500558693324  1.6167500558693324  1.6167500558693324  1.6167500558693324
seguro?	http://maps.googleapis.com/maps/api/streetview?size=470x306&location=45.39392%2C-75.753566&heading=135&pitch=0&sensor=false	4.46911467954	4.469114679535032  4.469114679535032  4.469114679535032  4.469114679535032  4.469114679535032  4.469114679535032  4.469114679535032  4.469114679535032  4.469114679535032  4.469114679535032
seguro?	http://maps.googleapis.com/maps/api/streetview?size=470x306&location=45.40713%2C-75.686962&heading=114&pitch=0&sensor=false	4.94223443224	4.942234432242388  4.942234432242388  4.942234432242388  4.942234432242388  4.942234432242388  4.942234432242388  4.942234432242388  4.942234432242388  4.942234432242388  4.942234432242388
seguro?	http://maps.googleapis.com/maps/api/streetview?size=470x306&location=45.406472%2C-75.68853&heading=62&pitch=0&sensor=false	4.2676229483	4.267622948302128  4.267622948302128  4.267622948302128  4.267622948302128  4.267622948302128  4.267622948302128  4.267622948302128  4.267622948302128  4.267622948302128  4.267622948302128
seguro?	http://maps.googleapis.com/maps/api/streetview?size=470x306&location=45.403459%2C-75.683227&heading=59&pitch=0&sensor=false	4.08185201758	4.0818520175828885  4.0818520175828885  4.0818520175828885  4.0818520175828885  4.0818520175828885  4.0818520175828885  4.0818520175828885  4.0818520175828885  4.0818520175828885  4.0818520175828885
seguro?	http://maps.googleapis.com/maps/api/streetview?size=470x306&location=45.393889%2C-75.755539&heading=98&pitch=0&sensor=false	4.1540876335	4.154087633499398  4.154087633499398  4.154087633499398  4.154087633499398  4.154087633499398  4.154087633499398  4.154087633499398  4.154087633499398  4.154087633499398  4.154087633499398
seguro?	http://maps.googleapis.com/maps/api/streetview?size=470x306&location=45.396306%2C-75.742729&heading=124&pitch=0&sensor=false	4.50154956974	4.501549569740882  4.501549569740882  4.501549569740882  4.501549569740882  4.501549569740882  4.501549569740882  4.501549569740882  4.501549569740882  4.501549569740882  4.501549569740882
seguro?	http://maps.googleapis.com/maps/api/streetview?size=470x306&location=45.398705%2C-75.695322&heading=180&pitch=0&sensor=false	5.55746856247	5.557468562473723  5.557468562473723  5.557468562473723  5.557468562473723  5.557468562473723  5.557468562473723  5.557468562473723  5.557468562473723  5.557468562473723  5.557468562473723
seguro?	http://maps.googleapis.com/maps/api/streetview?size=470x306&location=45.392422%2C-75.750278&heading=22&pitch=0&sensor=false	4.39153019395	4.391530193948924  4.391530193948924  4.391530193948924  4.391530193948924  4.391530193948924  4.391530193948924  4.391530193948924  4.391530193948924  4.391530193948924  4.391530193948924
seguro?	http://maps.googleapis.com/maps/api/streetview?size=470x306&location=45.408217%2C-75.683456&heading=348&pitch=0&sensor=false	5.65182932822	5.651829328222517  5.651829328222517  5.651829328222517  5.651829328222517  5.651829328222517  5.651829328222517  5.651829328222517  5.651829328222517  5.651829328222517  5.651829328222517
seguro?	http://maps.googleapis.com/maps/api/streetview?size=470x306&location=45.397964%2C-75.744222&heading=149&pitch=0&sensor=false	7.93632814124	7.936328141243003  7.936328141243003  7.936328141243003  7.936328141243003  7.936328141243003  7.936328141243003  7.936328141243003  7.936328141243003  7.936328141243003  7.936328141243003
seguro?	http://maps.googleapis.com/maps/api/streetview?size=470x306&location=45.393626%2C-75.745777&heading=88&pitch=0&sensor=false	5.67922132501	5.679221325009509  5.679221325009509  5.679221325009509  5.679221325009509  5.679221325009509  5.679221325009509  5.679221325009509  5.679221325009509  5.679221325009509  5.679221325009509
seguro?	http://maps.googleapis.com/maps/api/streetview?size=470x306&location=45.401575%2C-75.698276&heading=223&pitch=0&sensor=false	4.27071982789	4.2707198278921705  4.2707198278921705  4.2707198278921705  4.2707198278921705  4.2707198278921705  4.2707198278921705  4.2707198278921705  4.2707198278921705  4.2707198278921705  4.2707198278921705
seguro?	http://maps.googleapis.com/maps/api/streetview?size=470x306&location=45.395002%2C-75.747704&heading=141&pitch=0&sensor=false	3.90941666666	3.909416666664063  3.909416666664063  3.909416666664063  3.909416666664063  3.909416666664063  3.909416666664063  3.909416666664063  3.909416666664063  3.909416666664063  3.909416666664063
seguro?	http://maps.googleapis.com/maps/api/streetview?size=470x306&location=45.400765%2C-75.68975&heading=235&pitch=0&sensor=false	4.22263506904	4.222635069035998  4.222635069035998  4.222635069035998  4.222635069035998  4.222635069035998  4.222635069035998  4.222635069035998  4.222635069035998  4.222635069035998  4.222635069035998
seguro?	http://maps.googleapis.com/maps/api/streetview?size=470x306&location=45.392716%2C-75.756368&heading=354&pitch=0&sensor=false	4.27492310942	4.274923109417434  4.274923109417434  4.274923109417434  4.274923109417434  4.274923109417434  4.274923109417434  4.274923109417434  4.274923109417434  4.274923109417434  4.274923109417434
seguro?	http://maps.googleapis.com/maps/api/streetview?size=470x306&location=45.394188%2C-75.745251&heading=93&pitch=0&sensor=false	6.57848681533	6.578486815328921  6.578486815328921  6.578486815328921  6.578486815328921  6.578486815328921  6.578486815328921  6.578486815328921  6.578486815328921  6.578486815328921  6.578486815328921
seguro?	http://maps.googleapis.com/maps/api/streetview?size=470x306&location=45.406133%2C-75.687228&heading=327&pitch=0&sensor=false	6.67005746211	6.670057462112968  6.670057462112968  6.670057462112968  6.670057462112968  6.670057462112968  6.670057462112968  6.670057462112968  6.670057462112968  6.670057462112968  6.670057462112968
seguro?	http://maps.googleapis.com/maps/api/streetview?size=470x306&location=45.394668%2C-75.75424&heading=143&pitch=0&sensor=false	6.39336398128	6.393363981281386  6.393363981281386  6.393363981281386  6.393363981281386  6.393363981281386  6.393363981281386  6.393363981281386  6.393363981281386  6.393363981281386  6.393363981281386
seguro?	http://maps.googleapis.com/maps/api/streetview?size=470x306&location=45.396747%2C-75.748916&heading=100&pitch=0&sensor=false	6.35281194172	6.352811941718031  6.352811941718031  6.352811941718031  6.352811941718031  6.352811941718031  6.352811941718031  6.352811941718031  6.352811941718031  6.352811941718031  6.352811941718031
seguro?	http://maps.googleapis.com/maps/api/streetview?size=470x306&location=45.390463%2C-75.754744&heading=195&pitch=0&sensor=false	5.649005815	5.649005814997718  5.649005814997718  5.649005814997718  5.649005814997718  5.649005814997718  5.649005814997718  5.649005814997718  5.649005814997718  5.649005814997718  5.649005814997718
seguro?	http://maps.googleapis.com/maps/api/streetview?size=470x306&location=45.395497%2C-75.746815&heading=139&pitch=0&sensor=false	4.19612731848	4.19612731848284  4.19612731848284  4.19612731848284  4.19612731848284  4.19612731848284  4.19612731848284  4.19612731848284  4.19612731848284  4.19612731848284  4.19612731848284
seguro?	http://maps.googleapis.com/maps/api/streetview?size=470x306&location=45.399526%2C-75.690147&heading=42&pitch=0&sensor=false	4.98757611911	4.9875761191120676  4.9875761191120676  4.9875761191120676  4.9875761191120676  4.9875761191120676  4.9875761191120676  4.9875761191120676  4.9875761191120676  4.9875761191120676  4.9875761191120676
