seguro?	http://maps.googleapis.com/maps/api/streetview?size=470x306&location=40.013426%2C-83.000209&heading=187&pitch=-9&sensor=false	5.71319782945	5.713197829449074  5.713197829449074  5.713197829449074  5.713197829449074  5.713197829449074  5.713197829449074  5.713197829449074  5.713197829449074  5.713197829449074  5.713197829449074
seguro?	http://maps.googleapis.com/maps/api/streetview?size=470x306&location=39.998041%2C-83.006831&heading=349&pitch=-2&sensor=false	3.48501118882	3.485011188818222  3.485011188818222  3.485011188818222  3.485011188818222  3.485011188818222  3.485011188818222  3.485011188818222  3.485011188818222  3.485011188818222  3.485011188818222
seguro?	http://maps.googleapis.com/maps/api/streetview?size=470x306&location=40.012102%2C-83.005494&heading=196&pitch=0&sensor=false	4.17582312226	4.175823122264538  4.175823122264538  4.175823122264538  4.175823122264538  4.175823122264538  4.175823122264538  4.175823122264538  4.175823122264538  4.175823122264538  4.175823122264538
seguro?	http://maps.googleapis.com/maps/api/streetview?size=470x306&location=40.012067%2C-83.011149&heading=43&pitch=-13&sensor=false	4.84627508619	4.846275086186006  4.846275086186006  4.846275086186006  4.846275086186006  4.846275086186006  4.846275086186006  4.846275086186006  4.846275086186006  4.846275086186006  4.846275086186006
seguro?	http://maps.googleapis.com/maps/api/streetview?size=470x306&location=39.999842%2C-83.003967&heading=82&pitch=-10&sensor=false	5.53618433745	5.536184337453249  5.536184337453249  5.536184337453249  5.536184337453249  5.536184337453249  5.536184337453249  5.536184337453249  5.536184337453249  5.536184337453249  5.536184337453249
seguro?	http://maps.googleapis.com/maps/api/streetview?size=470x306&location=39.992271%2C-83.00534&heading=299&pitch=-1&sensor=false	4.83724202929	4.837242029286584  4.837242029286584  4.837242029286584  4.837242029286584  4.837242029286584  4.837242029286584  4.837242029286584  4.837242029286584  4.837242029286584  4.837242029286584
seguro?	http://maps.googleapis.com/maps/api/streetview?size=470x306&location=40.010143%2C-83.010867&heading=242&pitch=0&sensor=false	5.03754477944	5.03754477944398  5.03754477944398  5.03754477944398  5.03754477944398  5.03754477944398  5.03754477944398  5.03754477944398  5.03754477944398  5.03754477944398  5.03754477944398
seguro?	http://maps.googleapis.com/maps/api/streetview?size=470x306&location=39.995468%2C-83.000552&heading=62&pitch=-6&sensor=false	4.48493655081	4.4849365508125505  4.4849365508125505  4.4849365508125505  4.4849365508125505  4.4849365508125505  4.4849365508125505  4.4849365508125505  4.4849365508125505  4.4849365508125505  4.4849365508125505
seguro?	http://maps.googleapis.com/maps/api/streetview?size=470x306&location=40.002265%2C-83.007646&heading=170&pitch=-14&sensor=false	4.24119716317	4.241197163174061  4.241197163174061  4.241197163174061  4.241197163174061  4.241197163174061  4.241197163174061  4.241197163174061  4.241197163174061  4.241197163174061  4.241197163174061
seguro?	http://maps.googleapis.com/maps/api/streetview?size=470x306&location=40.008121%2C-83.011699&heading=266&pitch=0&sensor=false	5.63492828116	5.6349282811605494  5.6349282811605494  5.6349282811605494  5.6349282811605494  5.6349282811605494  5.6349282811605494  5.6349282811605494  5.6349282811605494  5.6349282811605494  5.6349282811605494
seguro?	http://maps.googleapis.com/maps/api/streetview?size=470x306&location=39.996653%2C-83.003455&heading=272&pitch=-6&sensor=false	5.31821649664	5.318216496644988  5.318216496644988  5.318216496644988  5.318216496644988  5.318216496644988  5.318216496644988  5.318216496644988  5.318216496644988  5.318216496644988  5.318216496644988
seguro?	http://maps.googleapis.com/maps/api/streetview?size=470x306&location=39.992748%2C-83.011021&heading=14&pitch=0&sensor=false	5.51486204591	5.514862045910369  5.514862045910369  5.514862045910369  5.514862045910369  5.514862045910369  5.514862045910369  5.514862045910369  5.514862045910369  5.514862045910369  5.514862045910369
seguro?	http://maps.googleapis.com/maps/api/streetview?size=470x306&location=39.996884%2C-83.006599&heading=358&pitch=-6&sensor=false	4.17138021979	4.171380219793899  4.171380219793899  4.171380219793899  4.171380219793899  4.171380219793899  4.171380219793899  4.171380219793899  4.171380219793899  4.171380219793899  4.171380219793899
seguro?	http://maps.googleapis.com/maps/api/streetview?size=470x306&location=39.991085%2C-83.01242&heading=2&pitch=0&sensor=false	5.4653477362	5.465347736202952  5.465347736202952  5.465347736202952  5.465347736202952  5.465347736202952  5.465347736202952  5.465347736202952  5.465347736202952  5.465347736202952  5.465347736202952
seguro?	http://maps.googleapis.com/maps/api/streetview?size=470x306&location=39.995718%2C-83.005881&heading=282&pitch=-10&sensor=false	5.08002442993	5.0800244299341815  5.0800244299341815  5.0800244299341815  5.0800244299341815  5.0800244299341815  5.0800244299341815  5.0800244299341815  5.0800244299341815  5.0800244299341815  5.0800244299341815
seguro?	http://maps.googleapis.com/maps/api/streetview?size=470x306&location=40.008655%2C-83.000544&heading=90&pitch=-3&sensor=false	4.67697882659	4.6769788265941115  4.6769788265941115  4.6769788265941115  4.6769788265941115  4.6769788265941115  4.6769788265941115  4.6769788265941115  4.6769788265941115  4.6769788265941115  4.6769788265941115
seguro?	http://maps.googleapis.com/maps/api/streetview?size=470x306&location=39.993484%2C-83.006175&heading=52&pitch=-8&sensor=false	5.45639223092	5.456392230923918  5.456392230923918  5.456392230923918  5.456392230923918  5.456392230923918  5.456392230923918  5.456392230923918  5.456392230923918  5.456392230923918  5.456392230923918
seguro?	http://maps.googleapis.com/maps/api/streetview?size=470x306&location=39.994965%2C-83.010858&heading=99&pitch=-12&sensor=false	5.3737475606	5.373747560599835  5.373747560599835  5.373747560599835  5.373747560599835  5.373747560599835  5.373747560599835  5.373747560599835  5.373747560599835  5.373747560599835  5.373747560599835
seguro?	http://maps.googleapis.com/maps/api/streetview?size=470x306&location=39.992082%2C-83.01089&heading=98&pitch=0&sensor=false	5.39332107092	5.393321070923773  5.393321070923773  5.393321070923773  5.393321070923773  5.393321070923773  5.393321070923773  5.393321070923773  5.393321070923773  5.393321070923773  5.393321070923773
seguro?	http://maps.googleapis.com/maps/api/streetview?size=470x306&location=40.004948%2C-83.001861&heading=216&pitch=0&sensor=false	4.80818791951	4.808187919507006  4.808187919507006  4.808187919507006  4.808187919507006  4.808187919507006  4.808187919507006  4.808187919507006  4.808187919507006  4.808187919507006  4.808187919507006
