[]
1536
513
516
518
1537
1036
1038
1040
1053
1057
1061
1063
1066
1067
1071
1584
1585
1586
1084
1085
1090
1091
1025
585
586
1615
1616
595
1620
1621
599
1295
1116
1118
1119
1123
1124
1637
1126
615
1128
617
618
619
1142
631
1149
639
1152
1216
1162
1163
1165
1167
1169
1170
1171
1172
1173
1174
1175
1176
1179
1183
672
1185
677
1192
1193
1194
1197
1205
1211
714
1214
637
704
1221
710
1224
1226
1233
1236
1237
1240
732
1249
1252
1254
721
1256
1257
1258
749
1262
1263
1265
754
1270
1275
1285
1287
1289
1293
1325
1297
1298
1299
1302
1305
1306
1308
1310
1312
1314
1317
1322
1074
1335
1337
1338
1360
1391
1399
1401
1405
1407
1410
1415
1417
909
1425
1429
1430
1434
1435
924
1440
1441
1445
1449
1452
1454
1456
1458
1459
1460
1461
1464
1465
1466
1467
1468
1469
959
1475
1496
1497
1189
993
995
997
630
1619
1011
1534
