[]
513
1538
1027
516
1366
1542
1537
1032
1545
1547
1036
1038
1551
1040
1556
1369
1028
1562
1563
1564
1053
1566
1567
1568
1057
1571
1572
1061
1062
1063
1576
1577
1066
1067
1581
1582
1071
1584
1585
1586
1587
1076
1589
1591
1600
1601
1602
1035
1604
1605
1607
1608
585
586
1611
1614
1103
1616
1618
595
1620
1621
599
1625
1626
1627
1628
607
1632
1124
1637
1126
615
1128
617
618
619
1213
616
1214
1142
959
637
639
1152
1216
1154
644
1158
1160
671
672
1185
1186
677
679
1192
1193
682
1195
1196
1197
686
1565
1200
1202
691
1205
1207
1211
714
702
704
1217
1218
1220
1221
710
518
721
1236
1237
732
735
740
1575
754
1151
1578
1579
1509
1325
1583
1322
1074
1328
1588
1226
1349
993
1353
1355
1356
1357
1359
1360
995
1025
1252
1370
1373
1375
1376
1377
1379
1381
1383
1384
1385
1394
1090
1407
1408
1189
1415
1417
1419
909
1422
1603
1434
1435
924
1458
1011
1609
1183
1610
1013
1106
1484
1486
1487
1492
1529
1496
1497
1499
1500
1501
1503
1504
1505
1506
1507
1508
997
1510
1513
1514
1516
630
1518
1533
1619
1523
1524
1525
1014
1528
1534
1530
1023
1532
1194
1022
1535
