[]
513
1027
1028
518
1537
1032
1547
1036
1040
1369
1564
1053
1566
1567
1057
1572
1061
1062
1063
1576
1066
1067
1582
1584
1585
1587
1076
1591
1599
1601
1035
1025
585
586
1611
1614
1616
1618
595
1620
1621
599
1625
1626
1627
1628
607
615
616
617
618
619
1142
637
639
1152
1216
1154
1158
1163
671
1185
1186
677
679
1192
682
1196
1197
1200
1202
691
1207
1211
704
1218
1220
1221
710
714
721
1236
732
735
740
1575
754
1151
1296
1322
1325
1328
1588
1349
1353
1355
1359
1360
1507
1252
1370
1373
997
1376
1383
1384
1385
1407
1189
1415
1417
1419
909
1422
1603
1435
1436
924
1458
1183
1610
959
1528
1492
1496
1497
1499
1503
1504
993
1506
995
1509
1510
1516
630
1518
1533
1619
1524
1016
1023
1532
1194
1535
