[]
513
1538
1027
1028
1366
518
1537
1032
1547
1036
1038
1551
1040
1556
1562
1563
1564
1053
1566
1567
1568
1057
1570
1571
1572
1061
1062
1063
1576
1577
1066
1067
1581
1582
1071
1584
1585
1586
1587
1076
1589
1591
607
1599
1601
1602
1035
1604
1605
1608
585
586
1611
1614
1616
1618
595
1620
1621
1625
1626
1627
1628
1119
1632
1124
1637
1126
615
1128
617
619
616
1142
631
637
639
1152
1154
993
1158
1160
1167
671
672
1185
1186
677
679
1192
682
1195
1196
1197
686
1200
1202
691
1207
1214
704
1218
1220
1221
710
714
721
1236
1240
732
735
740
1542
1575
754
997
1578
1579
1151
1296
1583
1322
1074
1328
1335
1588
1349
1351
1353
1355
1357
1359
1360
995
1364
1025
1252
1370
1374
1375
1376
1377
1379
1381
1383
1384
1385
1394
1258
1407
1408
1189
1415
1417
1419
909
1422
1603
1434
1435
1436
924
1458
1011
1609
1183
1610
1484
1487
1492
1529
1496
1497
1499
1500
1501
1502
1503
1504
1505
1506
1507
1508
1509
1510
1513
1516
630
1518
1619
1523
1524
1013
1528
1534
1530
1023
1532
1533
1022
1535
