[]
1537
1027
1028
518
1025
1032
1547
1040
1562
1053
1566
1567
1057
1572
1061
1062
1063
1067
1071
1584
1585
1587
1076
1591
1599
1601
1090
1035
585
1610
1611
1614
1103
1616
1618
595
1621
1625
1626
1628
607
1632
615
616
617
619
630
637
639
1152
1158
1183
1185
677
679
1192
682
1197
1200
691
1205
1207
704
1218
1220
1221
710
714
721
1236
732
735
740
1575
1151
1328
1588
1349
1353
1359
1360
1507
1370
997
1376
1383
1384
1394
1407
1415
909
1603
1434
1458
1523
1528
1496
1497
1499
1189
1504
993
995
1509
1516
1518
1533
1619
1524
1016
1023
1532
1142
1534
1535
