[]
2
513
516
518
519
523
537
549
576
586
589
590
599
605
610
611
614
615
616
617
618
625
630
631
637
639
644
659
666
667
671
672
677
679
682
683
691
696
697
698
700
702
714
721
740
752
754
808
959
993
997
1006
1013
1014
1020
1021
1022
1024
1025
1026
1030
1032
1035
1038
1040
1041
1050
1052
1053
1054
1056
1057
1058
1061
1063
1064
1065
1066
1067
1068
1071
1072
1074
1077
1078
1079
1080
1081
1082
1086
1087
1088
1089
1090
1094
1095
1098
1099
1100
1101
1104
1108
1109
1110
1112
1113
1114
1115
1116
1118
1119
1120
1121
1122
1124
1126
1127
1130
1132
1140
1147
1151
1152
1153
1155
1157
1158
1160
1162
1163
1164
1168
1171
1172
1173
1176
1177
1178
1183
1184
1185
1187
1189
1191
1192
1193
1194
1196
1198
1200
1202
1203
1204
1205
1206
1207
1209
1211
1213
1214
1215
1216
1217
1218
1220
1221
1224
1225
1226
1227
1228
1229
1230
1232
1233
1234
1236
1237
1240
1241
1242
1243
1245
1249
1250
1252
1254
1255
1256
1259
1262
1264
1266
1271
1273
1274
1275
1276
1280
1282
1288
1290
1291
1292
1293
1294
1296
1298
1299
1304
1310
1311
1312
1314
1315
1317
1318
1319
1320
1324
1328
1332
1335
1339
1344
1346
1347
1349
1350
1351
1352
1353
1355
1357
1359
1360
1393
1399
1400
1402
1403
1406
1407
1409
1411
1412
1413
1414
1415
1416
1417
1419
1423
1424
1425
1426
1428
1431
1432
1433
1434
1435
1440
1443
1445
1448
1454
1455
1456
1458
1467
1468
1470
1471
1472
1473
1480
1481
1483
1484
1485
1486
1487
1490
1492
1495
1496
1497
1498
1499
1500
1501
1502
1503
1505
1506
1508
1512
1514
1515
1516
1517
1518
1519
1520
1521
1522
1523
1524
1525
1527
1529
1530
1531
1532
1533
1534
1535
1536
1537
1538
1539
1540
1541
1545
1547
1548
1549
1554
1560
1563
1567
1571
1574
1576
1580
1581
1582
1583
1584
1585
1588
1589
1590
1592
1593
1594
1595
1596
1599
1600
1601
1602
1603
1604
1607
1609
1610
1614
1616
1618
1621
1622
1623
1624
1628
1629
1634
1635
1636
1637
1639
1641
1642
