[]
1536
1024
1539
516
1541
1031
1545
1111
1552
1047
1048
1565
1054
1064
1065
1068
1077
1078
1079
1080
1081
1084
1085
1086
1600
1089
1090
1091
1093
1606
1607
1096
1097
1099
1612
1102
1615
1106
599
1113
1115
1116
1117
1118
1120
1121
1123
618
1132
1144
1095
1130
1155
644
1162
1163
1164
1165
1169
1170
1171
1172
1173
1174
1175
1176
1179
1193
1194
1203
1205
1211
1213
702
1216
1217
1224
1226
1149
1232
1233
1237
1244
1249
1251
1254
1256
1257
749
1262
1263
1264
1265
1270
1271
1274
1275
1276
1278
1284
1285
1287
1289
1290
1293
1295
1297
1298
1299
1302
1304
1305
1306
1308
1310
1311
1312
1313
1314
1317
1323
1325
1329
1333
1336
1337
1338
1341
1344
1346
1352
1356
1365
1593
1369
1371
1373
1580
1596
1391
1397
1398
1399
1400
1401
1405
1406
1410
1425
1426
1429
1430
1438
1439
1440
1441
1094
1447
1449
1450
1451
1452
1453
1454
1456
1459
1460
1461
1464
1465
1466
1467
1468
1469
959
1473
1475
1476
1480
1100
1483
1486
1490
1491
1103
1445
1511
1512
1514
1517
1525
1014
1527
