[]
1080
1084
1085
1599
1089
1091
1093
1606
1099
1102
1615
1116
1118
1119
1123
631
1149
1162
1163
1165
1167
1169
1170
1171
1172
1173
1174
1175
1176
1179
1224
1233
1240
1244
1249
1254
1256
1257
1258
749
1262
1263
1265
1270
1274
1275
1276
1278
1284
1285
1287
1289
1293
1295
1296
1297
1298
1299
1302
1304
1305
1306
1308
1310
1312
1313
1314
1317
1333
1335
1337
1338
1341
1344
1351
1391
1397
1399
1400
1401
1405
1410
1425
1426
1429
1430
1436
1439
1440
1441
1445
1449
1450
1451
1452
1453
1454
1456
1459
1460
1461
1464
1465
1466
1467
1468
1469
1475
1480
1483
1490
1502
