Avenida_Assis_Chateaubriand__1334__0.jpg 1 3 2 6 3 2 3 3 4 1 1 3 3 5 3 2 3 5 3 4 2 5 4 4 5 2 5 2 6 4 0 5 7 7 3 1 6 4 5 3 2 4 3 0 5 1 2 7 2 3 2 3 3 4 4 2 4 4 3 6 0 1 7 1 3 2 0 5 0 1 0 0 0 2 0 0 1 0 6 3
Avenida_Assis_Chateaubriand__1334__180.jpg 2 2 3 6 2 2 3 3 5 2 1 3 5 2 3 1 3 5 2 3 0 7 6 6 2 1 7 2 4 3 2 2 7 5 5 3 2 6 5 7 4 2 5 5 4 1 3 6 3 3 1 2 1 7 5 1 6 2 4 3 0 1 7 0 5 0 0 0 0 1 1 0 0 7 1 0 1 0 5 3
Avenida_Barao_Rio_Branco__141_270.jpg 1 2 3 2 6 1 2 4 4 5 1 3 5 6 4 4 2 5 4 6 2 4 6 1 7 4 3 6 5 6 2 2 4 5 6 1 4 6 4 5 1 5 6 3 6 3 2 6 5 3 5 1 4 5 4 2 4 5 4 3 1 4 7 3 2 1 0 4 0 0 3 2 6 3 3 0 5 2 2 4
Avenida_Barao_Rio_Branco__141_90.jpg 1 3 2 3 6 1 0 0 3 3 5 1 2 2 3 1 2 5 3 5 2 4 2 4 6 1 3 3 6 6 5 2 6 4 4 3 4 3 3 5 2 5 5 4 5 3 4 5 5 5 4 2 6 5 6 3 3 3 6 5 0 6 2 2 5 1 3 3 3 4 4 2 5 4 3 0 1 2 7 2
Avenida_Dom_Pedro_II__119_270.jpg 3 3 3 3 5 0 4 4 6 4 1 4 5 3 3 0 3 7 0 2 2 2 4 4 6 2 5 2 5 5 1 4 4 3 5 5 4 6 3 5 3 4 5 3 6 5 4 5 3 5 1 5 5 4 6 2 5 3 7 5 0 4 5 1 4 1 4 5 0 3 1 0 0 3 1 1 1 0 1 2
Avenida_Dom_Pedro_II__119_90.jpg 1 2 2 6 4 0 5 0 3 1 3 3 3 2 4 5 1 3 3 5 4 4 5 6 4 2 5 2 7 3 3 3 6 7 4 2 4 3 1 4 2 3 4 1 3 1 2 7 5 4 2 3 5 5 6 5 3 3 4 6 1 4 5 3 5 0 0 0 0 1 3 3 2 3 2 2 5 2 6 4
Avenida_Dom_Pedro_II__500_270.jpg 2 0 0 1 1 0 0 1 1 1 0 2 3 1 4 0 2 0 0 4 3 2 3 3 3 1 3 1 1 3 0 6 1 3 5 0 7 0 2 2 4 4 5 2 4 1 3 5 6 3 5 3 2 6 6 4 3 3 6 3 0 1 4 2 4 0 0 0 2 0 1 3 2 4 6 0 4 4 5 6
Avenida_Dom_Pedro_II__500_90.jpg 2 2 3 0 1 0 2 0 0 2 0 3 5 2 3 0 2 6 1 4 4 3 3 3 6 2 2 0 3 4 4 6 5 3 4 3 6 2 3 4 3 4 6 3 5 2 3 4 4 3 4 4 3 4 3 4 2 5 5 2 0 2 0 0 1 0 0 0 0 0 0 2 0 4 4 3 5 4 5 3
Avenida_Prefeito_Severino_Bezerra_Cabral__218_0.jpg 3 2 6 5 7 3 2 5 6 7 2 4 5 2 3 0 3 3 1 4 3 2 5 5 7 2 3 5 5 7 1 4 6 6 4 2 5 6 4 5 3 2 5 6 3 1 4 2 4 3 0 4 2 3 3 0 6 1 4 1 3 4 2 1 4 2 2 5 3 6 0 1 2 3 2 0 1 0 0 0
Avenida_Prefeito_Severino_Bezerra_Cabral__218_90.jpg 3 2 2 4 3 1 5 1 0 3 1 2 0 0 3 1 4 6 4 5 5 5 4 1 3 0 6 5 4 5 3 4 6 3 4 1 5 4 3 5 2 6 2 3 3 0 6 0 2 3 0 5 3 2 1 1 5 6 3 3 0 1 0 0 0 0 1 2 0 2 1 2 5 2 4 0 3 4 4 6
Avenida_Presidente_Getulio_Vargas__210__0.jpg 1 3 3 5 3 3 4 3 6 2 6 1 4 1 4 4 0 6 2 6 1 6 4 1 3 2 3 1 4 2 5 2 4 5 5 4 1 5 0 6 5 2 3 4 2 5 3 5 4 3 4 1 4 4 5 6 0 2 2 3 1 5 6 4 3 4 1 7 3 5 3 0 1 4 3 1 1 1 6 4
Avenida_Presidente_Getulio_Vargas__210__180.jpg 1 2 0 4 5 4 1 2 6 6 4 3 5 3 2 4 2 3 3 5 4 0 0 0 0 4 2 4 5 5 5 4 5 3 4 2 4 5 5 6 2 0 0 0 0 5 1 3 2 5 2 4 5 6 5 2 5 5 6 5 3 0 4 3 2 5 1 4 0 5 3 1 3 6 4 0 5 2 6 6
Avenida_Presidente_Getulio_Vargas__271__270.jpg 0 6 3 6 4 0 2 2 0 3 1 3 4 3 4 1 3 5 7 6 1 5 4 0 3 2 4 4 6 5 2 5 5 4 4 3 3 6 6 6 2 3 4 4 4 3 3 6 4 6 2 1 4 5 3 3 5 3 5 4 1 3 4 2 5 0 2 5 1 3 0 2 3 1 0 1 3 0 3 3
Avenida_Presidente_Getulio_Vargas__271__90.jpg 3 3 2 5 7 0 5 2 3 2 0 6 0 2 3 2 5 5 2 3 0 6 1 3 4 1 6 0 4 2 1 4 5 3 2 4 3 5 3 6 3 4 5 5 4 2 3 4 2 4 1 2 3 4 2 1 4 3 6 5 2 4 7 2 6 1 0 1 3 4 0 0 0 0 0 0 2 0 4 2
Avenida_Presidente_Getulio_Vargas__395__270.jpg 0 6 1 6 5 2 2 2 3 7 0 2 2 1 1 0 0 3 1 3 2 4 2 4 6 4 3 6 3 6 2 4 6 6 4 5 3 6 1 5 4 3 6 0 4 4 4 6 3 4 2 3 3 3 4 1 3 3 5 3 1 3 6 4 4 0 3 5 0 4 0 0 2 0 0 1 1 1 7 1
Avenida_Presidente_Getulio_Vargas__395__90.jpg 0 0 0 2 1 1 0 0 1 2 0 0 0 0 0 1 2 5 0 3 3 4 5 4 3 0 4 5 7 6 3 1 2 6 5 3 5 5 4 4 3 2 2 5 4 2 4 7 5 4 2 3 3 4 4 4 4 3 6 5 1 4 3 2 4 0 1 5 1 3 0 0 0 3 0 2 6 2 5 4
Avenida_Presidente_Joao_Pessoa__128__180.jpg 3 2 6 5 7 2 4 3 6 5 1 4 3 4 4 1 4 5 2 2 4 3 6 5 5 3 3 6 5 5 1 5 4 3 5 1 6 5 3 4 3 5 5 3 5 4 4 6 4 4 2 5 3 3 4 1 5 3 1 3 1 4 4 2 5 0 4 6 0 4 0 1 4 0 2 0 1 0 0 0
Avenida_Presidente_Joao_Pessoa__128__90.jpg 1 2 2 3 2 4 2 2 3 5 2 3 5 5 5 1 2 7 3 7 1 6 2 5 3 4 5 3 3 5 4 4 6 4 4 4 2 3 7 6 1 5 4 3 5 2 4 3 5 5 2 5 5 5 5 2 5 4 4 5 0 1 0 1 2 0 1 1 7 4 1 4 1 7 6 0 4 2 4 5
Rua_Acre__635_270.jpg 3 3 2 3 3 0 0 0 0 0 2 4 6 5 3 1 4 6 4 1 5 4 5 4 5 2 4 5 4 4 6 4 6 3 3 0 7 4 1 2 4 4 6 2 4 1 2 2 2 3 3 3 1 6 4 1 7 0 1 1 1 2 4 3 4 2 0 2 3 4 0 2 1 1 5 0 3 2 6 5
Rua_Acre__635_90.jpg 1 2 3 4 6 3 1 0 5 3 1 2 2 2 3 0 4 5 1 3 3 3 4 5 6 0 2 4 5 6 3 2 3 3 5 0 3 5 3 4 3 4 6 3 4 1 2 5 4 3 3 4 3 6 3 5 3 4 4 4 0 4 4 3 3 1 1 1 3 4 1 0 1 2 3 0 4 3 5 4
Rua_Aluisio_Cunha_Linha__50__270.jpg 2 3 6 6 6 5 2 3 4 6 2 2 4 7 4 1 4 5 2 4 2 4 6 5 5 3 4 4 3 5 2 4 4 4 6 1 3 6 3 6 1 1 4 1 2 0 3 5 2 4 1 3 2 7 4 4 6 6 5 2 0 3 4 3 6 0 0 3 0 3 2 1 1 6 5 0 3 0 5 6
Rua_Aluisio_Cunha_Linha__50__90.jpg 3 3 4 2 7 1 3 5 5 5 2 5 5 3 6 3 2 5 5 7 4 4 5 6 5 2 4 2 6 4 1 5 5 7 4 0 7 4 2 3 4 4 5 1 6 0 3 7 1 5 3 2 4 6 5 0 0 1 2 0 1 3 5 3 6 1 1 4 1 6 0 0 0 1 4 0 2 0 4 5
Rua_Augusto_Severo__71_0.jpg 3 3 3 3 5 1 5 4 7 3 3 6 4 3 2 2 7 3 3 2 2 6 2 4 4 2 5 2 4 5 1 5 6 3 2 1 5 5 3 2 6 3 5 3 3 5 2 3 4 5 5 1 0 6 2 6 1 2 4 3 0 3 2 3 5 3 2 3 4 6 3 5 4 4 3 1 5 2 5 3
Rua_Augusto_Severo__71_90.jpg 1 1 0 6 7 0 2 3 3 4 1 5 5 5 4 0 1 0 2 1 2 5 4 4 5 4 3 2 4 6 2 4 4 4 5 2 4 6 3 6 4 3 4 3 3 3 4 6 3 6 2 3 3 5 6 4 4 4 4 5 0 2 5 2 5 3 1 6 2 7 2 0 0 3 1 1 4 0 3 7
Rua_Capitao_Joao_de_Sa__45__0.jpg 5 1 4 7 5 1 4 0 3 2 2 1 7 3 5 3 2 6 2 7 4 2 3 7 4 2 4 5 5 4 4 2 6 4 5 4 3 6 3 3 4 5 5 3 3 1 1 6 5 3 4 5 4 4 4 4 6 2 3 1 1 4 6 2 3 0 0 1 0 1 0 1 0 2 3 2 2 0 7 5
Rua_Capitao_Joao_de_Sa__45__180.jpg 1 2 2 7 5 0 0 2 2 0 1 1 5 2 3 3 3 7 2 4 2 5 3 6 5 1 4 4 5 5 2 5 2 6 5 3 4 6 4 3 4 4 5 6 3 2 2 4 3 4 1 5 3 4 6 3 5 5 5 5 1 3 6 2 4 0 0 1 0 0 1 2 0 4 4 4 3 6 6 5
Rua_Coronel_Salvino_Figueiredo__251_270.jpg 6 1 2 4 5 2 2 3 4 4 2 2 2 2 4 5 3 6 0 1 5 2 6 5 5 2 5 6 4 5 1 4 4 3 4 2 6 5 3 2 0 4 3 0 5 4 3 4 3 3 1 1 2 3 5 0 1 3 2 2 0 1 4 2 3 4 0 2 3 3 0 6 1 5 4 0 7 2 2 2
Rua_Coronel_Salvino_Figueiredo__251_90.jpg 1 5 0 4 4 5 1 3 3 2 2 3 4 3 2 3 2 6 1 1 1 6 1 6 5 5 5 2 3 3 0 7 3 3 3 0 6 5 1 4 1 2 4 2 2 5 2 2 6 4 1 5 2 4 4 1 6 4 3 4 1 6 6 1 4 1 2 5 3 6 0 2 0 5 4 1 6 0 6 5
Rua_Cristina_Procopio_da_Silva__62__270.jpg 1 3 2 5 5 4 1 2 4 3 2 2 6 1 5 2 3 6 5 6 1 5 4 4 5 3 2 7 6 4 1 3 3 6 7 4 1 2 6 6 0 5 4 2 6 1 2 6 1 4 2 4 4 6 3 3 2 5 6 6 2 3 6 6 5 2 1 0 2 6 1 2 1 3 5 4 2 4 5 7
Rua_Cristina_Procopio_da_Silva__62__90.jpg 0 1 1 2 4 1 4 6 4 2 3 4 5 4 6 1 6 2 6 5 1 3 2 5 5 1 4 4 6 5 3 1 5 6 7 1 5 6 3 6 4 4 4 6 3 1 3 6 4 3 3 3 5 4 4 3 5 3 2 3 0 4 7 2 6 0 2 4 2 5 1 1 3 1 6 1 4 5 4 7
Rua_Deputado_Ascendino_Moura__101__270.jpg 0 2 2 1 2 3 1 2 0 3 4 4 5 3 4 2 5 5 4 3 2 4 4 5 4 2 4 6 5 4 3 4 4 7 5 2 4 4 3 7 1 5 4 4 5 2 4 5 4 5 2 4 5 6 3 5 2 2 4 2 0 2 5 6 6 0 3 6 2 5 1 3 4 6 6 0 5 3 7 5
Rua_Deputado_Ascendino_Moura__101__90.jpg 0 1 0 0 1 1 5 4 4 4 1 1 1 4 2 0 1 3 2 1 0 5 5 3 4 1 5 3 4 6 1 6 4 5 3 1 6 5 2 4 1 5 3 2 4 2 4 2 6 5 3 3 2 3 3 3 4 5 6 3 2 2 4 4 5 2 1 2 1 6 0 2 3 7 6 2 4 2 6 5
Rua_Doutor_Antonio_Telha__235_0.jpg 0 2 2 0 2 0 1 2 1 1 0 0 0 0 1 1 3 6 3 4 4 5 1 4 3 2 5 4 4 5 2 4 4 3 4 1 4 4 4 4 1 5 5 2 4 1 4 5 2 5 4 2 3 6 3 2 3 3 3 3 0 2 4 2 2 1 0 2 0 5 0 1 1 4 5 0 4 2 7 5
Rua_Doutor_Antonio_Telha__235_180.jpg 0 1 2 4 3 2 2 4 6 4 2 5 5 5 3 1 1 7 2 1 2 3 3 4 4 1 5 3 4 3 1 4 6 4 5 0 4 0 5 5 1 4 4 2 3 1 5 2 4 4 1 5 3 3 2 0 6 3 3 3 0 2 4 0 0 0 0 0 0 0 2 1 5 5 2 0 2 0 5 7
Rua_Doutor_Antonio_Telha__68__270.jpg 0 1 2 4 2 1 2 5 2 4 2 4 4 6 3 0 4 5 2 3 1 6 2 3 4 3 1 3 5 6 1 4 6 5 5 2 7 2 1 2 0 1 1 5 4 1 4 4 6 6 1 4 4 3 3 1 4 2 3 4 0 1 1 3 5 1 2 4 1 4 0 2 4 7 7 1 4 1 6 6
Rua_Doutor_Antonio_Telha__68__90.jpg 1 3 6 5 4 2 1 1 2 1 5 2 2 3 2 1 2 7 2 2 1 4 2 4 3 3 3 5 5 3 3 4 6 3 2 3 5 5 4 3 0 1 2 2 2 1 4 2 5 6 3 3 5 4 2 0 2 1 0 1 0 2 0 1 5 0 1 3 3 4 0 2 0 3 4 2 5 4 5 4
Rua_Doutor_Antonio_Telha_-_Catole__Campina_Grande__270.jpg 0 6 1 4 2 0 3 4 4 3 2 3 6 5 3 0 4 6 2 3 0 5 6 6 3 3 6 4 3 2 3 6 4 3 5 1 4 6 4 6 1 3 2 3 3 0 3 2 2 4 1 5 4 5 3 0 4 7 1 3 0 2 2 2 2 1 2 2 3 5 1 2 4 4 4 0 2 4 1 2
Rua_Doutor_Antonio_Telha_-_Catole__Campina_Grande__90.jpg 1 1 3 3 2 0 2 4 4 3 2 3 6 3 5 0 3 4 2 3 1 3 5 6 5 1 4 5 6 6 5 3 4 3 6 3 5 4 5 6 1 6 3 2 3 1 6 5 3 4 2 4 5 3 6 0 5 3 2 5 0 6 4 0 4 0 3 0 0 3 0 0 1 0 0 0 3 6 0 2
Rua_Doutor_Severino_Cruz__411__270.jpg 1 1 0 4 3 0 0 0 0 0 1 0 0 0 1 0 1 0 0 1 4 1 6 6 4 1 3 3 1 4 1 5 0 3 4 2 6 2 4 4 1 4 4 2 3 1 4 2 6 4 1 5 3 4 5 3 5 2 4 4 0 1 0 1 1 0 0 0 1 2 0 1 0 2 2 0 3 0 4 4
Rua_Doutor_Severino_Cruz__411__90.jpg 0 3 3 1 3 1 2 2 2 2 3 0 0 0 0 0 0 1 0 1 2 6 4 3 3 4 3 6 4 6 3 5 4 4 5 0 6 2 2 4 1 3 3 2 5 1 5 3 4 5 2 5 3 5 4 0 5 3 4 4 1 3 4 1 4 0 1 2 0 3 0 3 0 5 6 0 6 0 6 6
Rua_Edesio_Silva__602__0.jpg 0 5 4 5 3 0 4 3 7 2 3 2 6 1 2 2 3 4 2 3 1 5 2 5 6 1 4 3 5 5 0 3 4 3 6 1 3 4 1 5 4 5 5 2 3 1 5 2 2 4 1 3 2 5 4 3 3 3 3 5 0 2 6 1 5 1 1 1 1 2 0 0 0 2 4 0 4 0 4 3
Rua_Edesio_Silva__602__180.jpg 1 3 2 4 3 1 2 4 6 3 2 2 4 3 3 4 3 5 3 5 1 5 6 6 5 0 3 6 6 6 3 4 2 7 4 4 5 6 0 4 1 1 6 2 3 0 1 3 1 2 1 5 2 4 4 3 4 6 3 5 0 2 2 0 4 0 0 0 0 4 1 1 2 5 4 3 2 4 5 6
Rua_Elias_Aforas__202_0.jpg 3 3 3 6 2 3 3 2 4 2 3 3 2 3 3 1 4 5 4 4 2 5 2 3 3 2 5 5 6 3 2 4 5 6 4 1 6 4 5 4 0 2 0 0 1 1 0 3 2 0 2 2 2 6 4 0 4 3 4 4 0 7 5 3 2 0 7 1 1 2 0 5 6 4 3 0 4 3 2 3
Rua_Elias_Aforas__202_180.jpg 0 2 1 3 4 1 4 4 4 3 2 1 4 1 2 2 3 4 4 6 1 5 2 2 2 5 3 4 4 5 2 2 6 5 6 3 2 5 4 7 0 5 5 2 2 3 4 3 1 4 0 3 3 0 1 1 2 2 2 1 1 1 2 3 4 4 2 6 6 5 3 4 1 6 6 0 6 2 4 6
Rua_Elias_Aforas__67__0.jpg 3 3 5 7 3 3 2 3 7 2 2 1 4 3 5 4 2 6 1 6 2 6 5 4 3 4 4 5 6 4 4 5 5 2 6 5 4 6 3 2 2 4 4 2 4 3 2 5 6 5 2 5 2 5 4 3 6 5 2 3 1 3 6 3 5 0 3 6 3 5 1 2 1 6 7 0 4 0 6 7
Rua_Elias_Aforas__67__180.jpg 1 4 3 3 2 2 4 4 5 3 2 1 5 4 3 2 4 7 3 4 3 4 6 5 4 2 3 5 6 6 4 4 5 3 5 2 4 6 5 6 3 4 5 5 4 1 4 6 3 4 2 2 2 5 5 2 3 0 2 3 3 2 7 2 6 1 2 4 3 6 2 1 4 3 6 1 3 2 5 6
Rua_Espirito_Santo__1288__0.jpg 4 2 4 6 5 1 1 3 2 3 3 2 3 7 1 2 4 5 1 1 5 3 4 7 4 0 6 2 4 4 2 3 7 1 4 1 3 4 5 7 4 2 6 3 3 1 3 2 1 4 2 2 3 4 6 4 4 2 4 4 1 3 5 3 6 0 0 0 0 1 0 0 0 0 1 0 3 0 2 3
Rua_Espirito_Santo__1288__180.jpg 1 3 1 6 5 2 4 3 7 4 2 3 6 6 3 1 5 5 4 5 1 4 6 3 5 2 4 4 5 4 5 3 4 6 5 0 4 7 3 2 0 6 6 2 5 0 2 2 0 3 3 2 4 3 6 5 2 1 2 1 0 1 0 1 1 0 0 0 0 0 0 1 0 6 3 1 4 1 6 6
Rua_Felix_Araujo__132__270.jpg 2 2 1 7 5 1 3 4 6 5 2 2 4 3 3 2 2 7 2 5 5 4 2 3 3 4 5 3 2 5 2 3 6 5 4 4 1 4 2 5 5 3 4 2 4 3 2 6 4 5 2 2 5 5 4 5 2 4 6 5 2 4 6 3 5 0 0 2 1 3 1 0 0 5 1 2 5 0 5 5
Rua_Felix_Araujo__132__90.jpg 1 3 0 5 6 4 2 1 4 5 1 3 4 1 3 0 4 6 0 3 0 2 0 0 1 4 2 2 4 6 1 6 5 5 3 1 6 4 3 5 6 2 4 4 6 3 3 4 6 5 1 3 3 4 4 5 5 4 6 3 1 4 7 3 5 2 0 7 0 4 1 0 1 4 2 1 6 4 6 2
Rua_Felix_Araujo__48__270.jpg 2 3 4 4 4 2 4 3 6 5 1 1 6 2 7 2 2 7 1 4 0 5 1 5 5 3 2 4 5 2 3 3 4 3 7 1 6 4 2 3 2 4 4 2 5 1 2 4 2 5 4 3 5 3 5 3 4 5 5 5 0 2 5 1 2 0 0 2 0 1 2 3 2 6 3 0 6 3 6 4
Rua_Felix_Araujo__48__90.jpg 3 2 2 6 5 3 1 3 7 4 1 1 5 2 6 3 0 4 1 5 4 1 6 7 5 4 4 3 5 4 3 6 3 3 5 2 6 6 2 3 5 3 6 3 4 2 4 4 6 3 5 3 4 7 4 3 3 5 4 4 2 3 7 4 4 0 0 0 1 1 3 3 5 3 5 1 3 7 6 5
Rua_Honorio_de_Melo__240__270.jpg 1 1 2 0 3 2 1 2 2 3 4 3 5 3 4 2 3 7 2 3 0 5 5 7 4 1 4 4 4 6 5 3 4 3 5 1 5 6 4 6 0 3 4 2 5 2 4 3 5 6 5 2 4 6 4 2 3 0 5 7 0 4 4 2 6 3 3 2 7 6 1 2 3 7 7 1 5 3 7 5
Rua_Honorio_de_Melo__240__90.jpg 1 1 1 3 2 2 5 4 7 4 2 3 5 7 3 2 2 5 3 6 0 5 5 5 4 1 5 4 6 5 2 2 6 5 5 3 4 7 6 4 1 3 6 3 2 2 5 2 5 4 3 1 3 5 5 5 3 4 3 2 0 1 2 3 6 2 2 4 2 4 1 2 2 6 5 3 5 2 4 6
Rua_Inacio_Marques_da_Silva__434_270.jpg 0 1 0 6 4 2 3 3 5 3 3 2 3 2 4 1 2 1 0 1 0 3 2 1 1 1 4 0 3 3 2 3 1 0 2 3 5 1 5 3 0 4 0 1 2 2 4 2 1 3 2 4 3 3 3 1 4 4 3 4 0 2 0 0 2 0 2 0 1 5 0 2 0 1 3 0 2 4 2 2
Rua_Inacio_Marques_da_Silva__434_90.jpg 0 3 1 3 2 0 2 3 3 3 0 0 0 0 0 3 3 4 2 3 0 5 0 1 2 0 5 2 3 4 0 5 5 2 3 6 1 6 3 4 1 4 2 3 3 1 3 3 3 4 3 6 4 2 4 4 4 6 2 4 0 1 0 0 2 0 0 0 0 2 0 3 2 4 1 0 4 2 6 3
Rua_Joao_da_Mata__490_270.jpg 1 3 3 7 4 3 2 4 6 3 2 4 5 2 1 0 5 2 0 1 3 6 5 5 4 1 5 6 5 4 2 6 5 4 4 4 5 3 2 5 4 4 5 2 5 3 4 3 4 5 0 3 1 6 4 1 6 2 6 2 0 3 2 2 4 3 2 2 3 3 1 0 2 2 4 0 3 2 3 3
Rua_Joao_da_Mata__490_90.jpg 1 4 2 5 3 2 1 2 4 2 4 2 2 2 3 0 0 3 0 3 1 5 4 4 5 3 4 6 5 3 2 5 4 4 2 1 3 2 4 5 0 5 6 2 3 1 4 2 2 2 1 6 2 2 3 1 2 3 4 3 0 3 1 1 2 0 3 3 0 3 0 1 1 0 5 0 1 3 0 3
Rua_Joao_Francisco_Mota__64__270.jpg 2 2 4 7 6 4 2 1 4 4 2 3 6 3 4 1 3 7 2 5 1 3 6 6 5 3 4 2 4 6 1 5 5 5 6 3 4 6 2 5 4 5 3 5 3 0 3 3 0 3 2 3 3 3 3 4 3 2 6 4 3 4 6 0 5 0 1 2 3 5 1 1 2 1 5 0 2 2 3 5
Rua_Joao_Francisco_Mota__64__90.jpg 1 1 0 1 3 1 4 5 2 2 1 4 3 3 3 0 1 1 3 1 1 5 4 1 5 1 4 4 4 4 0 6 2 4 4 1 5 6 3 5 1 6 4 1 4 1 2 6 2 3 1 2 2 5 5 3 1 3 6 6 0 3 5 3 4 0 0 5 0 5 0 2 0 2 4 0 4 2 5 4
Rua_Luisa_Bezerra_Mota__246_270.jpg 2 4 5 3 7 1 3 5 7 5 2 3 3 2 3 2 2 6 5 7 1 3 5 6 6 1 3 5 7 6 3 3 3 6 6 2 4 4 4 7 1 4 6 1 6 2 5 4 3 4 2 3 5 7 5 2 4 3 4 4 0 3 7 3 6 2 2 4 4 3 1 1 4 4 6 1 2 3 7 4
Rua_Luisa_Bezerra_Mota__246_90.jpg 2 3 5 6 7 2 3 5 5 5 1 5 5 3 1 1 3 3 2 3 2 2 2 5 7 1 4 6 5 6 2 3 5 5 7 2 6 4 5 4 2 2 6 4 7 1 2 5 3 4 1 6 3 3 4 0 6 2 3 2 0 5 6 2 7 0 0 2 0 4 0 1 1 2 5 0 1 0 3 3
Rua_Manoel_P._de_Araujo__150_270.jpg 4 2 1 4 5 1 4 3 3 3 1 5 5 2 1 1 3 7 2 4 3 4 4 6 4 1 4 4 6 5 3 5 5 2 4 2 6 5 3 3 4 5 5 1 4 3 2 3 4 5 0 3 3 6 4 3 5 2 4 3 1 1 7 2 7 1 0 6 0 3 0 1 0 0 2 0 2 1 3 3
Rua_Manoel_P._de_Araujo__150_90.jpg 0 6 0 4 5 1 4 2 4 2 1 2 4 1 3 0 6 2 3 5 3 7 1 6 2 2 5 2 4 5 4 5 4 0 5 0 7 5 3 2 1 5 5 4 5 3 5 5 5 5 3 4 5 5 5 3 5 5 4 5 0 1 3 1 1 1 4 1 6 3 1 2 3 6 7 1 5 4 2 2
Rua_Manoel_P._de_Araujo__370_0.jpg 1 1 2 3 3 1 1 0 6 1 2 4 2 3 1 1 3 3 4 4 2 5 4 5 5 3 4 5 4 4 2 6 5 6 4 1 6 4 1 3 2 6 5 5 4 3 2 3 6 4 5 3 4 6 5 5 2 3 5 4 0 1 4 3 4 0 0 0 3 2 2 4 3 3 4 5 3 2 4 4
Rua_Manoel_P._de_Araujo__370_180.jpg 0 4 4 4 1 1 4 3 3 3 1 3 4 5 5 2 2 7 3 6 1 5 3 5 5 0 4 0 4 4 3 4 4 1 5 4 3 4 2 3 5 2 5 6 3 2 2 5 7 5 2 3 4 6 5 3 2 2 5 3 1 2 3 4 4 0 0 2 2 2 1 2 3 5 3 2 5 2 5 5
Rua_Odon_Bezerra__147_270.jpg 3 2 3 6 5 0 4 4 3 4 1 6 3 2 2 0 5 5 4 2 6 4 2 5 4 2 6 2 5 5 2 5 6 3 4 2 5 6 4 4 6 3 5 1 4 2 5 4 5 5 2 4 3 7 6 5 5 3 2 4 0 3 7 1 7 5 0 4 2 4 1 0 1 5 4 0 3 1 5 2
Rua_Odon_Bezerra__147_90.jpg 1 2 3 4 4 1 2 3 3 2 2 3 4 2 2 0 4 3 2 6 1 5 3 6 3 2 3 4 3 3 4 4 6 6 3 3 4 5 3 6 3 4 6 3 5 3 2 4 3 3 4 3 3 6 3 2 4 4 6 4 0 2 1 2 1 2 0 4 0 2 0 1 0 5 1 0 4 2 5 4
Rua_Odon_Bezerra__306_270.jpg 1 2 1 5 5 1 4 4 3 2 1 3 5 1 2 1 2 7 2 4 5 4 5 5 3 1 6 5 5 3 3 4 6 2 4 2 4 6 4 5 4 4 5 2 4 2 3 6 3 4 3 3 4 6 6 4 3 3 4 5 0 2 5 3 5 0 0 4 1 1 0 0 0 0 2 0 3 1 6 6
Rua_Odon_Bezerra__306_90.jpg 0 2 2 6 6 1 1 1 2 3 1 1 2 0 2 1 4 4 0 4 5 4 4 7 3 1 5 1 2 3 6 3 3 3 4 1 5 5 0 3 5 3 4 4 5 2 2 5 2 4 4 4 4 6 4 4 3 3 3 4 2 2 5 2 7 2 0 0 0 1 1 2 0 4 5 0 3 1 6 4
Rua_Odon_Bezerra__388__270.jpg 0 3 2 5 5 0 4 2 3 3 0 3 6 4 1 0 3 5 2 3 1 6 2 5 5 1 6 4 4 3 1 6 4 3 3 3 5 2 6 2 3 6 3 1 3 2 2 5 4 5 3 4 4 6 4 5 4 2 4 5 0 3 3 1 4 2 1 0 0 2 0 2 1 2 3 0 2 2 6 6
Rua_Odon_Bezerra__388__90.jpg 3 5 3 5 5 1 1 1 3 3 1 2 2 0 1 0 4 5 2 3 5 4 1 6 2 2 3 4 4 5 3 6 4 3 3 0 6 5 3 5 6 3 5 3 4 3 3 2 2 4 3 5 2 6 5 3 4 2 4 4 0 1 6 0 5 1 0 0 0 1 1 3 1 4 3 0 3 0 3 6
Rua_Olegario_Mariano__139_0.jpg 0 3 0 1 3 0 1 0 0 0 1 1 2 0 2 1 5 7 2 4 0 5 5 4 5 1 6 4 1 6 1 5 4 5 6 2 5 6 5 5 1 6 4 1 5 3 4 3 3 6 2 5 2 2 3 3 4 7 3 4 1 5 5 1 5 1 2 5 3 6 0 3 4 3 7 1 3 3 3 6
Rua_Olegario_Mariano__139_180.jpg 1 2 0 7 4 2 1 0 6 3 1 5 5 7 3 1 5 6 4 4 2 4 5 6 3 2 4 4 3 5 4 4 4 6 4 2 4 4 7 3 1 5 2 2 3 1 4 2 6 4 3 4 2 4 2 2 4 6 4 4 2 1 2 3 7 1 2 4 4 5 2 2 3 6 6 0 3 5 5 6
Rua_Olegario_Mariano__139_270.jpg 1 6 2 3 2 0 1 3 2 1 2 2 2 3 3 0 2 0 0 2 1 5 5 3 5 2 4 2 1 2 1 5 4 4 5 4 3 5 2 5 0 5 5 3 3 4 4 4 4 4 1 3 2 2 3 3 5 3 2 3 0 2 4 3 7 4 1 6 3 6 1 2 4 4 6 0 4 2 4 4
Rua_Olegario_Mariano__139_90.jpg 1 3 2 4 3 0 0 0 0 1 0 1 1 0 2 1 3 6 5 4 0 2 4 3 4 1 4 2 6 6 2 3 5 4 3 1 4 4 4 5 0 3 0 3 4 3 4 2 3 5 3 5 4 0 4 1 4 5 4 4 2 1 6 1 7 1 4 4 5 6 2 3 4 1 7 1 2 4 4 7
Rua_Otacilio_Nepomuceno__76_0.jpg 3 3 6 3 4 1 3 2 5 2 3 4 5 1 3 0 3 4 2 1 3 4 4 6 5 1 4 7 6 6 3 4 5 5 6 3 4 2 5 6 3 5 4 3 5 0 3 3 3 2 1 6 3 3 2 0 7 1 3 3 0 4 6 3 4 0 1 0 4 2 0 0 0 2 1 0 3 0 4 2
Rua_Otacilio_Nepomuceno__76_90.jpg 0 0 0 1 1 1 4 4 4 5 0 2 2 5 6 1 3 4 1 4 4 3 4 6 6 1 6 2 4 6 2 3 3 4 6 1 5 2 5 6 1 6 3 1 3 0 6 2 0 3 1 4 6 0 3 0 3 4 0 4 0 4 2 1 3 0 1 3 0 1 0 0 5 1 1 3 1 6 5 5
Rua_Padre_Pedro_Serrao__207__270.jpg 2 2 4 4 2 2 2 1 3 3 1 2 5 4 2 0 3 7 3 5 0 5 5 3 5 1 6 3 6 4 2 5 5 2 5 3 3 5 4 6 2 2 5 3 4 1 2 4 2 3 1 3 1 4 4 1 4 4 6 5 0 3 3 2 2 1 1 3 3 6 0 1 2 4 5 1 3 2 7 5
Rua_Padre_Pedro_Serrao__207__90.jpg 2 2 5 5 5 0 4 3 6 3 1 5 6 4 1 0 4 6 3 4 4 3 4 4 5 1 5 2 5 6 2 5 5 5 4 3 5 5 0 3 1 5 4 1 5 2 3 3 4 4 2 3 3 3 4 4 3 2 2 3 1 4 5 1 4 0 0 3 2 6 2 1 2 2 5 0 5 0 2 3
Rua_Padre_Pedro_Serrao__336__270.jpg 1 3 4 5 4 0 2 2 5 5 2 1 3 3 4 0 3 5 3 5 2 5 5 7 3 2 3 6 4 5 5 4 5 2 5 1 7 4 3 1 3 5 5 0 3 1 4 4 0 3 3 3 2 4 5 5 1 0 2 0 0 4 0 4 3 1 3 1 2 5 0 0 0 0 4 0 3 3 5 6
Rua_Padre_Pedro_Serrao__336__90.jpg 1 4 4 5 5 1 5 3 6 3 0 4 6 4 2 0 6 5 4 2 0 5 0 4 5 1 4 5 7 5 1 5 6 3 5 0 1 2 3 0 1 2 5 1 4 1 3 2 3 5 1 3 3 4 4 2 4 3 4 4 0 3 6 1 6 0 0 1 0 4 1 0 1 3 4 0 3 2 7 5
Rua_Padre_Pedro_Serrao__353__270.jpg 1 2 3 6 5 1 0 2 6 3 2 1 4 1 3 2 3 5 4 5 2 4 5 6 6 0 4 6 7 4 4 4 6 5 4 2 5 5 4 6 3 4 3 0 4 1 1 3 4 3 3 3 1 6 5 6 2 3 2 2 0 3 4 0 3 0 1 2 3 5 1 2 0 3 5 1 4 1 5 5
Rua_Padre_Pedro_Serrao__353__90.jpg 1 3 4 6 4 0 5 5 5 3 0 5 6 3 2 0 6 3 3 2 0 6 3 3 5 3 5 4 5 4 1 5 4 6 5 1 6 3 3 4 5 3 3 0 3 2 2 3 0 4 1 3 0 3 5 4 3 3 4 4 0 3 6 2 7 1 2 2 3 3 0 2 0 4 6 0 1 2 4 5
Rua_Pedro_Alvares_Cabral__129_180.jpg 1 2 2 5 2 0 5 1 1 0 0 3 7 2 5 2 4 6 0 6 4 5 2 3 4 1 4 4 6 6 2 5 7 3 5 2 7 2 0 2 2 5 6 0 5 0 2 4 3 4 4 4 3 5 5 3 4 5 5 3 0 5 6 0 3 0 3 4 2 2 0 4 3 2 4 0 5 2 4 3
Rua_Pedro_Alvares_Cabral__129_90.jpg 2 4 3 6 4 1 5 2 5 3 0 4 6 2 2 0 5 2 2 2 2 5 4 5 5 1 3 4 1 4 3 4 6 4 5 3 6 2 0 3 2 6 5 2 5 1 2 4 6 6 4 3 4 6 6 4 4 3 5 5 0 4 5 2 3 0 0 1 0 0 0 3 1 3 2 2 3 1 6 5
Rua_Quebra_Quilos__399__270.jpg 2 3 5 5 6 0 0 1 3 1 1 1 2 4 4 1 3 5 3 7 4 3 6 4 6 2 3 2 6 6 6 4 4 4 3 1 6 5 1 5 2 3 6 2 5 3 2 7 3 3 4 3 2 4 4 3 5 3 5 2 2 1 7 0 4 3 0 6 1 4 0 2 0 3 4 0 4 2 5 6
Rua_Quebra_Quilos__399__90.jpg 1 2 0 1 6 0 2 3 2 3 2 3 2 2 5 1 1 5 3 4 0 6 2 5 4 2 5 5 6 4 2 4 5 4 7 4 4 6 5 4 3 5 4 3 4 1 3 6 4 4 4 3 2 7 5 2 3 2 6 6 1 5 7 1 5 1 0 4 0 1 5 1 2 6 5 0 2 0 7 5
Rua_Riachuelo__455__0.jpg 1 5 3 6 2 3 3 5 4 3 1 4 6 5 4 1 2 5 0 1 2 5 4 7 4 1 6 4 4 4 1 5 4 1 4 1 6 6 3 3 1 5 4 3 4 0 2 3 2 3 3 2 2 5 4 3 5 3 5 3 0 1 1 0 3 0 0 2 0 3 0 1 0 4 2 0 3 2 4 5
Rua_Riachuelo__455__180.jpg 2 2 2 7 3 0 3 0 3 3 1 3 3 4 4 1 3 6 5 2 4 4 1 7 5 2 4 5 7 6 2 6 2 4 5 2 4 4 3 5 2 4 5 4 4 1 4 5 2 2 2 4 0 4 3 6 2 1 4 3 0 2 3 3 3 0 1 0 2 3 0 1 0 3 2 0 3 1 4 2
Rua_Riachuelo__847__0.jpg 3 4 2 7 4 1 4 3 5 3 2 4 6 4 2 1 4 7 3 3 4 5 4 1 5 1 5 4 3 3 1 3 7 6 5 3 4 4 3 7 5 3 5 3 4 0 4 3 2 4 2 5 3 4 5 3 2 3 5 5 1 2 6 3 6 1 1 2 1 5 1 0 0 4 4 1 6 3 6 3
Rua_Riachuelo__847__180.jpg 1 2 0 7 3 1 2 3 3 2 1 3 3 2 1 2 1 6 3 5 3 2 3 6 7 1 3 2 6 5 2 5 2 5 5 2 1 6 4 7 3 4 6 1 5 1 3 5 3 2 3 3 1 6 5 1 2 3 4 3 1 2 6 3 3 2 0 0 1 3 0 1 3 3 3 0 4 0 3 5
Rua_Riachuelo__930__0.jpg 1 4 2 7 2 1 3 2 6 3 4 3 2 4 3 2 4 6 2 2 2 5 4 4 6 3 2 5 7 5 4 3 2 5 6 1 6 2 3 4 1 5 2 4 4 1 4 2 4 3 3 4 5 5 4 0 3 2 2 1 0 1 2 1 4 0 2 1 0 5 2 3 2 3 6 0 2 2 4 4
Rua_Riachuelo__930__180.jpg 1 2 4 6 3 1 3 2 5 1 2 2 5 0 1 3 2 5 4 5 1 6 4 6 4 1 5 2 5 4 3 4 5 6 4 5 4 5 5 4 0 4 2 0 2 1 3 6 2 4 1 3 3 2 4 2 4 2 5 4 0 3 5 1 6 1 1 5 1 4 1 0 1 4 3 0 1 1 5 6
Rua_Santa_Catarina__1231__0.jpg 1 5 2 3 3 0 1 3 2 1 1 4 3 6 3 1 3 5 5 4 2 6 4 5 3 1 4 3 4 4 3 3 6 4 6 2 3 4 5 7 1 6 5 2 3 0 2 4 1 3 3 2 3 7 4 4 3 4 4 3 0 1 1 0 4 0 0 0 0 2 0 1 3 3 3 0 3 0 5 5
Rua_Santa_Catarina__1231__180.jpg 0 5 2 6 5 1 3 4 7 5 3 3 7 4 3 1 3 6 4 5 3 3 6 6 5 2 4 5 6 4 4 5 4 6 4 3 5 4 5 6 1 1 7 5 5 2 2 3 2 2 3 3 5 5 2 0 5 3 6 6 1 2 7 0 4 0 1 0 0 1 0 1 0 3 2 0 2 2 2 3
Rua_Sebastiao_Vieira_da_Silva__1273__0.jpg 1 3 5 6 6 0 0 2 2 3 0 0 0 0 0 0 3 2 2 1 5 3 5 5 5 4 4 4 6 5 1 3 2 3 2 1 5 6 3 6 2 3 5 3 4 1 3 6 2 3 0 3 2 5 3 2 3 3 3 5 0 5 4 2 5 0 1 1 0 4 0 0 1 0 1 0 1 0 1 3
Rua_Sebastiao_Vieira_da_Silva__1273__180.jpg 1 3 1 7 6 1 2 2 6 3 0 0 3 2 2 1 1 6 3 7 0 3 3 7 7 2 4 2 7 5 3 4 4 4 2 2 3 6 7 6 4 1 5 5 5 4 4 3 3 3 1 4 4 3 3 1 3 3 5 6 0 4 2 3 5 0 1 3 3 3 0 1 0 1 2 0 1 0 0 1
Rua_Sergipe__1337_0.jpg 3 4 2 6 2 1 4 4 4 3 1 5 5 0 2 1 4 6 3 3 3 5 2 6 3 2 4 4 5 3 0 4 5 5 6 0 6 2 1 5 3 4 4 0 4 1 1 3 2 2 0 6 4 6 2 0 1 2 4 3 0 3 2 0 2 1 0 1 1 5 0 0 2 1 3 0 3 4 6 6
Rua_Sergipe__1337_90.jpg 1 4 5 6 3 2 4 4 2 3 0 5 6 6 2 2 5 6 6 2 3 4 5 4 3 2 5 6 6 4 1 5 4 6 5 3 6 4 5 2 3 2 5 2 4 0 2 5 3 4 0 3 6 4 5 1 5 3 7 5 0 3 6 5 7 2 1 2 3 5 0 3 4 3 2 1 3 3 7 6
Rua_Severino_Pimentel__321__0.jpg 1 3 1 6 5 1 3 5 5 4 3 2 6 4 5 1 3 3 2 6 3 4 2 5 4 3 5 5 3 4 2 2 6 3 7 3 5 4 3 5 4 2 4 2 2 4 1 5 2 2 2 4 2 4 4 2 5 4 4 3 0 4 3 0 6 0 0 1 0 2 0 0 0 0 4 0 3 2 3 4
Rua_Severino_Pimentel__321__180.jpg 1 4 3 7 4 2 3 2 6 2 1 2 5 4 3 0 4 4 2 6 2 4 2 4 6 2 4 1 7 5 4 3 6 3 6 0 6 4 4 3 1 4 3 4 5 0 2 1 2 2 0 2 2 5 3 0 3 0 2 1 0 1 0 1 3 0 0 2 0 4 0 0 0 0 2 0 3 1 4 4
Rua_Severino_Pimentel__439__0.jpg 5 3 4 4 5 2 4 4 6 5 3 3 5 5 4 1 2 3 5 6 6 5 2 4 2 1 4 6 7 4 2 3 5 3 6 2 4 6 4 5 3 4 4 3 4 1 2 5 2 1 0 4 6 4 2 1 3 5 3 4 0 1 2 2 4 0 0 0 0 0 0 0 1 0 4 0 4 2 7 5
Rua_Severino_Pimentel__439__180.jpg 1 4 2 6 3 1 3 1 5 4 1 3 5 6 3 1 2 6 0 7 1 6 4 4 4 2 6 4 5 4 1 4 6 5 6 2 6 7 5 2 1 5 5 2 4 0 3 2 0 2 2 3 4 4 4 1 4 3 0 5 0 1 2 1 2 0 1 0 0 3 0 0 0 1 3 1 2 3 3 5
Rua_Severino_Pimentel__511_270.jpg 0 7 0 1 2 1 6 2 2 2 0 6 5 3 2 0 7 1 0 2 1 6 4 4 3 0 6 3 2 3 0 5 5 3 3 2 5 4 4 3 2 3 5 2 1 3 2 5 2 4 1 4 2 5 2 0 5 0 2 2 3 5 4 1 2 1 0 4 0 4 0 1 1 1 2 0 2 2 3 3
Rua_Severino_Pimentel__511_90.jpg 0 3 3 4 3 1 3 3 5 4 1 4 4 6 4 1 3 7 3 4 2 2 4 4 7 0 4 4 4 6 3 5 5 5 5 4 2 3 4 4 1 5 0 1 2 0 2 4 4 1 3 3 4 7 3 2 6 3 3 3 0 1 0 1 2 0 0 1 0 2 0 2 0 3 1 0 3 2 0 2
Rua_Vigario_Calixto__1201_0.jpg 1 5 2 6 2 3 3 6 3 3 0 1 2 2 1 1 4 6 2 4 0 6 4 2 3 3 5 5 6 5 2 5 5 3 6 1 5 6 6 5 1 5 2 1 4 0 1 4 1 2 0 3 2 5 4 0 6 3 3 2 0 1 4 1 4 0 0 0 0 2 1 0 0 1 2 0 2 1 6 4
Rua_Vigario_Calixto__1201_180.jpg 2 1 3 3 4 1 3 3 3 3 1 0 1 0 3 2 2 7 2 5 0 6 2 5 4 2 4 2 6 6 2 5 5 4 3 4 3 2 5 3 1 6 6 2 4 1 1 5 2 5 1 3 0 3 4 0 7 1 5 3 0 1 7 0 2 0 0 0 0 0 0 0 0 3 3 0 1 0 2 0
