x
0.411764705882353
0.436363636363636
0.421052631578947
0.888888888888889
0.666666666666667
0.642857142857143
0.666666666666667
0.684210526315789
0.6625
0.642857142857143
0.5
0.571428571428571
0.5
0.551724137931034
0.5
0.923076923076923
0.5
0.366666666666667
NA
0.6
0.666666666666667
0.4
0.35
0.5
0.727272727272727
1
0.3
0.5
1
0.666666666666667
0.166666666666667
1
0.5
0.666666666666667
0.636363636363636
0.710526315789474
0.5
0.916666666666667
0.5
0.5
NA
0.870967741935484
0.941176470588235
0.625
0.833333333333333
0.888888888888889
0.666666666666667
0.395348837209302
0.5
0.705882352941177
0.681818181818182
NA
0.5
0.6
0.888888888888889
0.5
0.25
1
0.666666666666667
0.7
0.428571428571429
0.25
0.833333333333333
0.25
1
1
0.578947368421053
0.5
0
0.666666666666667
0.666666666666667
0.545454545454545
0.578947368421053
NA
0.666666666666667
0.666666666666667
0.5
0.5
0.333333333333333
0.6
1
0.91304347826087
0.571428571428571
0.666666666666667
1
0.625
0.526315789473684
0.769230769230769
0.615384615384615
1
0
0.7
0.916666666666667
0.666666666666667
0.666666666666667
0.428571428571429
0.777777777777778
0.736842105263158
0.740740740740741
0.5
0.666666666666667
0.714285714285714
0.818181818181818
0.666666666666667
1
NA
NA
0.5
0.833333333333333
1
0
0.666666666666667
0.5
0.571428571428571
0.75
0.666666666666667
0.666666666666667
NA
0
NA
0.428571428571429
1
0.25
0
NA
0.6
1
0.4
NA
0.5
0.769230769230769
0.833333333333333
0.642857142857143
0.555555555555556
0.55
0.5
0.692307692307692
1
0.571428571428571
0.6
NA
0.666666666666667
0.5
