[]
1024
513
1027
516
518
1025
1032
1196
1035
1036
1038
1040
686
537
1053
1057
682
549
1062
1063
1066
1067
1071
1074
1203
1076
1082
576
1090
585
586
1101
590
1103
1208
1106
595
1108
1109
599
1114
607
1120
1124
614
1126
1127
1128
617
1130
619
1132
625
702
630
1145
1148
1061
1151
1152
1153
1154
1155
644
1157
1158
1160
1178
667
1181
1182
671
1184
1185
1186
1187
1189
1190
679
1192
1193
1194
1195
1216
1197
1198
1199
1200
1202
691
1204
1205
1206
1207
696
1209
1210
1211
701
1214
1215
704
1217
1218
1219
1220
1221
1225
714
1227
1230
721
1235
1236
1237
615
1241
1242
732
1247
1252
637
1320
754
639
618
1288
1028
1156
1319
808
1322
1324
1328
1329
735
851
740
616
909
924
683
713
1183
959
672
673
1226
677
993
995
997
1191
1011
1142
1022
1023
