[]
513
1027
1028
518
1025
1032
1547
1036
1040
1564
1053
1566
1567
1057
1572
1061
1062
1063
1576
1066
1067
1582
1584
1585
1587
1076
1591
1035
595
1537
599
607
615
616
617
618
619
630
637
639
1152
704
1154
1158
671
1185
1186
1189
679
1192
1194
1196
1197
1200
1202
691
682
1207
1211
1216
1218
1220
1142
714
721
1236
740
732
735
1252
1575
754
1151
1322
1325
1328
1588
1349
1353
1355
1359
1360
995
1369
1370
1373
997
1376
1383
1384
1385
677
1407
1415
1417
1419
909
1422
1435
924
1458
1183
959
1492
1496
1497
1499
1503
1504
993
1506
1507
1509
1510
1516
1518
1524
1528
1535
1532
1533
1023
