
1027
1028
1542
1032
1545
1547
1551
1556
1562
1563
1564
1565
1566
1567
1568
1570
1571
1572
1062
1575
1576
1577
1578
1579
1581
1582
1583
1587
1588
1589
1591
1035
1103
607
616
1151
1154
1158
1160
671
1186
679
682
1195
1196
686
1200
1202
691
1207
1218
1220
735
740
1328
1349
1353
1355
1356
1357
1359
1366
1369
1370
1373
1374
1375
1376
1377
1379
1381
1383
1384
1385
1394
1408
1419
1422
1484
1486
1487
1492
1499
1500
1501
1503
1504
1505
1506
1507
1508
1509
1510
1513
1514
1516
1518
1523
1524
1528
1529
1530
1535
1532
1533
1022
1023
