[]
1024
513
516
518
1025
1032
1035
1038
1040
537
1053
1057
549
1063
1066
1067
1071
1074
1203
1082
576
1090
586
1101
590
1108
1109
599
1114
1120
1124
1126
614
1127
616
617
1130
615
1132
625
1214
630
618
1151
1152
1153
1155
644
1157
1158
1160
1178
667
671
672
1185
1187
1189
1191
1192
1193
682
683
1196
1198
1200
1202
691
1204
1205
1206
1207
696
1209
1211
1226
702
1215
1216
1217
1218
1220
1221
1225
714
1227
1230
721
1236
1237
1241
1242
1061
740
637
1320
754
639
1288
1319
808
1324
1328
1252
1183
959
1184
677
993
997
679
1194
1022
