[]
1024
513
516
1031
1111
1036
1038
1047
1048
1054
1064
1065
1066
1068
1074
1077
1078
1079
1080
1081
1084
1085
1086
1089
1091
1093
1094
1095
1096
1097
1099
1100
1102
1106
599
1113
1115
1116
1117
1118
1119
1120
1121
1123
1124
1126
1128
618
1132
1214
1144
1149
1154
1155
644
1160
1162
1163
1164
1165
1167
1169
1170
1171
1172
1173
1174
1175
1176
1179
671
672
1186
1193
1194
1195
1196
686
1202
1203
1211
1213
702
1216
1217
1224
1226
1232
1233
1237
1240
1244
1249
1251
1252
1254
1256
1257
1258
1130
749
1262
1263
1264
1265
754
1270
1271
1274
1275
1276
1278
1284
1285
1287
1289
1290
1293
1295
1296
1297
1298
1299
1302
1304
1305
1306
1308
1310
1311
1312
1313
1314
1317
1322
1323
1329
1333
1335
1336
1337
1338
1341
1344
1346
1351
1355
1356
1357
1364
1365
1366
1369
1371
1373
1374
1375
1377
1379
1381
1385
1391
924
959
1011
1014
1022
