[1] "################### Young x Adult - Pleasantness"
[1] 0.1746279
[1] ">>>> Kendall Distance  0.174627898926964"
$movCars
$movCars[[1]]
  [1] 190.0776 169.3010 165.4978 292.6016 285.4283 238.5722 270.6522 264.4888
  [9] 265.1343 277.6228 270.6080 253.1623 254.5509 266.0465 242.2899 236.6998
 [17] 244.5041 249.1844 226.3848 240.3999 231.5996 232.7926 244.8017 242.1045
 [25] 250.0457 231.5312 235.7973 250.6300 255.3339 251.3784 251.3655 242.2736
 [33] 243.6774 256.2043 261.3897 246.2042 246.9422 248.6369 243.6769 245.4861
 [41] 245.5603 253.5475 251.7396 246.0330 249.9107 251.9107 238.4330 242.9330
 [49] 254.9330 255.8861 263.6668 250.7502 256.3011 245.1178 248.9297 255.3463
 [57] 256.4297 251.4297 250.8030 250.1860 246.7630 249.2630 246.2902 256.8030
 [65] 254.8030 250.0316 248.0316 250.4410 246.7124 254.2252 258.4538 254.3252
 [73] 253.3252 253.3252 251.3030 252.3030 252.8305 249.2419 256.7419 251.4252
 [81] 254.8419 258.0705 254.1757 250.1744 254.2419 259.3471 256.3135 261.9305
 [89] 264.5433 270.8429 275.6885 275.6885 260.6885 263.1757 262.0885 264.0885
 [97] 257.4587 256.0757 258.0885 257.8324


$parkCars
$parkCars[[1]]
  [1]   78.49858 -258.55469 -455.28209 -562.17863 -532.79089 -486.61690
  [7] -571.03202 -610.97771 -587.19036 -649.53625 -667.03408 -657.94285
 [13] -649.43293 -612.85506 -626.68244 -653.86686 -653.46710 -611.52701
 [19] -631.23300 -627.44474 -666.06255 -645.09469 -673.47551 -663.87590
 [25] -660.64235 -675.17488 -676.19594 -676.32884 -665.53506 -670.60049
 [31] -652.01645 -654.20920 -676.81076 -692.57617 -683.17847 -668.89207
 [37] -677.82346 -663.45696 -664.88952 -660.43391 -674.25570 -686.15782
 [43] -691.72256 -679.68871 -664.82201 -703.70223 -683.33028 -694.48732
 [49] -705.22636 -692.70450 -703.80913 -714.46181 -668.26168 -680.28812
 [55] -688.42438 -669.89370 -676.80614 -668.29531 -695.82554 -675.85763
 [61] -694.54084 -691.72756 -698.40691 -686.47785 -681.25042 -682.33372
 [67] -682.09931 -683.81383 -681.64590 -664.31428 -651.29261 -662.64487
 [73] -672.90634 -678.58244 -671.97469 -686.45890 -683.85371 -677.71288
 [79] -684.84377 -681.91538 -661.64388 -665.12865 -669.44067 -674.61715
 [85] -669.34032 -659.41289 -638.94969 -663.69829 -623.07729 -614.03909
 [91] -621.92933 -630.42933 -647.59908 -643.48191 -650.69908 -636.30348
 [97] -626.86295 -636.29290 -642.93393 -640.49259


$movCicly
$movCicly[[1]]
  [1] 223.4128 215.9434 196.7239 194.5623 198.5633 192.9336 204.8689 198.2726
  [9] 187.0393 190.0674 190.7832 189.5418 190.1920 189.2672 196.6180 189.7164
 [17] 185.9004 190.0713 192.2241 194.5836 189.0172 181.1262 186.5429 188.6331
 [25] 184.0592 188.8788 190.2691 189.2494 193.3397 192.0397 192.0234 188.1254
 [33] 190.4587 187.1359 185.1021 184.7566 185.3604 182.9130 183.0130 186.7506
 [41] 182.2862 180.0699 185.3699 185.1033 188.8033 186.9033 187.1033 189.1033
 [49] 184.9033 183.3506 182.5130 182.5130 184.3709 183.3709 182.4566 182.4566
 [57] 183.4566 182.4566 185.5566 184.7906 184.4566 182.9566 183.3130 185.2566
 [65] 185.7566 183.8423 184.8423 184.5987 186.0130 186.7566 187.8423 186.7566
 [73] 187.2566 186.2566 186.2566 186.2566 185.9767 185.5293 186.2566 185.2566
 [81] 187.2566 186.3423 185.7897 189.0942 186.2566 188.7040 190.4107 190.1767
 [89] 189.6476 189.8816 189.7333 189.7333 188.2333 188.4897 188.2333 190.2333
 [97] 189.7237 190.4897 190.2333 191.6235


$buildId
$buildId[[1]]
  [1] -250.4698 -365.0788 -438.6359 -415.9815 -370.3091 -393.6797 -398.2337
  [8] -437.7022 -436.7287 -441.7117 -471.5935 -459.0131 -450.3226 -447.7548
 [15] -415.2607 -456.1369 -410.3324 -399.1665 -389.0514 -372.5840 -374.0697
 [22] -426.0369 -422.4099 -439.3543 -442.1043 -442.2194 -440.5448 -386.6186
 [29] -386.6787 -407.6837 -403.7284 -414.1337 -427.6972 -402.5250 -386.7059
 [36] -366.1901 -411.3901 -383.3901 -387.5234 -388.0567 -387.3424 -382.3901
 [43] -406.1901 -404.3901 -396.9109 -407.3871 -406.3871 -405.0538 -402.6371
 [50] -400.6371 -400.0538 -404.3395 -376.9440 -401.5136 -402.6728 -396.6898
 [57] -399.3088 -389.3921 -390.1921 -384.8588 -389.3395 -387.0588 -409.8588
 [64] -386.5255 -382.1921 -385.5895 -390.2562 -402.2921 -424.5255 -396.8421
 [71] -391.2921 -375.5088 -393.0326 -375.3660 -395.3660 -396.3660 -398.0017
 [78] -392.7160 -390.6041 -401.8538 -393.7586 -394.5419 -397.6848 -401.5731
 [85] -392.9541 -394.2874 -390.1921 -396.1921 -393.8012 -381.5681 -388.4943
 [92] -388.4943 -391.9705 -390.6371 -391.0231 -393.0231 -382.6371 -389.3038
 [99] -392.3564 -390.3038


$buildNRec
$buildNRec[[1]]
  [1] -318.3603 -308.0240 -366.2742 -285.7009 -267.3111 -281.2256 -295.2777
  [8] -320.0242 -290.5546 -312.2504 -330.5369 -309.1685 -306.8518 -303.0784
 [15] -271.0749 -295.2582 -260.1964 -266.9718 -256.5964 -243.8322 -239.5655
 [22] -277.4860 -283.2669 -303.2003 -305.1669 -293.5503 -302.8947 -259.9971
 [29] -254.6953 -275.3971 -277.2512 -271.4471 -286.8836 -269.7003 -254.5860
 [36] -233.4907 -266.8907 -251.6685 -251.9352 -256.5574 -257.2717 -245.8907
 [43] -266.4907 -259.8907 -259.6147 -253.6147 -249.5925 -250.6147 -255.1814
 [50] -256.4036 -255.9480 -258.8845 -234.8439 -249.1331 -249.8290 -250.3831
 [57] -251.4307 -228.3641 -235.9641 -233.9641 -231.3290 -229.0307 -248.5196
 [64] -233.3196 -236.8530 -237.7457 -233.7457 -257.2974 -276.2641 -262.3363
 [71] -264.6863 -240.5030 -260.3363 -239.7030 -258.2030 -258.2030 -262.4006
 [78] -246.4863 -246.2887 -254.9845 -246.6036 -254.2869 -256.6203 -266.1530
 [85] -252.7720 -257.7720 -272.5339 -270.8673 -275.1161 -264.7703 -268.1203
 [92] -268.1203 -265.5869 -263.9203 -265.9553 -268.9553 -261.9203 -261.5869
 [99] -260.9553 -261.5869


$tree
$tree[[1]]
  [1] -317.700288  -64.130426  -45.534160  -72.271486 -116.487010  -74.106050
  [7]  -23.720109  -68.279620   -9.537270   -2.452437  -22.000521  -23.380807
 [13]    4.610911    6.773956  -19.317302  -28.979968   -8.797965   -6.558844
 [19]  -30.621654  -24.178523  -11.971868  -22.255315  -23.372683  -14.580081
 [25]  -11.240642  -25.253902  -41.456712  -25.396133  -36.721315  -25.391372
 [31]  -35.785713  -42.233983  -47.738579  -51.271769  -51.407548  -56.914025
 [37]  -42.404213  -50.512950  -48.527854  -46.479170  -50.683955  -47.367443
 [43]  -37.964389  -40.028080  -50.570077  -45.907975  -43.615100  -50.542976
 [49]  -45.491285  -47.111056  -45.374827  -53.017442  -44.841920  -55.115470
 [55]  -43.007504  -50.606500  -46.087535  -54.052085  -49.817312  -50.806037
 [61]  -37.830333  -37.707306  -41.383367  -43.132798  -37.823047  -36.974751
 [67]  -37.502426  -42.298866  -49.166817  -36.059367  -35.759525  -30.862884
 [73]  -42.176968  -32.849696  -37.068718  -41.120634  -35.111693  -38.931730
 [79]  -45.980458  -39.346473  -39.029560  -39.884411  -26.387313  -31.341235
 [85]  -30.020057  -27.200206  -27.513965  -31.177808  -24.333705  -19.324960
 [91]  -17.498933  -18.572591  -19.289539  -19.876672  -18.661692  -26.634661
 [97]  -28.917207  -29.825774  -10.833918   -9.973413


$smallPla
$smallPla[[1]]
  [1]  14.582685  13.668955  28.111954   1.661570  -7.715166  -7.947120
  [7] -12.163191  -7.712836  -6.813187  -6.625893  -9.763362 -10.423483
 [13]  -9.187362  -7.186504  -6.473771  -6.651137  -7.849580  -5.926021
 [19]  -6.297805  -8.808881  -7.774517 -11.240901 -14.351656 -11.798802
 [25] -13.418443  -9.769765 -13.426108 -12.171434 -12.297795 -11.922724
 [31] -12.477097 -12.314941 -12.025510 -13.691698 -13.686710 -13.956311
 [37] -12.861421 -13.213439 -12.675507 -11.110584 -11.635930 -11.611089
 [43] -10.988022 -10.839592  -9.978479  -9.708332  -8.450545  -9.376327
 [49] -11.412380  -9.478835  -9.181771 -10.318385 -10.092671 -10.133158
 [55] -10.077886 -10.078929  -9.493479  -9.299233  -9.279346  -8.805926
 [61] -10.856217 -11.281817 -11.889893 -11.701650 -12.643615 -12.917852
 [67] -11.631212 -13.741085 -11.252051 -13.111389 -11.152909 -13.066000
 [73] -13.132517 -13.110246 -13.115815 -12.672114 -12.760268 -13.225547
 [79] -12.156986 -12.774844 -10.702783 -11.223748 -10.230691  -9.762811
 [85]  -9.674166  -7.659919  -8.173761  -7.586979 -10.251577  -7.588457
 [91]  -7.528172  -7.471005  -7.614529  -9.634696  -7.614529  -7.481169
 [97]  -7.045923  -7.077669  -7.052540  -9.231083


$diffBuild
$diffBuild[[1]]
  [1] 252.50187  45.34113  34.34740 141.24395 162.17345 165.76070 144.69903
  [8] 158.10264 151.49755 138.12762 147.25469 135.46440 117.71375 132.62934
 [15] 132.26139 137.11139 141.68802 140.00793 138.56550 131.78217 141.34169
 [22] 143.24169 144.57503 156.14169 141.24169 147.00924 145.40836 157.79169
 [29] 167.14884 156.95836 165.12503 158.47503 148.07200 150.76485 162.74819
 [36] 166.89448 160.29448 165.91829 161.72782 163.11829 160.72782 161.97782
 [43] 157.21115 157.56115 156.64448 156.47782 155.72782 159.72782 163.59819
 [50] 159.22782 159.16485 152.24819 175.66485 160.97782 159.51485 171.87200
 [57] 175.49819 174.30533 164.58152 165.10533 157.87782 167.96115 160.96115
 [64] 171.08152 170.33152 171.83152 172.83152 176.83152 167.71115 170.21115
 [71] 175.21115 174.46115 168.81829 170.96115 168.81829 174.31829 166.71115
 [78] 164.81829 181.31829 176.31829 175.85163 179.22200 179.72200 170.35163
 [85] 177.85163 178.61485 174.11485 173.36485 179.13866 186.28152 186.28152
 [92] 185.53152 182.53152 186.78152 180.03152 178.13866 186.60533 180.96247
 [99] 181.93240 180.78954


$streeFur
$streeFur[[1]]
  [1] 31.82095 36.19453 52.32061 65.91599 64.07544 83.27164 69.15262 72.50809
  [9] 70.88236 71.30827 56.69290 58.38992 67.85213 71.05382 72.69640 63.67746
 [17] 57.16187 60.51434 64.61758 63.49971 63.57176 62.76444 63.80000 75.12154
 [25] 72.15362 72.24043 72.04719 76.31870 78.61036 75.98685 76.26610 78.88613
 [33] 72.63460 74.07911 77.81632 76.58011 77.80797 75.99877 74.90106 76.92280
 [41] 74.42924 77.32184 76.99277 80.21465 76.77757 78.86554 79.95310 79.51806
 [49] 82.07397 83.10794 79.67159 76.84119 75.89078 75.67489 75.05241 75.63733
 [57] 79.82775 75.89820 77.58041 76.18657 76.88154 79.41773 78.90622 78.57194
 [65] 79.77428 78.72354 77.02947 79.83587 78.44476 82.02370 84.82391 84.37397
 [73] 82.97201 86.18376 82.86526 83.20125 83.73431 82.47493 86.65439 80.85507
 [81] 83.27030 83.67810 86.01462 84.54780 86.29598 88.27763 89.97094 91.20290
 [89] 83.83976 89.30177 88.85731 89.46445 89.28816 88.15123 90.17357 86.99739
 [97] 92.52464 88.76771 91.38160 89.09139


$basCol
$basCol[[1]]
  [1]  -24.81209 -117.33017 -143.21870 -146.77364 -132.05951 -116.18232
  [7] -127.30654 -120.05654 -110.47058 -112.85632 -124.18515 -115.46234
 [13]  -98.36147 -110.83528 -103.44305 -100.67462 -110.21322 -102.06773
 [19] -108.28824 -111.21773 -107.77287 -102.63001 -111.08954 -105.24601
 [25] -104.27287 -101.64480 -114.07901 -105.37726 -103.07462 -103.32462
 [31] -107.32462 -114.32462 -115.49458 -112.30708 -108.42550 -106.94217
 [37] -109.39041 -102.14041 -106.10883 -100.99041 -106.17462 -103.17462
 [43] -104.85883 -104.84129 -103.89392 -100.60971 -105.87638 -102.60971
 [49] -103.52726 -100.54480 -100.29480 -102.56147  -99.05796 -102.77726
 [55]  -98.71059  -98.11059  -95.93110  -97.43110 -102.79952 -103.63286
 [61] -103.43110 -102.43110 -104.79952 -100.46619 -101.29952 -103.96619
 [67]  -98.96619 -104.51882  -99.01882 -103.29263 -101.29263 -103.24000
 [73] -104.21619 -107.04952 -105.54952 -104.28286 -103.44831 -104.06234
 [79] -105.94952 -105.07638 -104.34305 -107.84305 -104.84305 -104.31234
 [85] -102.71619 -102.08615 -101.41949 -100.56234 -101.13352  -96.96685
 [91]  -95.63352  -96.38352  -95.52638  -95.05019  -96.57901  -95.10282
 [97]  -90.82333  -92.49000  -95.49000  -95.74000


$ligh
$ligh[[1]]
  [1] 86.552708 -1.957495 30.166927 38.132886 39.302421 53.397172 43.176610
  [8] 51.374415 53.397597 44.507021 44.910869 40.490867 40.878458 41.083549
 [15] 39.737371 39.333377 39.238358 38.126019 37.530606 35.171917 36.759796
 [22] 39.215200 38.944643 35.630147 35.840003 36.012540 36.068306 33.090654
 [29] 31.415153 32.566800 34.784128 34.930914 34.384055 35.234788 35.639838
 [36] 32.126850 34.306556 32.804608 33.858809 33.004628 34.709207 34.892379
 [43] 35.941832 33.908984 36.492820 37.596802 35.154144 35.258983 34.806258
 [50] 35.103173 35.748629 35.989643 37.033124 37.265297 34.936302 35.628496
 [57] 36.427795 34.009653 36.278992 32.830320 34.270959 35.139139 34.668222
 [64] 34.384691 35.791883 33.818415 34.707193 33.707714 35.600729 34.696472
 [71] 34.240218 34.628717 33.311547 34.818344 34.456618 34.387889 35.427630
 [78] 33.164225 32.994876 33.677651 33.801379 34.886080 32.449449 32.877766
 [85] 34.051397 35.856431 35.501336 34.913761 35.166293 33.682548 31.702485
 [92] 31.827731 32.271482 31.442840 32.262010 29.945615 29.805274 30.582459
 [99] 33.089797 31.404381


$accenCol
$accenCol[[1]]
  [1]  96.750824   6.909601 -40.693672 -31.905316  -6.258449  14.583656
  [7]  18.899378  17.632712  13.485343  15.774817   2.391416  19.689662
 [13]  25.992293  20.280388  26.208960  25.148434  19.119486  30.776880
 [19]  31.107649  31.876880  29.480890  26.718985  30.664223  27.475694
 [25]  28.647556  21.152820  26.915977  34.038784  37.065100  27.815100
 [31]  30.315100  28.315100  26.551942  34.051942  36.762469  43.979135
 [37]  36.051942  43.968609  38.479135  39.768609  36.531767  39.031767
 [43]  31.312469  35.865100  30.312469  29.149311  32.049311  32.649311
 [49]  34.512469  33.442293  34.275627  34.075627  38.065100  36.012469
 [55]  41.312469  38.012469  39.243238  39.743238  32.953764  38.620431
 [61]  41.243238  41.243238  39.453764  40.953764  38.453764  40.453764
 [67]  36.953764  34.901133  39.401133  40.389228  37.889228  39.441859
 [73]  38.203764  36.203764  38.203764  39.303764  38.420363  40.472995
 [79]  38.803764  38.625627  36.525627  30.525627  34.525627  33.972995
 [85]  36.203764  33.711090  36.377757  34.972995  40.163722  40.830388
 [91]  40.663722  40.413722  40.175627  46.413722  39.122995  42.861090
 [97]  48.858526  44.691859  41.191859  43.691859


$peop
$peop[[1]]
  [1] -824.0311 -751.0378 -605.7135 -550.9811 -475.5533 -479.6712 -447.4010
  [8] -447.9589 -466.1786 -462.9037 -476.4299 -459.1924 -469.8525 -455.9740
 [15] -440.6577 -434.2180 -448.1343 -437.9663 -409.4880 -436.0239 -442.0172
 [22] -430.4374 -424.4360 -418.6846 -437.9418 -429.0766 -415.6629 -441.7064
 [29] -432.4514 -441.7022 -428.3240 -446.7853 -459.1333 -467.7966 -453.9689
 [36] -464.9345 -458.8490 -447.4282 -447.3144 -446.9505 -441.9133 -440.0390
 [43] -436.5786 -426.6803 -429.6338 -427.6473 -441.6272 -439.8606 -416.0661
 [50] -427.1394 -419.1354 -424.1180 -419.8406 -436.5721 -441.1730 -422.0207
 [57] -417.9549 -424.9845 -429.0140 -439.0034 -450.0772 -441.0873 -440.7203
 [64] -442.1482 -428.9898 -437.0251 -433.3008 -409.8451 -425.7181 -429.5078
 [71] -422.8103 -427.4463 -422.2500 -427.8819 -424.8416 -425.6447 -431.1099
 [78] -431.8255 -426.0517 -431.8665 -430.8908 -417.9358 -424.0330 -430.1294
 [85] -429.3934 -426.5720 -416.9244 -419.2636 -419.1420 -420.1044 -419.8959
 [92] -421.7261 -427.7924 -420.9372 -429.3757 -424.9666 -418.7862 -420.2277
 [99] -434.4775 -429.1590


$graff
$graff[[1]]
  [1]   5 -18 -17 -21 -19 -14 -18 -16 -15 -14 -14 -16 -23 -26 -25 -23 -25 -21
 [19] -21 -22 -19 -20 -19 -18 -16 -20 -20 -19 -19 -20 -20 -17 -18 -19 -19 -19
 [37] -18 -16 -17 -17 -17 -17 -18 -18 -17 -18 -17 -17 -17 -17 -17 -16 -15 -15
 [55] -15 -14 -15 -16 -17 -16 -17 -17 -17 -17 -17 -15 -16 -15 -15 -15 -14 -16
 [73] -13 -15 -13 -13 -15 -14 -14 -13 -13 -11 -12 -14 -14 -14 -15 -15 -11 -13
 [91] -13 -13 -11 -13 -12 -15 -14 -13 -14 -13


$buildDiffAges
$buildDiffAges[[1]]
  [1] -22 -13 -22 -41 -41 -55 -50 -41 -45 -46 -44 -50 -57 -58 -58 -55 -55 -57
 [19] -61 -59 -56 -56 -54 -52 -53 -55 -56 -56 -54 -57 -58 -56 -57 -58 -56 -59
 [37] -56 -57 -56 -56 -54 -54 -56 -58 -56 -58 -57 -58 -60 -59 -61 -60 -61 -60
 [55] -60 -61 -63 -65 -65 -63 -61 -65 -64 -66 -66 -63 -66 -66 -64 -63 -61 -63
 [73] -61 -63 -62 -62 -62 -61 -62 -61 -60 -60 -62 -62 -62 -62 -62 -63 -58 -60
 [91] -61 -61 -60 -61 -61 -63 -63 -62 -63 -62


$streetWid
$streetWid[[1]]
  [1] -359.24015 -208.26535 -244.57268  -17.56738  114.04068  321.43179
  [7]  390.52286  201.51511  335.38357  291.96004  319.98179  259.88861
 [13]  326.46095  314.23341  254.70734  250.97989  306.55051  290.42667
 [19]  220.88196  324.96734  277.21400  221.96870  239.18618  250.06414
 [25]  262.66168  228.26663  196.10234  290.70610  280.55769  286.73943
 [31]  299.88931  297.92515  282.75848  304.08325  293.91659  271.53356
 [37]  266.32973  238.92007  218.43912  267.78101  266.06544  263.45579
 [43]  256.81951  252.25284  239.52904  218.98518  205.36237  209.73518
 [49]  237.94132  243.07114  240.27465  198.87227  183.96274  175.51513
 [55]  195.30560  219.58179  189.25798  181.25798  198.75798  187.51092
 [61]  197.71513  221.25798  215.67465  242.55798  252.89132  215.53179
 [67]  216.06513  193.10798  202.37465  267.09132  257.75798  260.69132
 [73]  226.12465  242.52465  235.52465  219.81412  261.26832  246.57477
 [79]  230.48079  214.79508  209.65633  233.32299  263.21654  250.85940
 [85]  249.14204  275.85940  280.65532  275.30238  303.40088  296.73001
 [91]  320.44373  320.44373  294.61040  301.14373  305.65326  324.48659
 [97]  314.14495  316.45867  360.40153  366.42534


$sidewalkWid
$sidewalkWid[[1]]
  [1] -176.72301  -75.19342  -82.60830  -92.25036 -112.07831 -134.27541
  [7] -128.17604 -129.87261 -126.67360 -134.49471 -144.78012 -150.23593
 [13] -133.12869 -126.08178 -130.56602 -131.35608 -135.55256 -135.25293
 [19] -143.17407 -126.67684 -137.33186 -132.73655 -136.33925 -139.88455
 [25] -131.80447 -135.81598 -140.07220 -128.91619 -126.00512 -125.05028
 [31] -123.84858 -127.43567 -124.08430 -119.50159 -116.92659 -116.42783
 [37] -124.09977 -121.05797 -118.82821 -112.04842 -113.77749 -113.01346
 [43] -113.31003 -117.65395 -116.55555 -114.67866 -119.61805 -120.30467
 [49] -122.07879 -118.68209 -124.78712 -130.31372 -128.37879 -128.17165
 [55] -130.72723 -130.62998 -129.23474 -132.62641 -130.15041 -136.39751
 [61] -131.43932 -129.50974 -130.49825 -126.99825 -124.76391 -131.08099
 [67] -131.27165 -133.46701 -126.49308 -122.83785 -123.93785 -122.62118
 [73] -131.39618 -125.44618 -131.36285 -131.84530 -120.45121 -127.64818
 [79] -129.11197 -129.67018 -125.33663 -126.81063 -123.58966 -120.18609
 [85] -119.50349 -112.56109 -112.83689 -114.46679 -117.10244 -107.83564
 [91] -109.84054 -110.50720 -119.72387 -118.61554 -117.84530 -113.19530
 [97] -117.43227 -119.06218 -116.28361 -120.83718


$debris
$debris[[1]]
  [1] -0.1904528 -0.2692077 -0.2480039 -0.1791348 -0.1733759 -0.1561683
  [7] -0.1595962 -0.1661201 -0.1557197 -0.1710733 -0.1671819 -0.1843797
 [13] -0.1828031 -0.1826567 -0.1871361 -0.1876147 -0.1834338 -0.1770255
 [19] -0.1782708 -0.1853023 -0.1826226 -0.1930337 -0.1880767 -0.1893539
 [25] -0.1864523 -0.1974872 -0.1880054 -0.1864722 -0.1923167 -0.1911577
 [31] -0.1897570 -0.1854867 -0.1913449 -0.1843149 -0.1846443 -0.1909708
 [37] -0.1888985 -0.1893460 -0.1923152 -0.1943009 -0.1891492 -0.1944199
 [43] -0.1912629 -0.1908062 -0.1910210 -0.1938730 -0.1935002 -0.1944069
 [49] -0.1897940 -0.1944869 -0.1882408 -0.1912349 -0.1870200 -0.1866223
 [55] -0.1881644 -0.1827389 -0.1838580 -0.1876258 -0.1851069 -0.1856126
 [61] -0.1890258 -0.1836943 -0.1874337 -0.1832651 -0.1819564 -0.1857280
 [67] -0.1860549 -0.1832040 -0.1843328 -0.1768433 -0.1772870 -0.1813332
 [73] -0.1790834 -0.1797770 -0.1775003 -0.1774757 -0.1783960 -0.1792617
 [79] -0.1775058 -0.1801385 -0.1804664 -0.1754408 -0.1788781 -0.1827771
 [85] -0.1793665 -0.1767403 -0.1748786 -0.1756816 -0.1719615 -0.1739065
 [91] -0.1746747 -0.1734369 -0.1743713 -0.1770283 -0.1732918 -0.1779025
 [97] -0.1784888 -0.1804372 -0.1753288 -0.1760605


$pavement
$pavement[[1]]
  [1] -0.10562038 -0.14908102 -0.12049804 -0.10371527 -0.09145290 -0.07810634
  [7] -0.07908680 -0.08206194 -0.07651758 -0.08213303 -0.07143224 -0.08572060
 [13] -0.08650941 -0.09083361 -0.08972622 -0.08937945 -0.09124365 -0.08680717
 [19] -0.09483691 -0.09404563 -0.09129632 -0.09614416 -0.09151344 -0.09110578
 [25] -0.09380064 -0.10105864 -0.09482082 -0.09262813 -0.09250353 -0.09148809
 [31] -0.09331118 -0.09440494 -0.09858329 -0.09410271 -0.09314402 -0.09521541
 [37] -0.09492519 -0.09819607 -0.09706226 -0.09941206 -0.09575977 -0.09960585
 [43] -0.09333101 -0.09590208 -0.09468265 -0.09701815 -0.09862412 -0.09993117
 [49] -0.09685123 -0.09908619 -0.09926811 -0.09980496 -0.09836411 -0.09547698
 [55] -0.09530953 -0.09767672 -0.09736622 -0.09936696 -0.09909909 -0.09925688
 [61] -0.09849622 -0.09846941 -0.09929521 -0.09420828 -0.09337628 -0.09527793
 [67] -0.09643397 -0.09895328 -0.09471879 -0.09686745 -0.09882338 -0.09968643
 [73] -0.09831451 -0.09791666 -0.09749421 -0.09786703 -0.09213866 -0.09450772
 [79] -0.09641631 -0.09479634 -0.09495214 -0.09583365 -0.09755400 -0.09764008
 [85] -0.09562104 -0.09458008 -0.09237535 -0.09188224 -0.09153617 -0.08943512
 [91] -0.09277437 -0.09196174 -0.09467314 -0.09566694 -0.09400833 -0.09478815
 [97] -0.09595157 -0.09747514 -0.09410676 -0.09480501


$landscape
$landscape[[1]]
  [1] -0.08129732 -0.08505542 -0.08975965 -0.05094389 -0.04489807 -0.03356648
  [7] -0.02694187 -0.03392935 -0.02157403 -0.02620256 -0.01980946 -0.02799570
 [13] -0.02800642 -0.03402235 -0.03591669 -0.03146919 -0.03235448 -0.03707256
 [19] -0.04062512 -0.04095104 -0.03966218 -0.04186393 -0.04020526 -0.03483475
 [25] -0.03540603 -0.04029013 -0.03595475 -0.03768612 -0.04067406 -0.04030216
 [31] -0.04168673 -0.04294160 -0.04399299 -0.03730348 -0.03567049 -0.03815032
 [37] -0.03965845 -0.04077181 -0.03886095 -0.04139995 -0.03786329 -0.03972395
 [43] -0.03225374 -0.03528175 -0.03750848 -0.03538905 -0.03821255 -0.03953727
 [49] -0.03561413 -0.04047364 -0.03689154 -0.04042434 -0.04088276 -0.03921056
 [55] -0.04061706 -0.04244278 -0.03774215 -0.04128350 -0.03674216 -0.03807402
 [61] -0.03698036 -0.03501522 -0.03596882 -0.03330353 -0.03306988 -0.03602493
 [67] -0.03573115 -0.03591085 -0.03453318 -0.02940720 -0.03386627 -0.03336206
 [73] -0.03549770 -0.03341519 -0.03445142 -0.03531488 -0.03175851 -0.03461947
 [79] -0.03472408 -0.03648609 -0.03662866 -0.03624650 -0.03779438 -0.03857692
 [85] -0.03515671 -0.03402237 -0.03181751 -0.03308997 -0.03208147 -0.03050851
 [91] -0.03350265 -0.03263910 -0.03518953 -0.03530201 -0.03349479 -0.03555557
 [97] -0.03588392 -0.03719032 -0.03379999 -0.03525561


$propStreetWall
$propStreetWall[[1]]
  [1] 0.04072188 0.03556990 0.01919218 0.02154688 0.01993622 0.02510240
  [7] 0.01959593 0.02200805 0.02553819 0.02136266 0.02073805 0.02354905
 [13] 0.02287883 0.02152655 0.02141915 0.02300870 0.02079476 0.02147661
 [19] 0.02359792 0.02164304 0.02303806 0.02432870 0.02356158 0.02527993
 [25] 0.02608854 0.02539877 0.02399794 0.02380356 0.02324131 0.02294222
 [31] 0.02082530 0.02259415 0.02184660 0.02227199 0.02183551 0.02282299
 [37] 0.02168335 0.02343263 0.02351697 0.02344405 0.02348984 0.02317199
 [43] 0.02363777 0.02345990 0.02200394 0.02407484 0.02233334 0.02261639
 [49] 0.02234395 0.02177130 0.02151880 0.02210053 0.02253397 0.02246367
 [55] 0.02267693 0.02185818 0.02370643 0.02418320 0.02407776 0.02384198
 [61] 0.02431321 0.02425782 0.02389481 0.02419472 0.02433910 0.02454489
 [67] 0.02559434 0.02407208 0.02505983 0.02509210 0.02405305 0.02425355
 [73] 0.02394950 0.02378736 0.02441588 0.02467386 0.02369485 0.02368094
 [79] 0.02332912 0.02385116 0.02320119 0.02299979 0.02322256 0.02319730
 [85] 0.02447490 0.02309616 0.02319527 0.02232637 0.02340851 0.02310685
 [91] 0.02253208 0.02264200 0.02335215 0.02363727 0.02297775 0.02309090
 [97] 0.02448419 0.02454721 0.02423713 0.02484531


$propWind
$propWind[[1]]
  [1]  0.0107456866 -0.0078158572  0.0011142551 -0.0013831596 -0.0015009852
  [6] -0.0032995325 -0.0056979316 -0.0036493808 -0.0058327673 -0.0048634055
 [11] -0.0042719118 -0.0038861850 -0.0038518833 -0.0026321251 -0.0028230730
 [16] -0.0033935156 -0.0034728208 -0.0032776114 -0.0052504210 -0.0036167243
 [21] -0.0034645621 -0.0034029982 -0.0023704513 -0.0018353764 -0.0026540473
 [26] -0.0031622122 -0.0020308663 -0.0016723240 -0.0012713308 -0.0019216240
 [31] -0.0009541709 -0.0024494474 -0.0021794658 -0.0020950019 -0.0012565559
 [36] -0.0010840162 -0.0008403497 -0.0007928554 -0.0012813242 -0.0012683804
 [41] -0.0017988207 -0.0011766654 -0.0014048024 -0.0016730752 -0.0017398844
 [46] -0.0021424978 -0.0021064593 -0.0020377949 -0.0025620087 -0.0015534435
 [51] -0.0017050660 -0.0026466042 -0.0019692850 -0.0026806012 -0.0028123482
 [56] -0.0029581053 -0.0031003923 -0.0028081535 -0.0026811092 -0.0023369703
 [61] -0.0024701560 -0.0019924329 -0.0017683673 -0.0021220501 -0.0022680601
 [66] -0.0031628203 -0.0031012578 -0.0028152753 -0.0024211778 -0.0022056203
 [71] -0.0019798815 -0.0017720602 -0.0016960531 -0.0016919730 -0.0019860742
 [76] -0.0021842138 -0.0018698322 -0.0018824611 -0.0012139365 -0.0014094503
 [81] -0.0008695596 -0.0016191829 -0.0015614272 -0.0014661473 -0.0012544831
 [86] -0.0017730608 -0.0013449015 -0.0010227900 -0.0014216211 -0.0006662900
 [91] -0.0008629124 -0.0008620563 -0.0016699237 -0.0011291921 -0.0019200926
 [96] -0.0019303790 -0.0014203467 -0.0021838445 -0.0025579839 -0.0026959795


$longSight
$longSight[[1]]
  [1]  -48.33853 -101.84134 -100.54394  -63.69827  -46.79740  -47.93615
  [7]  -32.51710  -32.03918  -40.23463  -48.56147  -46.22251  -39.77251
 [13]  -43.18918  -36.62403  -43.47251  -46.00433  -44.20433  -42.53766
 [19]  -42.17100  -36.10433  -36.85281  -38.00281  -40.06948  -41.72100
 [25]  -43.38615  -40.00433  -35.17100  -37.53766  -37.37100  -36.37100
 [31]  -32.70433  -39.97100  -38.47100  -32.78918  -36.53766  -35.45584
 [37]  -39.87100  -32.37100  -35.37100  -38.37100  -32.77100  -35.80433
 [43]  -36.13766  -35.87100  -36.07100  -38.80433  -36.70433  -37.60433
 [49]  -34.08766  -37.12100  -34.70433  -32.67100  -30.75433  -27.50433
 [55]  -32.50433  -30.42100  -31.25433  -31.93766  -30.43766  -31.77100
 [61]  -33.93766  -30.60433  -34.93766  -34.93766  -30.83766  -32.83766
 [67]  -32.93766  -28.93766  -30.43766  -33.43766  -32.83766  -34.33766
 [73]  -30.83766  -29.83766  -29.83766  -30.13766  -29.50433  -30.50433
 [79]  -32.63766  -29.63766  -28.33766  -25.33766  -30.33766  -34.67100
 [85]  -34.33766  -33.83766  -32.50433  -33.50433  -30.93766  -29.30433
 [91]  -31.80433  -31.80433  -31.43766  -34.93766  -31.43766  -36.43766
 [97]  -38.83766  -39.83766  -35.83766  -36.67100


$propSkyAhead
$propSkyAhead[[1]]
  [1] 0.05846721 0.06112194 0.04522951 0.03747414 0.04827321 0.06466647
  [7] 0.05219033 0.05235722 0.04985834 0.04836622 0.04642410 0.04791034
 [13] 0.04289833 0.04367670 0.04655964 0.04347117 0.04196689 0.04496866
 [19] 0.04568849 0.04659187 0.04829082 0.04468487 0.04438984 0.04905291
 [25] 0.04778996 0.04773125 0.04738282 0.05173922 0.05154926 0.05185280
 [31] 0.05157239 0.05235855 0.05342414 0.05257143 0.05274829 0.05288117
 [37] 0.05170498 0.05305041 0.05261893 0.05239025 0.05086851 0.05092121
 [43] 0.05050324 0.04993465 0.04934677 0.05061033 0.05149086 0.05173072
 [49] 0.05202263 0.05300554 0.05068420 0.05108013 0.05181082 0.05057459
 [55] 0.05165159 0.05247089 0.05169196 0.05195299 0.05201097 0.05330029
 [61] 0.05057561 0.05190029 0.05060583 0.05233704 0.05125265 0.05475042
 [67] 0.05434888 0.05586840 0.05367759 0.05563876 0.05572254 0.05557955
 [73] 0.05443541 0.05370016 0.05387052 0.05384313 0.05460420 0.05543125
 [79] 0.05414755 0.05316545 0.05274952 0.05305917 0.05401627 0.05375265
 [85] 0.05324425 0.05446181 0.05489570 0.05345863 0.05353562 0.05325034
 [91] 0.05305173 0.05299910 0.05521327 0.05495525 0.05526815 0.05351114
 [97] 0.05599516 0.05619871 0.05488448 0.05581747


$propSkyAcross
$propSkyAcross[[1]]
  [1] 0.04742182 0.06840249 0.04816021 0.02900911 0.03957222 0.04481751
  [7] 0.04115966 0.03883111 0.03512896 0.03455811 0.03514898 0.03557674
 [13] 0.03530148 0.03119867 0.03349330 0.03170136 0.03348174 0.03563138
 [19] 0.03329616 0.03405361 0.03429918 0.03147018 0.03024818 0.03203927
 [25] 0.03308640 0.03344315 0.03115806 0.03444976 0.03358935 0.03560435
 [31] 0.03471025 0.03284897 0.03422755 0.03512718 0.03459199 0.03545734
 [37] 0.03398655 0.03366697 0.03398324 0.03351468 0.03217461 0.03226028
 [43] 0.03244302 0.03178822 0.02948024 0.03098674 0.03149882 0.03155388
 [49] 0.03098295 0.03241701 0.03051793 0.02992157 0.03069380 0.02943692
 [55] 0.02983998 0.02961722 0.02947595 0.03026246 0.03115154 0.03194662
 [61] 0.03084832 0.03107594 0.02995779 0.03110734 0.03029317 0.03224325
 [67] 0.03295284 0.03273631 0.03183267 0.03262530 0.03233102 0.03248743
 [73] 0.03121243 0.03090830 0.03076626 0.03058860 0.03203447 0.03156009
 [79] 0.03127294 0.03077549 0.03048935 0.02931010 0.03124848 0.03169075
 [85] 0.03090131 0.03087030 0.03151829 0.03099122 0.03046846 0.03150999
 [91] 0.03180830 0.03190013 0.03299939 0.03344680 0.03277666 0.03283375
 [97] 0.03508312 0.03391528 0.03352717 0.03411254


$buildHeight
$buildHeight[[1]]
  [1] 4331.293 4964.553 4966.512 6354.831 6245.341 5825.496 6019.632 6224.326
  [9] 6081.094 6023.223 6116.626 6081.505 6052.116 6244.617 6092.481 5886.380
 [17] 5891.899 6021.020 6097.946 6036.040 6044.121 6181.894 6175.172 6105.623
 [25] 6123.759 5981.557 6118.898 6054.395 6102.300 5985.512 5922.179 5930.608
 [33] 5850.414 5869.005 5938.447 5967.084 6186.355 6078.041 6127.965 5944.958
 [41] 6065.701 6045.251 6003.445 6053.713 6216.460 6115.012 6041.623 6044.504
 [49] 6083.593 6087.966 6198.713 6155.718 6189.352 6322.609 6282.011 6321.840
 [57] 6262.214 6248.175 6187.163 6256.859 6345.545 6354.043 6372.390 6320.254
 [65] 6314.901 6368.852 6266.252 6209.425 6202.796 6215.896 6244.479 6262.634
 [73] 6246.203 6257.215 6354.298 6361.826 6199.867 6307.005 6350.228 6339.140
 [81] 6233.672 6221.142 6176.518 6161.040 6331.640 6161.084 6181.466 6160.650
 [89] 6275.061 6211.861 6171.911 6164.315 6133.562 6254.121 6131.168 6135.622
 [97] 6145.305 6132.020 6107.784 6200.384


$propActiveUse
$propActiveUse[[1]]
  [1] -0.04625718 -0.05495471 -0.06598404 -0.05423140 -0.05042403 -0.04655357
  [7] -0.04761461 -0.05063069 -0.04831297 -0.04813087 -0.05209129 -0.04808639
 [13] -0.04686035 -0.04735443 -0.04857626 -0.04851596 -0.04717438 -0.04834155
 [19] -0.04918461 -0.05039783 -0.04742232 -0.04829196 -0.04741151 -0.04547850
 [25] -0.04557997 -0.04643280 -0.04795482 -0.04689420 -0.04732611 -0.04630379
 [31] -0.04631099 -0.04828099 -0.04839633 -0.04905023 -0.04903794 -0.04910935
 [37] -0.04837220 -0.04877385 -0.05005991 -0.04857012 -0.05016062 -0.05014000
 [43] -0.04890972 -0.04873216 -0.04917680 -0.04768802 -0.04872033 -0.04837863
 [49] -0.04835203 -0.04829770 -0.04902805 -0.04887568 -0.04827820 -0.04908159
 [55] -0.04924308 -0.04897711 -0.04742241 -0.04702579 -0.04754722 -0.04805702
 [61] -0.04755616 -0.04613652 -0.04699682 -0.04634522 -0.04576643 -0.04711500
 [67] -0.04595840 -0.04537853 -0.04641311 -0.04531410 -0.04587478 -0.04523737
 [73] -0.04582885 -0.04523852 -0.04553289 -0.04563899 -0.04606936 -0.04650094
 [79] -0.04592887 -0.04632049 -0.04642649 -0.04694881 -0.04595468 -0.04633672
 [85] -0.04542908 -0.04649013 -0.04662117 -0.04619771 -0.04728534 -0.04702427
 [91] -0.04715800 -0.04709360 -0.04642591 -0.04676076 -0.04637265 -0.04706196
 [97] -0.04662363 -0.04645601 -0.04643931 -0.04648608


$movCarsN
$movCarsN[[1]]
[1] 8804.795


$parkCarsN
$parkCarsN[[1]]
[1] 22604.81


$movCiclyN
$movCiclyN[[1]]
[1] 2662.119


$buildIdN
$buildIdN[[1]]
[1] 10307.54


$buildNRecN
$buildNRecN[[1]]
[1] 10367.03


$treeN
$treeN[[1]]
[1] 15497.13


$smallPlaN
$smallPlaN[[1]]
[1] 1064.289


$diffBuildN
$diffBuildN[[1]]
[1] 12321.84


$streeFurN
$streeFurN[[1]]
[1] 5687.67


$basColN
$basColN[[1]]
[1] 5094.668


$lighN
$lighN[[1]]
[1] 2089.325


$accenColN
$accenColN[[1]]
[1] 5897.676


$peopN
$peopN[[1]]
[1] 13568.55


$graffN
$graffN[[1]]
[1] 980


$buildDiffAgesN
$buildDiffAgesN[[1]]
[1] 1760


$streetWidN
$streetWidN[[1]]
[1] 49113.32


$sidewalkWidN
$sidewalkWidN[[1]]
[1] 6404.704


$debrisN
$debrisN[[1]]
[1] 0.9065162


$pavementN
$pavementN[[1]]
[1] 0.8684241


$landscapeN
$landscapeN[[1]]
[1] 0.929155


$propStreetWallN
$propStreetWallN[[1]]
[1] 0.2187537


$propWindN
$propWindN[[1]]
[1] 0.12055


$longSightN
$longSightN[[1]]
[1] 4914.278


$propSkyAheadN
$propSkyAheadN[[1]]
[1] 0.3589732


$propSkyAcrossN
$propSkyAcrossN[[1]]
[1] 0.3364146


$buildHeightN
$buildHeightN[[1]]
[1] 69707.91


$propActiveUseN
$propActiveUseN[[1]]
[1] 0.2293493


feature realS lowerS higherS normS normS2
propActiveUse -0.047795708669038 -0.0482965629823484 -0.0472948543557276 -0.208397021498311 -0.206260606598048
debris -0.184203746716149 -0.186871957518842 -0.181535535913456 -0.203199624574068 -0.202727878527597
propSkyAhead 0.0516538161712593 0.0508702218582492 0.0524374104842694 0.14389324916863 0.145824628023655
pavement -0.0951698574358423 -0.0967740763940167 -0.093565638477668 -0.109589150726282 -0.109490024808025
propStreetWall 0.0234865285856815 0.0229901920553079 0.0239828651160552 0.107365170658627 0.106879704511952
propSkyAcross 0.0332690834441052 0.032314282451308 0.0342238844369025 0.0988931112650865 0.0957417822487451
buildHeight 6110.10712765304 6055.11577308006 6165.09848222602 0.0876530001864506 0.0883808580635013
movCicly 188.38740787693 187.184123264544 189.590692489315 0.0707659505814289 0.0702897009673082
landscape -0.0375905374881298 -0.0394900175349241 -0.0356910574413356 -0.0404566897229145 -0.0386756980573272
buildId -400.034832915622 -405.209071095244 -394.860594735999 -0.0388099148380123 -0.038397034535535
peop -445.078519056067 -456.110144953846 -434.046893158288 -0.0328022049966157 -0.0317990894308055
buildDiffAges -57.27 -58.9775530199342 -55.5624469800658 -0.0325397727272727 -0.0340909090909091
parkCars -646.276098552264 -664.665404214417 -627.886792890111 -0.0285902073466747 -0.0294870173302823
movCars 250.869197335338 247.448905243452 254.289489427224 0.0284923388739722 0.0286009147779056
buildNRec -265.499481203007 -270.309291111679 -260.689671294336 -0.0256099957019032 -0.0251052118677499
basCol -104.565960550414 -106.947474133163 -102.184446967666 -0.0205245891757294 -0.0203129603376756
sidewalkWid -124.638799244991 -127.058941118507 -122.218657371474 -0.0194605089857143 -0.0196302044434888
propWind -0.00212786125425082 -0.00248116818241724 -0.0017745543260844 -0.0176512792601107 -0.0165014849039916
ligh 35.8659654971526 34.3651716976091 37.3667592966962 0.0171662906268007 0.0167054264920317
graff -16.26 -16.9995385307391 -15.5204614692609 -0.0165918367346939 -0.0163265306122449
streeFur 76.7447551065261 74.6728780299367 78.8166321831156 0.013493179891175 0.0136808476411039
diffBuild 161.135693679743 156.270645987886 166.000741371599 0.0130772391542403 0.0133169889087738
smallPla -9.3474604843535 -10.4749020599069 -8.22001890880014 -0.00878282524106336 -0.00956688367983434
longSight -37.0225367965368 -39.1683108650771 -34.8767627279966 -0.00753366735722157 -0.0071094189935547
accenCol 32.5807100925391 29.619876003634 35.5415441814442 0.00552433030204589 0.00610956004961131
streetWid 238.150264444394 217.171709710155 259.128819178632 0.00484899546200132 0.00512317980714827
tree -38.8497984190997 -45.4318797718441 -32.2677170663553 -0.00250690322379363 -0.00243691463103116
feature value norm
imageability -1215.17879372511 -0.0308908757855479
complexity -837.563588676978 -0.00772660855138066
coherence -461.723048910264 -0.0135411017056445
linkage 451.996924983195 0.00719369270874725
legibility -437.057369712159 -0.0287125561537933
humanScale 259.719275504283 0.0025117559257033
enclosure 198.14389472591 0.00276682988036882
transparency -124.638799244991 -0.0194605089857143
tidiness 60.167790964886 0.00902015234540086
     feature     value         norm
1 complexity -837.5636 -0.007726609
         feature      realS     lowerS     higherS        normS       normS2
1        movCars  250.86920  247.44891  254.289489  0.028492339  0.028600915
2       parkCars -646.27610 -664.66540 -627.886793 -0.028590207 -0.029487017
3       movCicly  188.38741  187.18412  189.590692  0.070765951  0.070289701
4      buildNRec -265.49948 -270.30929 -260.689671 -0.025609996 -0.025105212
5           tree  -38.84980  -45.43188  -32.267717 -0.002506903 -0.002436915
6       smallPla   -9.34746  -10.47490   -8.220019 -0.008782825 -0.009566884
7      diffBuild  161.13569  156.27065  166.000741  0.013077239  0.013316989
8       streeFur   76.74476   74.67288   78.816632  0.013493180  0.013680848
9         basCol -104.56596 -106.94747 -102.184447 -0.020524589 -0.020312960
10          ligh   35.86597   34.36517   37.366759  0.017166291  0.016705426
11      accenCol   32.58071   29.61988   35.541544  0.005524330  0.006109560
12          peop -445.07852 -456.11014 -434.046893 -0.032802205 -0.031799089
13         graff  -16.26000  -16.99954  -15.520461 -0.016591837 -0.016326531
14 buildDiffAges  -57.27000  -58.97755  -55.562447 -0.032539773 -0.034090909
     feature    value        norm
1 humanScale 259.7193 0.002511756
       feature      realS     lowerS     higherS        normS       normS2
1      movCars  250.86920  247.44891  254.289489  0.028492339  0.028600915
2     movCicly  188.38741  187.18412  189.590692  0.070765951  0.070289701
3         tree  -38.84980  -45.43188  -32.267717 -0.002506903 -0.002436915
4     smallPla   -9.34746  -10.47490   -8.220019 -0.008782825 -0.009566884
5     streeFur   76.74476   74.67288   78.816632  0.013493180  0.013680848
6         ligh   35.86597   34.36517   37.366759  0.017166291  0.016705426
7         peop -445.07852 -456.11014 -434.046893 -0.032802205 -0.031799089
8    streetWid  238.15026  217.17171  259.128819  0.004848995  0.005123180
9  buildHeight 6110.10713 6055.11577 6165.098482  0.087653000  0.088380858
10   longSight  -37.02254  -39.16831  -34.876763 -0.007533667 -0.007109419
       feature     value        norm
1 imageability -1215.179 -0.03089088
    feature     realS    lowerS   higherS       normS      normS2
1   buildId -400.0348 -405.2091 -394.8606 -0.03880991 -0.03839703
2 buildNRec -265.4995 -270.3093 -260.6897 -0.02561000 -0.02510521
3    basCol -104.5660 -106.9475 -102.1844 -0.02052459 -0.02031296
4      peop -445.0785 -456.1101 -434.0469 -0.03280220 -0.03179909
    feature    value       norm
1 enclosure 198.1439 0.00276683
      feature      realS     lowerS    higherS        normS       normS2
1        tree  -38.84980  -45.43188  -32.26772 -0.002506903 -0.002436915
2        ligh   35.86597   34.36517   37.36676  0.017166291  0.016705426
3   streetWid  238.15026  217.17171  259.12882  0.004848995  0.005123180
4 buildHeight 6110.10713 6055.11577 6165.09848  0.087653000  0.088380858
5   longSight  -37.02254  -39.16831  -34.87676 -0.007533667 -0.007109419
    feature    value       norm
1 coherence -461.723 -0.0135411
        feature      realS     lowerS    higherS       normS      normS2
1      streeFur   76.74476   74.67288   78.81663  0.01349318  0.01368085
2        basCol -104.56596 -106.94747 -102.18445 -0.02052459 -0.02031296
3          ligh   35.86597   34.36517   37.36676  0.01716629  0.01670543
4      accenCol   32.58071   29.61988   35.54154  0.00552433  0.00610956
5          peop -445.07852 -456.11014 -434.04689 -0.03280220 -0.03179909
6 buildDiffAges  -57.27000  -58.97755  -55.56245 -0.03253977 -0.03409091
7   buildHeight 6110.10713 6055.11577 6165.09848  0.08765300  0.08838086
  feature    value        norm
1 linkage 451.9969 0.007193693
    feature     realS    lowerS   higherS        normS       normS2
1   movCars 250.86920 247.44891 254.28949  0.028492339  0.028600915
2 streetWid 238.15026 217.17171 259.12882  0.004848995  0.005123180
3 longSight -37.02254 -39.16831 -34.87676 -0.007533667 -0.007109419
     feature     value        norm
1 legibility -437.0574 -0.02871256
    feature      realS     lowerS    higherS        normS       normS2
1   buildId -400.03483 -405.20907 -394.86059 -0.038809915 -0.038397035
2 longSight  -37.02254  -39.16831  -34.87676 -0.007533667 -0.007109419
       feature     value        norm
1 transparency -124.6388 -0.01946051
      feature     realS    lowerS   higherS       normS      normS2
1 sidewalkWid -124.6388 -127.0589 -122.2187 -0.01946051 -0.01963020
2 buildHeight 6110.1071 6055.1158 6165.0985  0.08765300  0.08838086
   feature    value        norm
1 tidiness 60.16779 0.009020152
    feature        realS       lowerS      higherS       normS      normS2
1  streeFur  76.74475511  74.67287803  78.81663218  0.01349318  0.01368085
2     graff -16.26000000 -16.99953853 -15.52046147 -0.01659184 -0.01632653
3    debris  -0.18420375  -0.18687196  -0.18153554 -0.20319962 -0.20272788
4  pavement  -0.09516986  -0.09677408  -0.09356564 -0.10958915 -0.10949002
5 landscape  -0.03759054  -0.03949002  -0.03569106 -0.04045669 -0.03867570
[1] "################### Young x Adult - Safety"
[1] 0.1960886
[1] ">>>> Kendall Distance  0.196088611976462"
$movCars
$movCars[[1]]
  [1] 166.45017  79.08298 104.65352 133.43024 132.86567 139.14474 136.43461
  [8] 133.42103 180.09424 193.37155 173.81861 173.90360 195.06064 178.06339
 [15] 163.83642 158.09268 161.25574 167.10674 167.88146 160.34458 148.09504
 [22] 137.83950 139.51444 126.73635 130.95624 123.22383 129.56414 134.29812
 [29] 140.76382 152.50142 137.45051 150.74055 140.78717 146.41441 147.26212
 [36] 147.63545 154.01635 144.84832 158.48287 160.09602 135.11259 139.96330
 [43] 148.90502 154.01784 143.21668 147.04482 140.23241 156.90525 136.14194
 [50] 135.98253 148.67264 118.32378 128.77218 129.17847 121.33451 133.10374
 [57] 128.51962 129.76082 133.78866 128.04036 128.66222 136.47746 140.08783
 [64] 132.61259 144.90675 127.33427 132.48929 134.12838 127.08803 134.63047
 [71] 137.14426 138.78222 142.76072 143.15344 147.03173 138.05737 137.15651
 [78] 142.36195 141.24810 141.71230 152.88085 153.24217 140.52088 141.00386
 [85] 142.00386 150.20321 149.98690 153.43178 148.86063 145.76052 149.26052
 [92] 152.26052 151.62648 148.65106 146.77334 147.50477 150.60897 149.83754
 [99] 150.83754 150.48270


$parkCars
$parkCars[[1]]
  [1] -513.1976 -657.5756 -561.4249 -579.0636 -591.5348 -649.3472 -647.4850
  [8] -631.3905 -541.6478 -534.0276 -546.6486 -600.6657 -637.9783 -660.0220
 [15] -677.3295 -693.7605 -646.7569 -706.6045 -756.8513 -709.7570 -675.6320
 [22] -752.2768 -736.2897 -741.5797 -729.1696 -693.8987 -676.0028 -726.9564
 [29] -712.2555 -720.4168 -743.7541 -709.3961 -699.6246 -698.8363 -683.1897
 [36] -683.0206 -667.7933 -691.5343 -700.4668 -684.3683 -668.8540 -678.0055
 [43] -699.3272 -726.7110 -716.2661 -683.2247 -676.3805 -719.6050 -655.8801
 [50] -714.2341 -709.6449 -682.9391 -700.4799 -679.9422 -698.8170 -678.2302
 [57] -659.2307 -640.1873 -661.2879 -661.5980 -644.0103 -656.8014 -653.6980
 [64] -659.0363 -669.7090 -674.7839 -678.4272 -658.6454 -686.8766 -653.3767
 [71] -647.0028 -665.6643 -673.1848 -650.9658 -658.7058 -648.0706 -652.5910
 [78] -664.0819 -676.5510 -673.0678 -644.0517 -624.6104 -639.0244 -640.0728
 [85] -651.2839 -638.5177 -640.4941 -613.0987 -622.2802 -625.5483 -625.2151
 [92] -635.9553 -609.9877 -613.8383 -626.3548 -617.7093 -636.2422 -639.1150
 [99] -639.2102 -652.6186


$movCicly
$movCicly[[1]]
  [1] -216.8051 -263.1286 -202.2847 -170.2733 -170.8716 -182.7676 -201.6182
  [8] -201.4204 -194.4091 -184.6572 -186.1594 -187.9808 -166.8152 -167.4869
 [15] -177.2051 -184.6592 -185.7359 -186.1382 -189.9973 -185.7509 -183.7509
 [22] -183.2688 -188.1819 -190.2731 -188.5783 -187.2340 -187.5867 -179.2267
 [29] -175.7517 -182.5447 -173.9127 -186.4654 -184.8825 -183.5818 -179.9513
 [36] -179.8513 -176.8886 -173.4646 -183.2122 -190.0433 -183.3646 -178.2211
 [43] -179.4599 -182.0496 -182.5042 -181.3354 -183.2894 -183.9373 -186.6328
 [50] -182.3282 -190.2425 -176.9232 -182.9811 -183.0308 -183.1165 -189.5730
 [57] -190.6587 -191.3794 -187.2651 -189.1173 -183.0030 -178.0998 -181.5230
 [64] -183.7100 -183.8132 -186.5198 -185.5253 -182.2980 -185.0383 -186.4168
 [71] -180.0123 -180.6476 -183.6111 -184.9469 -189.6311 -189.3747 -183.7987
 [78] -182.4085 -181.5649 -180.6425 -186.3749 -183.5905 -188.3769 -188.1429
 [85] -188.1429 -189.8120 -188.3794 -189.7263 -188.3905 -194.8646 -193.8646
 [92] -193.8646 -192.6692 -191.6070 -196.3937 -194.5794 -196.2843 -198.4713
 [99] -198.4713 -197.5681


$buildId
$buildId[[1]]
  [1] -309.0556 -438.7278 -441.9990 -424.5579 -447.3444 -464.3534 -484.3968
  [8] -492.3373 -463.4881 -420.2302 -452.6325 -404.6934 -414.0728 -421.3617
 [15] -407.9894 -420.3188 -405.2617 -415.8339 -429.8333 -423.3254 -412.7976
 [22] -432.6780 -431.6447 -434.2114 -424.1614 -404.8003 -404.7169 -406.9695
 [29] -413.8034 -409.5227 -414.8034 -420.7508 -426.9452 -415.9619 -427.6119
 [36] -417.2690 -419.1050 -417.5772 -422.7465 -435.3799 -430.9132 -426.4799
 [43] -439.3799 -444.0465 -442.7082 -436.9328 -436.5304 -435.2444 -436.7944
 [50] -439.6828 -440.7995 -437.1328 -437.4495 -441.6137 -433.4971 -431.1637
 [57] -429.3804 -436.2114 -430.0947 -436.6614 -424.8780 -430.8780 -436.4780
 [64] -443.9280 -437.9280 -449.3447 -438.1590 -432.3280 -442.9090 -444.0590
 [71] -433.7256 -428.3449 -426.6256 -423.1973 -425.9280 -427.5947 -431.9114
 [78] -431.9114 -433.0447 -435.1921 -437.4921 -427.0373 -430.1873 -432.8540
 [85] -432.9066 -430.2399 -431.6259 -427.9706 -427.3040 -429.5897 -429.6423
 [92] -427.6423 -426.9706 -429.6373 -435.0233 -428.1066 -428.3923 -432.8899
 [99] -433.8899 -433.8899


$buildNRec
$buildNRec[[1]]
  [1] -437.9670 -436.1905 -565.3120 -615.9111 -554.9079 -609.1152 -637.4579
  [8] -727.2913 -720.6516 -684.1579 -710.9444 -685.1292 -723.9982 -703.9205
 [15] -693.3927 -694.9316 -675.5316 -694.2149 -702.3421 -685.0833 -683.4500
 [22] -705.2240 -693.7240 -681.0740 -687.7351 -687.9684 -657.6462 -704.2757
 [29] -731.4295 -701.0202 -727.9851 -709.5611 -726.0667 -704.8389 -690.8333
 [36] -664.7667 -665.5406 -684.8129 -679.1980 -696.9480 -692.8480 -685.8313
 [43] -697.8646 -714.8646 -727.2819 -708.3129 -704.0264 -729.7579 -704.4079
 [50] -715.4740 -721.4906 -708.1573 -716.1073 -714.4097 -724.7264 -726.7264
 [57] -703.3764 -709.3454 -741.6621 -732.3621 -738.9010 -733.2343 -736.8787
 [64] -733.5621 -736.5621 -733.3287 -730.9145 -732.9454 -734.3478 -724.4145
 [71] -726.5645 -738.4995 -725.7978 -709.5805 -713.0621 -715.8954 -724.0343
 [78] -720.8121 -728.7454 -730.4437 -715.5270 -726.0651 -724.3817 -725.3817
 [85] -720.7502 -723.7502 -723.1186 -725.0651 -727.7317 -725.4460 -723.1478
 [92] -719.1478 -722.5651 -721.5651 -720.9335 -723.3168 -722.1978 -724.1668
 [99] -723.1668 -719.8335


$tree
$tree[[1]]
  [1] 585.6752 734.3897 662.6352 577.2396 439.2163 417.8127 441.8808 387.1592
  [9] 412.8840 412.7850 404.3886 429.9288 412.7347 389.0391 425.6916 417.2275
 [17] 401.0771 414.0730 414.6560 401.8864 376.6468 395.1052 399.8683 406.7655
 [25] 403.3918 401.5708 392.2107 411.2543 388.9775 399.1131 384.9602 371.3121
 [33] 370.6569 368.2451 366.0245 365.5121 356.3535 369.0358 359.0997 371.7077
 [41] 382.3556 384.5960 395.5393 407.1239 396.2106 394.0007 386.5836 392.0944
 [49] 392.6485 387.1100 413.9937 406.8478 400.8292 397.7037 397.6893 411.5958
 [57] 399.3709 398.9071 401.8856 403.8313 399.5015 390.4373 394.5787 404.8471
 [65] 406.6712 412.9602 412.9773 409.5277 420.8424 400.2605 399.8790 398.6888
 [73] 395.7035 396.8919 390.8390 388.1649 382.6167 392.0894 400.0772 389.8440
 [81] 389.0629 376.0465 380.6196 378.8756 381.8054 379.2835 384.4486 386.5253
 [89] 388.4535 389.7692 393.6709 396.5842 388.6776 387.1022 400.4509 399.7267
 [97] 396.2830 401.8699 404.0897 407.8411


$smallPla
$smallPla[[1]]
  [1]  24.060102 -12.842004  -8.966806  -6.023816  -4.697116 -11.194131
  [7] -18.157711 -19.140770 -22.601385 -24.108970 -26.124389 -27.655401
 [13] -25.020299 -26.048438 -30.311660 -30.939338 -31.929999 -34.146886
 [19] -34.855425 -33.003997 -33.553877 -32.053804 -32.351223 -33.619593
 [25] -37.044609 -39.339394 -38.031876 -37.416299 -35.926028 -35.642210
 [31] -36.062395 -37.306760 -40.245649 -41.022021 -39.259068 -39.325044
 [37] -38.058965 -38.160670 -39.974871 -38.844169 -41.504169 -40.812095
 [43] -40.267963 -41.459181 -41.692475 -39.333939 -37.827514 -40.555985
 [49] -36.953827 -41.142798 -42.149940 -39.898011 -40.795931 -42.166006
 [55] -40.866409 -42.240978 -43.709494 -42.591024 -41.914617 -42.170390
 [61] -41.614422 -42.237194 -39.320461 -39.350649 -39.451678 -39.721583
 [67] -40.743923 -38.232866 -40.271774 -37.518934 -37.827634 -39.312916
 [73] -39.840483 -39.106356 -38.872378 -38.978814 -39.958654 -38.634125
 [79] -38.258511 -38.221698 -39.379929 -39.948153 -40.769626 -42.912477
 [85] -42.818771 -42.067699 -39.848011 -38.761420 -39.120095 -38.573708
 [91] -36.430102 -37.454318 -38.822521 -40.000998 -39.733641 -40.813614
 [97] -40.465467 -40.233758 -40.189965 -40.759206


$diffBuild
$diffBuild[[1]]
  [1] -681.3521 -737.5413 -782.8524 -810.5230 -782.5377 -786.8115 -776.0576
  [8] -732.7658 -682.3060 -696.1313 -711.6102 -738.4365 -734.1433 -726.5126
 [15] -749.1256 -749.2083 -743.9916 -751.4280 -763.1825 -767.2380 -743.8068
 [22] -774.0793 -774.8945 -763.4306 -786.3618 -779.7618 -781.0787 -802.1750
 [29] -801.9925 -781.3611 -795.9055 -789.0397 -788.5897 -778.1897 -769.5564
 [36] -762.0193 -752.1026 -769.5390 -757.1193 -771.7172 -771.4131 -752.6631
 [43] -760.8425 -759.0955 -764.5492 -763.3200 -764.3663 -759.1289 -770.5163
 [50] -775.1601 -766.1758 -770.3592 -784.1789 -788.5138 -789.4638 -787.9638
 [57] -788.6813 -787.1813 -800.0480 -791.8313 -781.3168 -776.9835 -791.9646
 [64] -794.2146 -783.1471 -800.5471 -795.9638 -800.4209 -805.9638 -788.2051
 [71] -786.2542 -790.4542 -787.9209 -777.3876 -776.3051 -780.7218 -776.6384
 [78] -778.9718 -785.8376 -782.6718 -789.9718 -766.1384 -785.3051 -785.1146
 [85] -788.4480 -788.1146 -783.1384 -786.9718 -781.8884 -790.2646 -789.6847
 [92] -787.5644 -779.6609 -776.8276 -786.9109 -786.9109 -785.4109 -783.2443
 [99] -784.2443 -785.2443


$streeFur
$streeFur[[1]]
  [1] -73.75707 -22.21187 -63.36142 -50.67137 -30.14900 -48.61940 -73.69125
  [8] -86.67075 -85.99625 -89.27648 -93.45353 -88.94365 -73.30332 -76.20508
 [15] -86.94769 -88.30233 -90.19623 -95.83487 -97.61673 -94.08382 -95.19737
 [22] -87.68714 -88.79061 -85.40135 -93.79061 -92.76489 -78.94385 -82.91267
 [29] -77.42985 -78.13823 -79.01509 -79.25551 -86.01704 -80.27398 -82.23953
 [36] -80.92803 -78.46311 -78.13844 -79.59284 -86.80836 -76.89621 -74.64799
 [43] -77.36319 -81.64919 -76.99844 -80.24576 -78.77945 -80.86770 -74.30374
 [50] -85.38431 -73.43120 -80.10913 -82.50249 -93.05401 -89.39971 -84.78450
 [57] -92.00365 -90.49412 -91.20997 -95.32556 -83.03370 -86.61708 -84.48211
 [64] -82.74413 -81.28357 -85.62934 -84.64978 -84.40867 -84.36721 -83.28709
 [71] -78.30757 -85.34330 -83.84859 -80.44439 -80.04501 -77.74272 -71.20799
 [78] -68.18062 -71.76075 -68.03232 -75.20406 -71.09731 -79.31369 -81.53979
 [85] -82.10505 -82.84109 -83.59620 -74.98890 -73.36393 -69.95620 -69.82183
 [92] -76.55917 -76.80348 -78.69904 -74.60012 -75.81889 -74.24767 -76.88958
 [99] -76.82553 -77.38707


$basCol
$basCol[[1]]
  [1]  -41.82616 -155.99746 -160.73971 -176.04515 -165.43903 -170.35096
  [7] -144.26275 -138.12903 -127.61461 -133.21371 -138.02809 -145.65063
 [13] -147.50506 -152.56145 -157.61583 -158.71145 -155.32970 -162.81303
 [19] -165.84064 -173.07397 -162.34064 -175.41115 -176.47607 -177.05018
 [25] -177.52519 -173.15348 -173.30732 -183.59304 -183.01597 -183.10557
 [31] -183.44287 -181.73715 -182.10085 -178.81756 -177.19429 -181.72938
 [37] -182.74738 -184.44563 -182.21229 -175.43452 -186.64387 -187.62662
 [43] -186.99833 -189.87662 -187.72107 -179.87662 -179.15440 -181.08861
 [49] -177.86931 -185.20265 -185.55265 -189.21931 -191.10528 -185.90352
 [55] -186.07107 -189.05352 -186.45352 -187.22107 -187.38773 -186.20352
 [61] -183.78686 -181.75265 -182.79212 -185.52458 -181.34124 -187.10791
 [67] -184.94124 -181.62545 -189.37545 -179.02458 -180.75703 -181.93795
 [73] -182.42458 -180.05286 -174.57370 -178.25703 -178.65528 -180.23861
 [79] -180.45703 -178.44124 -176.02458 -170.61602 -172.42633 -175.37370
 [85] -177.27370 -175.79124 -175.60374 -172.69124 -171.66953 -171.16439
 [91] -174.06439 -175.49387 -170.94509 -170.76088 -175.96351 -174.05879
 [97] -173.24300 -173.05879 -174.45879 -174.77458


$ligh
$ligh[[1]]
  [1] -82.41270 -79.66029 -73.51461 -59.43979 -52.97775 -48.24795 -62.32152
  [8] -49.62506 -41.63345 -36.98628 -36.90056 -40.15592 -45.02376 -52.04275
 [15] -49.03922 -46.01275 -44.63073 -50.41120 -50.11745 -51.69608 -53.18038
 [22] -55.58035 -51.52469 -52.37657 -51.29123 -49.55907 -52.95415 -52.85012
 [29] -56.60359 -54.39058 -53.14690 -48.73404 -48.19619 -48.60468 -47.32899
 [36] -48.91383 -47.75562 -45.10690 -44.16034 -42.50989 -46.52988 -47.97221
 [43] -49.96173 -48.58010 -52.48757 -48.80788 -47.63284 -53.78625 -50.39777
 [50] -52.24626 -50.63270 -50.04360 -47.00793 -50.99394 -48.56302 -48.32089
 [57] -46.18037 -42.89351 -45.89006 -45.29194 -46.34653 -46.56103 -45.45749
 [64] -45.17313 -41.78543 -43.60728 -46.41706 -44.13224 -44.56058 -43.79254
 [71] -44.12739 -45.77317 -46.07606 -46.43076 -47.48640 -45.61239 -48.89309
 [78] -49.74721 -49.61754 -51.72902 -47.18878 -49.82392 -48.74116 -48.75202
 [85] -47.88233 -45.83954 -45.05661 -45.47270 -48.57824 -47.83708 -47.19139
 [92] -46.32379 -46.51969 -45.85200 -46.48801 -45.90533 -47.94950 -48.12803
 [99] -48.08673 -50.12665


$accenCol
$accenCol[[1]]
  [1]  162.186138   -2.076253    3.693542  -49.768484  -60.604694  -63.959779
  [7]  -53.693474  -57.783010  -52.326186  -59.310401  -69.986283  -55.050386
 [13]  -46.517481  -46.828075  -48.015226  -57.591103  -47.768358  -54.820551
 [19]  -65.024504  -69.032837  -59.066170  -69.502068  -69.604261  -75.822113
 [25]  -73.100752  -70.697243  -68.716474  -85.900998  -83.651938  -82.302000
 [31]  -86.331762  -85.027877  -84.269612  -80.369983  -86.122238  -84.911712
 [37]  -90.330509  -88.782702  -90.791035  -90.291035  -99.401562 -103.369105
 [43] -103.422614 -109.394105  -93.194105  -96.435772  -90.269105  -90.532263
 [49]  -87.312965  -88.062965  -91.679632  -99.346298 -103.681825  -98.708141
 [55]  -97.053316  -99.883141  -96.433141 -100.253316  -99.669983 -103.349807
 [61] -101.433141 -100.679632 -100.135772 -106.815597 -102.298930 -103.148930
 [67]  -96.232263  -98.969105 -100.969105 -104.690597 -100.804632  -97.802439
 [73]  -95.590597  -98.645421  -91.978755  -95.095421  -95.155948  -95.489281
 [79]  -97.853755  -94.716912  -96.925246  -87.983141  -90.781386  -89.728755
 [85]  -92.528755  -91.598930  -96.098930  -90.065597  -88.278755  -87.004126
 [91]  -91.637459  -94.118228  -90.284827  -94.547985  -97.650617  -93.528755
 [97]  -89.265597  -91.028755  -91.828755  -92.091912


$peop
$peop[[1]]
  [1] -884.5669 -864.4793 -909.2217 -966.0312 -884.6543 -894.5219 -948.9583
  [8] -893.5778 -868.3370 -915.9935 -874.1255 -912.0969 -856.5780 -850.8651
 [15] -871.7186 -890.3640 -869.5332 -872.8850 -870.1846 -894.7826 -868.2507
 [22] -898.4972 -907.8190 -905.0298 -877.6444 -875.9077 -879.5130 -905.3598
 [29] -876.7009 -874.6107 -879.1025 -863.6974 -870.8025 -859.8186 -866.1237
 [36] -875.7433 -866.6243 -876.7094 -860.6481 -893.6684 -881.7458 -878.7044
 [43] -889.8074 -893.7016 -900.4290 -896.1810 -886.4468 -890.1612 -904.1848
 [50] -908.2629 -908.2077 -883.6343 -876.7893 -895.3315 -895.9642 -906.9865
 [57] -915.2679 -912.2469 -915.2982 -920.1998 -897.5598 -895.4188 -905.5688
 [64] -912.9451 -910.9442 -929.1060 -910.3824 -912.1965 -918.3883 -925.8767
 [71] -909.8822 -893.7867 -894.4562 -903.8859 -914.5552 -893.8424 -883.4920
 [78] -894.9456 -902.8780 -901.3372 -918.9678 -883.2262 -887.6031 -886.4463
 [85] -895.7718 -902.3178 -898.8046 -902.3095 -888.9341 -900.5444 -907.6430
 [92] -907.8985 -905.2030 -899.5974 -924.3735 -909.4068 -899.0244 -904.1483
 [99] -911.3527 -910.9342


$graff
$graff[[1]]
  [1] -16 -28 -26 -19 -10  -3  -2  -4 -13 -10 -12 -11 -11 -10  -6  -4  -2  -5
 [19]  -5  -7  -5  -4  -8  -9  -8  -8  -8  -7  -6  -7  -5  -4  -5  -7  -8  -7
 [37]  -6  -7  -7  -8  -9  -8  -9 -10  -8  -9  -8  -5  -7  -6  -6  -9 -10  -7
 [55]  -7  -7  -7  -7  -6  -6  -7  -6  -8  -8  -8  -7  -8  -9  -8 -10  -9 -10
 [73]  -9  -9  -7  -8  -8  -8  -8  -8  -8  -8  -9  -8  -8  -7  -9  -9 -10  -7
 [91]  -7  -7  -6  -7  -6  -6  -5  -5  -5  -5


$buildDiffAges
$buildDiffAges[[1]]
  [1] -73 -82 -76 -47 -50 -37 -36 -39 -37 -36 -43 -42 -43 -38 -40 -43 -44 -43
 [19] -45 -39 -38 -39 -44 -44 -44 -47 -51 -51 -47 -45 -45 -47 -48 -50 -51 -50
 [37] -49 -47 -51 -52 -49 -48 -48 -54 -48 -47 -47 -47 -46 -47 -47 -49 -50 -46
 [55] -47 -47 -47 -50 -47 -48 -45 -48 -48 -49 -50 -50 -49 -49 -49 -49 -47 -51
 [73] -50 -48 -46 -48 -47 -45 -45 -45 -46 -47 -53 -53 -53 -51 -52 -51 -52 -49
 [91] -50 -51 -50 -51 -51 -50 -48 -48 -48 -48


$streetWid
$streetWid[[1]]
  [1]  -302.4216  -539.3100  -503.0100  -430.4646  -788.9349  -666.7589
  [7]  -699.5368  -640.8644  -567.2646  -643.9987  -783.6381  -598.3400
 [13]  -486.0911  -549.1215  -547.5828  -532.2505  -574.5287  -588.5223
 [19]  -646.3652  -705.1803  -670.6947  -718.4446  -695.5962  -718.3159
 [25]  -743.6988  -786.4213  -825.4732  -802.6936  -814.2617  -766.9478
 [31]  -878.4205  -920.2474  -887.4141  -940.2641  -904.5369  -904.9035
 [37]  -947.9398  -902.4413  -919.7655  -927.6312  -954.9591  -951.3484
 [43]  -880.4076  -918.9844  -897.2207  -876.0782  -888.7478  -913.6628
 [49]  -904.2119  -959.7988  -927.5850  -890.3090  -936.6302  -997.3019
 [55] -1003.7125  -994.0519 -1092.3519 -1031.2382 -1014.1708  -995.8382
 [61]  -943.2384  -973.0018 -1021.4647 -1015.4243  -981.8849  -984.4881
 [67] -1000.9477  -980.1381  -980.9023 -1012.2144  -968.0137  -957.1375
 [73]  -971.0408  -978.9550 -1033.0812 -1038.5479  -991.4040  -988.9873
 [79]  -937.8873  -989.2302 -1031.1534 -1003.3343  -986.4676 -1016.2131
 [85] -1020.9036 -1008.7369  -987.6607  -968.9575  -959.6575 -1001.9203
 [91]  -992.5281  -986.6948 -1025.6195 -1034.6797 -1030.2767 -1013.9767
 [97]  -992.4170 -1005.6545 -1003.6545 -1011.9878


$sidewalkWid
$sidewalkWid[[1]]
  [1] 578.1045 459.3155 447.7446 463.3177 401.6465 383.2237 412.9028 354.5712
  [9] 385.3979 358.7464 369.7222 388.5186 397.2293 395.6994 382.5462 377.2693
 [17] 368.0310 384.6610 383.5476 404.6654 385.8099 387.9702 398.2162 386.3571
 [25] 409.8009 410.6692 411.6526 418.5516 419.4108 423.1669 425.7301 420.7383
 [33] 422.4435 434.4154 429.8436 426.0843 422.9692 428.8580 428.0561 432.1976
 [41] 424.5411 433.0889 425.0040 432.3386 430.7092 442.4948 440.8214 428.2506
 [49] 436.9612 432.8934 425.4219 441.5650 423.2408 427.6258 417.3159 431.9401
 [57] 432.1734 431.9602 428.5196 431.1124 425.7944 421.5010 417.7895 418.5785
 [65] 416.8794 416.1918 417.5308 417.3251 414.5005 424.4141 417.4319 417.9521
 [73] 421.1828 433.1473 434.1021 435.3021 434.8397 433.2929 421.7929 423.3976
 [81] 425.3390 419.0394 421.5728 417.0531 416.4816 413.3900 418.4852 431.5059
 [89] 436.9475 433.5879 432.9570 430.3737 427.2314 431.3947 431.6683 430.4766
 [97] 430.0542 434.0711 433.0711 432.6961


$debris
$debris[[1]]
  [1] -0.10308612 -0.05419683 -0.06195944 -0.07069293 -0.07205062 -0.03302144
  [7] -0.04284310 -0.04487830 -0.05179236 -0.04539607 -0.05503061 -0.05443380
 [13] -0.05400992 -0.05697112 -0.04962822 -0.05135100 -0.04339980 -0.05141471
 [19] -0.04628170 -0.04565867 -0.04883915 -0.04560056 -0.04585424 -0.05374822
 [25] -0.05200071 -0.04671013 -0.04609238 -0.03903133 -0.04354784 -0.04402639
 [31] -0.04130948 -0.04205896 -0.03884271 -0.04052726 -0.03961970 -0.03891709
 [37] -0.03541433 -0.03835188 -0.03250201 -0.03128398 -0.03991709 -0.03917326
 [43] -0.03662248 -0.03422101 -0.04051749 -0.03900096 -0.03759034 -0.03784874
 [49] -0.03615499 -0.03819667 -0.03430913 -0.03939365 -0.04028655 -0.04210462
 [55] -0.03625553 -0.03676048 -0.04060631 -0.03883037 -0.03799632 -0.03576590
 [61] -0.03585187 -0.03482557 -0.03925403 -0.03739402 -0.03617534 -0.03597255
 [67] -0.03849812 -0.03438168 -0.03815646 -0.03785484 -0.03716855 -0.03698312
 [73] -0.03760976 -0.03468859 -0.03586539 -0.03963465 -0.04055513 -0.03927647
 [79] -0.03690352 -0.04123476 -0.03647898 -0.03983588 -0.03852577 -0.03875742
 [85] -0.03684299 -0.03397774 -0.03210767 -0.03377922 -0.03571685 -0.03682275
 [91] -0.03172492 -0.03112409 -0.03674268 -0.03647139 -0.03341931 -0.03426275
 [97] -0.03549703 -0.03527258 -0.03470708 -0.03510186


$pavement
$pavement[[1]]
  [1] 0.1477962 0.1893408 0.1910901 0.1673860 0.1626249 0.1703917 0.1696399
  [8] 0.1697484 0.1717072 0.1774281 0.1715766 0.1791159 0.1778622 0.1706212
 [15] 0.1768615 0.1775575 0.1757218 0.1705184 0.1707224 0.1696372 0.1664729
 [22] 0.1745860 0.1815945 0.1742300 0.1805503 0.1832786 0.1859791 0.1884615
 [29] 0.1867222 0.1844130 0.1880040 0.1855391 0.1875672 0.1875258 0.1868860
 [36] 0.1907599 0.1886326 0.1941077 0.1926913 0.1944725 0.1912959 0.1881588
 [43] 0.1836088 0.1810369 0.1821124 0.1812474 0.1841846 0.1815301 0.1860969
 [50] 0.1873796 0.1869769 0.1843712 0.1842681 0.1842061 0.1910983 0.1891496
 [57] 0.1871133 0.1879037 0.1881088 0.1913617 0.1923701 0.1892094 0.1877932
 [64] 0.1870886 0.1895770 0.1909958 0.1920841 0.1941387 0.1932485 0.1902340
 [71] 0.1910465 0.1919353 0.1944867 0.1906547 0.1899483 0.1903502 0.1873541
 [78] 0.1864403 0.1865552 0.1849861 0.1833673 0.1852569 0.1897516 0.1896198
 [85] 0.1879008 0.1878031 0.1882218 0.1873789 0.1863648 0.1860339 0.1885885
 [92] 0.1873544 0.1882401 0.1875188 0.1890089 0.1889693 0.1867569 0.1859218
 [99] 0.1857656 0.1848943


$landscape
$landscape[[1]]
  [1] 0.17091738 0.15428610 0.12164427 0.09538660 0.09206212 0.09324036
  [7] 0.09936743 0.09458523 0.09621764 0.10057656 0.09178626 0.10140128
 [13] 0.09539141 0.09213590 0.10400239 0.10084424 0.09594778 0.09463745
 [19] 0.09972922 0.09783624 0.09152612 0.09978963 0.10157938 0.09999547
 [25] 0.09916225 0.09909431 0.10017447 0.10691353 0.09884870 0.10165617
 [31] 0.10228832 0.09880741 0.10102729 0.10110845 0.09891588 0.10011747
 [37] 0.09732892 0.10299076 0.10048033 0.10686037 0.10206997 0.09827121
 [43] 0.09820137 0.09996066 0.10118679 0.09627260 0.09785227 0.09614733
 [49] 0.09708683 0.10013982 0.10114441 0.09567512 0.09863003 0.09995326
 [55] 0.10514313 0.10139838 0.09907583 0.09999095 0.10200646 0.10446144
 [61] 0.10278192 0.10094661 0.10427803 0.10585903 0.10763667 0.10975967
 [67] 0.11146379 0.11110242 0.11243090 0.10766373 0.10368793 0.10895108
 [73] 0.10902375 0.10179668 0.10364900 0.10154627 0.09944203 0.09702836
 [79] 0.09909411 0.10022122 0.09945689 0.09715501 0.10399318 0.10353457
 [85] 0.10467210 0.10347366 0.10382069 0.10209930 0.09994633 0.10051048
 [91] 0.10347884 0.10034305 0.10114378 0.10104930 0.10505068 0.10049409
 [97] 0.09649841 0.09742905 0.09904836 0.09895616


$propStreetWall
$propStreetWall[[1]]
  [1] 0.02575897 0.04718298 0.02908662 0.03174133 0.03513707 0.03009344
  [7] 0.03706890 0.02920815 0.02927602 0.03051123 0.03118002 0.02680727
 [13] 0.02831207 0.02875132 0.03157010 0.03205343 0.03342378 0.03249929
 [19] 0.03278196 0.03176081 0.03195240 0.03129195 0.02956673 0.03089208
 [25] 0.02990094 0.03006467 0.03088966 0.03065435 0.02886177 0.02899670
 [31] 0.02930049 0.03010242 0.03119449 0.03250067 0.03189545 0.03220140
 [37] 0.03244238 0.03272131 0.03291235 0.03345377 0.03398527 0.03300263
 [43] 0.03192348 0.03296474 0.03287974 0.03181438 0.03234581 0.03156917
 [49] 0.03223685 0.03157631 0.03187160 0.03209026 0.03141102 0.03139546
 [55] 0.03110627 0.03065936 0.03108874 0.03039177 0.02994471 0.03102391
 [61] 0.03186981 0.03244262 0.03093050 0.03111377 0.03214063 0.03313842
 [67] 0.03272350 0.03197097 0.03273625 0.03199010 0.03155320 0.03169244
 [73] 0.03164054 0.03116764 0.03214881 0.03190697 0.03249218 0.03137968
 [79] 0.03147224 0.03187325 0.03236533 0.03230223 0.03179618 0.03246527
 [85] 0.03213779 0.03157641 0.03114267 0.03153851 0.03129655 0.03117234
 [91] 0.03082774 0.03073850 0.03096863 0.03157585 0.03129533 0.03060728
 [97] 0.02993211 0.03037555 0.03044024 0.03075293


$propWind
$propWind[[1]]
  [1] -0.01146246 -0.03980603 -0.03934942 -0.03692185 -0.03756700 -0.04137668
  [7] -0.04439052 -0.04190244 -0.03952387 -0.04036351 -0.03910318 -0.03845674
 [13] -0.03846816 -0.03878697 -0.03935880 -0.04038471 -0.04065829 -0.04184218
 [19] -0.04181991 -0.04184302 -0.04119633 -0.04209671 -0.04082603 -0.04045538
 [25] -0.04036227 -0.04015315 -0.04055247 -0.04094834 -0.04088625 -0.03982353
 [31] -0.04134829 -0.04005258 -0.04074142 -0.04037419 -0.03992994 -0.04006178
 [37] -0.03997829 -0.04011998 -0.04020460 -0.04053118 -0.04062404 -0.03985998
 [43] -0.03953063 -0.04012463 -0.03927373 -0.03926933 -0.03918043 -0.03945144
 [49] -0.03890944 -0.03931734 -0.03981380 -0.04012860 -0.04000707 -0.04001085
 [55] -0.03942949 -0.03982254 -0.03953543 -0.03939531 -0.03962133 -0.04012694
 [61] -0.03955732 -0.04013900 -0.03978842 -0.03998657 -0.03950527 -0.04009194
 [67] -0.03965829 -0.03931969 -0.03971259 -0.03985058 -0.03881127 -0.03855980
 [73] -0.03820406 -0.03869483 -0.03892340 -0.03845465 -0.03884144 -0.03902321
 [79] -0.03908051 -0.03923546 -0.03945445 -0.03858401 -0.03878363 -0.03856407
 [85] -0.03882828 -0.03879160 -0.03866404 -0.03891809 -0.03887720 -0.03919386
 [91] -0.03947630 -0.03969465 -0.03876340 -0.03890151 -0.03945693 -0.03901012
 [97] -0.03908530 -0.03962990 -0.03971073 -0.04006177


$longSight
$longSight[[1]]
  [1] -316.7463 -219.4305 -168.5703 -187.6695 -200.4632 -162.1684 -183.5197
  [8] -158.1851 -154.7918 -180.6816 -158.1210 -140.0444 -146.4697 -150.4082
 [15] -150.0030 -155.9918 -158.2645 -153.1446 -154.3556 -162.9890 -160.8359
 [22] -150.9264 -149.8446 -150.0279 -144.9764 -143.2264 -149.3431 -151.0264
 [29] -151.7916 -152.8154 -150.1396 -159.3011 -163.4344 -165.4587 -168.3859
 [36] -174.4011 -179.7015 -173.8682 -175.2682 -170.5939 -176.4182 -178.7677
 [43] -181.8011 -177.4859 -170.6253 -177.2011 -172.8071 -173.0071 -172.3405
 [50] -171.7920 -179.2920 -171.7253 -168.0435 -172.9310 -170.5643 -170.3310
 [57] -171.8310 -170.4500 -168.9500 -170.4652 -170.9652 -165.3890 -169.6833
 [64] -174.6833 -171.6262 -169.2667 -167.9810 -166.6238 -165.0405 -174.2667
 [71] -168.6833 -167.7071 -167.8643 -173.7128 -174.8556 -174.8556 -178.2071
 [78] -178.5405 -179.5405 -177.5405 -180.9905 -175.0738 -171.7405 -173.5738
 [85] -173.2405 -176.7167 -176.2167 -174.2167 -174.7405 -175.5652 -173.0652
 [92] -173.7318 -173.8985 -171.5652 -170.2470 -167.2470 -170.2470 -170.2470
 [99] -170.2470 -169.7708


$propSkyAhead
$propSkyAhead[[1]]
  [1] -0.02545419 -0.05881045 -0.04692164 -0.05279239 -0.04573108 -0.05059170
  [7] -0.04826516 -0.05549131 -0.05268082 -0.05335425 -0.05192340 -0.05086196
 [13] -0.04984096 -0.05100431 -0.05203033 -0.04843168 -0.04907933 -0.04928326
 [19] -0.04968442 -0.04797655 -0.04667135 -0.04494393 -0.04553377 -0.04822015
 [25] -0.04915808 -0.04901490 -0.04674096 -0.04816707 -0.04663931 -0.04856799
 [31] -0.04632195 -0.04607131 -0.04726690 -0.04842468 -0.04790897 -0.04583668
 [37] -0.04517628 -0.04664309 -0.04880588 -0.05124989 -0.05055815 -0.04864540
 [43] -0.04891631 -0.04942388 -0.04855180 -0.04853160 -0.04664850 -0.04621535
 [49] -0.04549748 -0.04781626 -0.04950495 -0.04979119 -0.05200976 -0.04955854
 [55] -0.04902959 -0.04834946 -0.04837885 -0.04679486 -0.04816905 -0.04837601
 [61] -0.05078822 -0.04931527 -0.04695876 -0.04614349 -0.04762210 -0.04660804
 [67] -0.04872494 -0.04919950 -0.04921429 -0.04760975 -0.04967354 -0.05042132
 [73] -0.04921553 -0.04855430 -0.04767771 -0.04666948 -0.04706654 -0.04652248
 [79] -0.04696450 -0.04645733 -0.04757004 -0.04907352 -0.04695055 -0.04686767
 [85] -0.04613216 -0.04639692 -0.04780647 -0.04571460 -0.04614687 -0.04544926
 [91] -0.04428162 -0.04446715 -0.04542446 -0.04654540 -0.04493504 -0.04592849
 [97] -0.04642633 -0.04666694 -0.04654674 -0.04634272


$propSkyAcross
$propSkyAcross[[1]]
  [1]  0.0310918595 -0.0093946108  0.0211420884  0.0077201586  0.0058770579
  [6] -0.0019466404  0.0016624222 -0.0015753162  0.0006473700 -0.0013302223
 [11] -0.0021647630 -0.0013618805 -0.0006667800  0.0001591324 -0.0032920027
 [16] -0.0033534440 -0.0038648167 -0.0047493424 -0.0027525452 -0.0018000821
 [21] -0.0026221622 -0.0005817932 -0.0009283277 -0.0031291369 -0.0019986301
 [26] -0.0031809264 -0.0029498803 -0.0061976828 -0.0046971479 -0.0061183389
 [31] -0.0058226501 -0.0051961747 -0.0037988031 -0.0053506598 -0.0045480388
 [36] -0.0043019281 -0.0063358510 -0.0069605863 -0.0087530462 -0.0084321356
 [41] -0.0097892804 -0.0089829365 -0.0065866958 -0.0084495722 -0.0057311296
 [46] -0.0058960593 -0.0039639852 -0.0061622914 -0.0032308195 -0.0059709822
 [51] -0.0071220148 -0.0077170184 -0.0107143626 -0.0070416009 -0.0064779289
 [56] -0.0071375397 -0.0068794562 -0.0055394291 -0.0061319307 -0.0062555773
 [61] -0.0088490035 -0.0077241347 -0.0049056494 -0.0044785788 -0.0060016492
 [66] -0.0048276289 -0.0064577988 -0.0068165879 -0.0069643762 -0.0058473226
 [71] -0.0071948496 -0.0077312308 -0.0063293463 -0.0066091096 -0.0065889352
 [76] -0.0056025555 -0.0053523598 -0.0051762317 -0.0052175228 -0.0043445188
 [81] -0.0053926450 -0.0058655575 -0.0049593550 -0.0043200737 -0.0049649753
 [86] -0.0054251782 -0.0068124596 -0.0040831220 -0.0034942612 -0.0043069959
 [91] -0.0051009890 -0.0058973303 -0.0048474917 -0.0057143677 -0.0054043471
 [96] -0.0057876208 -0.0063069616 -0.0062563098 -0.0060914526 -0.0058618807


$buildHeight
$buildHeight[[1]]
  [1] -395.4211 1699.9627  867.0446  999.0272  685.3747  614.1456  523.5837
  [8]  272.0544  612.0081  661.1379  482.2158  250.9654  198.5106 -165.8754
 [15] -159.3752 -250.5126 -149.9159 -262.4463 -275.1762 -381.9401 -417.3530
 [22] -631.7454 -732.9502 -679.9562 -694.2963 -610.0830 -511.3110 -713.2109
 [29] -830.3337 -851.9260 -955.0356 -816.9446 -876.8032 -792.3839 -833.1099
 [36] -856.9983 -715.3295 -719.4234 -585.2351 -661.9115 -586.0878 -853.3948
 [43] -750.6279 -815.0634 -916.1387 -708.3498 -874.4882 -804.3267 -828.6310
 [50] -977.5708 -887.8626 -880.1878 -886.8832 -855.9102 -782.4575 -665.6183
 [57] -647.8699 -655.4029 -783.3284 -659.4823 -668.7430 -644.6662 -608.2780
 [64] -690.4092 -604.4345 -721.8557 -715.6830 -715.0946 -705.5647 -726.1282
 [71] -795.4612 -815.4208 -790.2327 -749.1791 -695.3091 -754.4881 -927.9530
 [78] -834.4375 -852.4509 -887.4391 -589.7866 -665.8540 -824.7384 -706.6824
 [85] -682.9476 -544.4963 -562.1761 -523.0505 -679.1795 -664.7481 -673.5917
 [92] -572.8505 -559.6491 -605.9930 -736.3317 -728.4457 -707.3329 -678.4222
 [99] -674.1458 -613.6553


$propActiveUse
$propActiveUse[[1]]
  [1] -0.05558670 -0.03945597 -0.04674950 -0.03397968 -0.04062890 -0.04726489
  [7] -0.04592618 -0.04795344 -0.04127193 -0.04200799 -0.03756883 -0.03676716
 [13] -0.03888354 -0.03959274 -0.03687224 -0.03609172 -0.03704448 -0.03827995
 [19] -0.03960193 -0.04063648 -0.03970227 -0.03916236 -0.03758362 -0.03635079
 [25] -0.03737876 -0.03658931 -0.03609430 -0.03367490 -0.03653968 -0.03703248
 [31] -0.03702642 -0.03816605 -0.03672717 -0.03575094 -0.03599962 -0.03632687
 [37] -0.03618120 -0.03473488 -0.03526242 -0.03530515 -0.03345431 -0.03347124
 [43] -0.03439031 -0.03310046 -0.03428590 -0.03367120 -0.03353858 -0.03413547
 [49] -0.03483567 -0.03602663 -0.03537518 -0.03450465 -0.03429792 -0.03545166
 [55] -0.03495887 -0.03487782 -0.03496969 -0.03477623 -0.03521288 -0.03464554
 [61] -0.03368611 -0.03351511 -0.03570618 -0.03524794 -0.03433892 -0.03484676
 [67] -0.03462088 -0.03423023 -0.03465846 -0.03469735 -0.03421462 -0.03386822
 [73] -0.03379861 -0.03401891 -0.03486462 -0.03419888 -0.03443778 -0.03579341
 [79] -0.03581370 -0.03535278 -0.03510396 -0.03475406 -0.03429269 -0.03445201
 [85] -0.03480570 -0.03569854 -0.03539887 -0.03523735 -0.03507799 -0.03506546
 [91] -0.03491356 -0.03491363 -0.03459861 -0.03400141 -0.03352040 -0.03340315
 [97] -0.03470151 -0.03532481 -0.03528605 -0.03532745


$movCarsN
$movCarsN[[1]]
[1] 8804.795


$parkCarsN
$parkCarsN[[1]]
[1] 22604.81


$movCiclyN
$movCiclyN[[1]]
[1] 2662.119


$buildIdN
$buildIdN[[1]]
[1] 10307.54


$buildNRecN
$buildNRecN[[1]]
[1] 10367.03


$treeN
$treeN[[1]]
[1] 15497.13


$smallPlaN
$smallPlaN[[1]]
[1] 1064.289


$diffBuildN
$diffBuildN[[1]]
[1] 12321.84


$streeFurN
$streeFurN[[1]]
[1] 5687.67


$basColN
$basColN[[1]]
[1] 5094.668


$lighN
$lighN[[1]]
[1] 2089.325


$accenColN
$accenColN[[1]]
[1] 5897.676


$peopN
$peopN[[1]]
[1] 13568.55


$graffN
$graffN[[1]]
[1] 980


$buildDiffAgesN
$buildDiffAgesN[[1]]
[1] 1760


$streetWidN
$streetWidN[[1]]
[1] 49113.32


$sidewalkWidN
$sidewalkWidN[[1]]
[1] 6404.704


$debrisN
$debrisN[[1]]
[1] 0.9065162


$pavementN
$pavementN[[1]]
[1] 0.8684241


$landscapeN
$landscapeN[[1]]
[1] 0.929155


$propStreetWallN
$propStreetWallN[[1]]
[1] 0.2187537


$propWindN
$propWindN[[1]]
[1] 0.12055


$longSightN
$longSightN[[1]]
[1] 4914.278


$propSkyAheadN
$propSkyAheadN[[1]]
[1] 0.3589732


$propSkyAcrossN
$propSkyAcrossN[[1]]
[1] 0.3364146


$buildHeightN
$buildHeightN[[1]]
[1] 69707.91


$propActiveUseN
$propActiveUseN[[1]]
[1] 0.2293493


feature realS lowerS higherS normS normS2
propWind -0.0394534891229704 -0.0400506660026475 -0.0388563122432933 -0.327279117895532 -0.328706933147342
pavement 0.184262459367383 0.182668287939064 0.185856630795701 0.212180274058101 0.215253648977055
propActiveUse -0.0363152038388838 -0.0370090114499382 -0.0356213962278293 -0.158340163288131 -0.153663648879778
propStreetWall 0.0315497315617444 0.0311180383869695 0.0319814247365193 0.144224903267554 0.14431589387525
propSkyAhead -0.0479541935615235 -0.0486010669807895 -0.0473073201422575 -0.133587123552516 -0.133555267642146
landscape 0.102158461628012 0.100190283683316 0.104126639572709 0.109947701225604 0.108149020746529
movCicly -186.6438482298 -188.774023843363 -184.513672616238 -0.0701109988666877 -0.0695993730437894
buildNRec -701.473647869672 -711.325760477304 -691.621535262039 -0.0676639254643379 -0.0690652637308252
peop -894.912532262497 -898.781753696841 -891.043310828153 -0.0659548890374938 -0.0660052078589534
sidewalkWid 420.48123346847 415.412415781169 425.550051155771 0.065651938816847 0.0661866473717921
diffBuild -773.548776275888 -778.251799226203 -768.845753325573 -0.0627786563846935 -0.0633994200653532
debris -0.0414938036563097 -0.0434541621840901 -0.0395334451285293 -0.0457728220811106 -0.0427944831215262
buildId -429.896444026733 -433.565737269714 -426.227150783752 -0.0417069790154028 -0.0418039148313423
longSight -170.135878787879 -173.883605733388 -166.38815184237 -0.0346207263797316 -0.0347109194363188
basCol -173.703417445859 -177.371409353066 -170.035425538651 -0.0340951420780722 -0.0348790661262037
smallPla -35.5357824781381 -37.5368267611 -33.5347381951763 -0.0333892363420367 -0.036750583038956
parkCars -662.608558590738 -671.667652369675 -653.549464811802 -0.029312728912964 -0.0292611644294861
buildDiffAges -47.92 -49.2122993082655 -46.6277006917345 -0.0272272727272727 -0.0272727272727273
tree 405.896932911034 395.571012624654 416.222853197414 0.0261917531377038 0.025662594616349
ligh -49.0290822311928 -50.3294343495057 -47.72873011288 -0.0234664664140376 -0.0230253194278114
streetWid -873.293900795606 -907.028896526166 -839.558905065045 -0.0177812028545534 -0.0191750674484434
movCars 144.10120443444 140.907271720657 147.295137148223 0.0163662194980654 0.0161913292665126
streeFur -79.7760547056022 -82.0161542633336 -77.5359551478709 -0.014026139710222 -0.0141286649766113
accenCol -81.6680578850974 -87.9946574787373 -75.3414582914576 -0.01384749827743 -0.0153716184409234
propSkyAcross -0.00427549632682379 -0.00531639054852215 -0.00323460210512542 -0.0127090105945486 -0.0160471528624004
graff -7.94 -8.66662732001279 -7.21337267998721 -0.00810204081632653 -0.00816326530612245
buildHeight -523.779607162237 -620.440649617832 -427.118564706642 -0.00751391964904645 -0.00977581968449779
feature value norm
complexity -3144.76162062901 -0.0290107430152112
imageability -2199.98604160476 -0.0559255114490794
humanScale -1739.32894214524 -0.0168211226090091
coherence -1327.00914453025 -0.0389176278568167
linkage -899.328575149044 -0.0143131359003344
enclosure -686.561928903643 -0.00958697244869413
legibility -600.032322814612 -0.0394192226394721
transparency 420.48123346847 0.065651938816847
tidiness -87.4711275882631 -0.0131133765095447
     feature     value        norm
1 complexity -3144.762 -0.02901074
         feature      realS      lowerS     higherS        normS       normS2
1        movCars  144.10120  140.907272  147.295137  0.016366219  0.016191329
2       parkCars -662.60856 -671.667652 -653.549465 -0.029312729 -0.029261164
3       movCicly -186.64385 -188.774024 -184.513673 -0.070110999 -0.069599373
4      buildNRec -701.47365 -711.325760 -691.621535 -0.067663925 -0.069065264
5           tree  405.89693  395.571013  416.222853  0.026191753  0.025662595
6       smallPla  -35.53578  -37.536827  -33.534738 -0.033389236 -0.036750583
7      diffBuild -773.54878 -778.251799 -768.845753 -0.062778656 -0.063399420
8       streeFur  -79.77605  -82.016154  -77.535955 -0.014026140 -0.014128665
9         basCol -173.70342 -177.371409 -170.035426 -0.034095142 -0.034879066
10          ligh  -49.02908  -50.329434  -47.728730 -0.023466466 -0.023025319
11      accenCol  -81.66806  -87.994657  -75.341458 -0.013847498 -0.015371618
12          peop -894.91253 -898.781754 -891.043311 -0.065954889 -0.066005208
13         graff   -7.94000   -8.666627   -7.213373 -0.008102041 -0.008163265
14 buildDiffAges  -47.92000  -49.212299  -46.627701 -0.027227273 -0.027272727
     feature     value        norm
1 humanScale -1739.329 -0.01682112
       feature      realS     lowerS    higherS       normS      normS2
1      movCars  144.10120  140.90727  147.29514  0.01636622  0.01619133
2     movCicly -186.64385 -188.77402 -184.51367 -0.07011100 -0.06959937
3         tree  405.89693  395.57101  416.22285  0.02619175  0.02566259
4     smallPla  -35.53578  -37.53683  -33.53474 -0.03338924 -0.03675058
5     streeFur  -79.77605  -82.01615  -77.53596 -0.01402614 -0.01412866
6         ligh  -49.02908  -50.32943  -47.72873 -0.02346647 -0.02302532
7         peop -894.91253 -898.78175 -891.04331 -0.06595489 -0.06600521
8    streetWid -873.29390 -907.02890 -839.55891 -0.01778120 -0.01917507
9  buildHeight -523.77961 -620.44065 -427.11856 -0.00751392 -0.00977582
10   longSight -170.13588 -173.88361 -166.38815 -0.03462073 -0.03471092
       feature     value        norm
1 imageability -2199.986 -0.05592551
    feature     realS    lowerS   higherS       normS      normS2
1   buildId -429.8964 -433.5657 -426.2272 -0.04170698 -0.04180391
2 buildNRec -701.4736 -711.3258 -691.6215 -0.06766393 -0.06906526
3    basCol -173.7034 -177.3714 -170.0354 -0.03409514 -0.03487907
4      peop -894.9125 -898.7818 -891.0433 -0.06595489 -0.06600521
    feature     value         norm
1 enclosure -686.5619 -0.009586972
      feature      realS     lowerS    higherS       normS      normS2
1        tree  405.89693  395.57101  416.22285  0.02619175  0.02566259
2        ligh  -49.02908  -50.32943  -47.72873 -0.02346647 -0.02302532
3   streetWid -873.29390 -907.02890 -839.55891 -0.01778120 -0.01917507
4 buildHeight -523.77961 -620.44065 -427.11856 -0.00751392 -0.00977582
5   longSight -170.13588 -173.88361 -166.38815 -0.03462073 -0.03471092
    feature     value        norm
1 coherence -1327.009 -0.03891763
        feature      realS     lowerS    higherS       normS      normS2
1      streeFur  -79.77605  -82.01615  -77.53596 -0.01402614 -0.01412866
2        basCol -173.70342 -177.37141 -170.03543 -0.03409514 -0.03487907
3          ligh  -49.02908  -50.32943  -47.72873 -0.02346647 -0.02302532
4      accenCol  -81.66806  -87.99466  -75.34146 -0.01384750 -0.01537162
5          peop -894.91253 -898.78175 -891.04331 -0.06595489 -0.06600521
6 buildDiffAges  -47.92000  -49.21230  -46.62770 -0.02722727 -0.02727273
7   buildHeight -523.77961 -620.44065 -427.11856 -0.00751392 -0.00977582
  feature     value        norm
1 linkage -899.3286 -0.01431314
    feature     realS    lowerS   higherS       normS      normS2
1   movCars  144.1012  140.9073  147.2951  0.01636622  0.01619133
2 streetWid -873.2939 -907.0289 -839.5589 -0.01778120 -0.01917507
3 longSight -170.1359 -173.8836 -166.3882 -0.03462073 -0.03471092
     feature     value        norm
1 legibility -600.0323 -0.03941922
    feature     realS    lowerS   higherS       normS      normS2
1   buildId -429.8964 -433.5657 -426.2272 -0.04170698 -0.04180391
2 longSight -170.1359 -173.8836 -166.3882 -0.03462073 -0.03471092
       feature    value       norm
1 transparency 420.4812 0.06565194
      feature     realS    lowerS   higherS       normS      normS2
1 sidewalkWid  420.4812  415.4124  425.5501  0.06565194  0.06618665
2 buildHeight -523.7796 -620.4406 -427.1186 -0.00751392 -0.00977582
   feature     value        norm
1 tidiness -87.47113 -0.01311338
    feature       realS       lowerS      higherS        normS       normS2
1  streeFur -79.7760547 -82.01615426 -77.53595515 -0.014026140 -0.014128665
2     graff  -7.9400000  -8.66662732  -7.21337268 -0.008102041 -0.008163265
3    debris  -0.0414938  -0.04345416  -0.03953345 -0.045772822 -0.042794483
4  pavement   0.1842625   0.18266829   0.18585663  0.212180274  0.215253649
5 landscape   0.1021585   0.10019028   0.10412664  0.109947701  0.108149021
