
Attaching package: ‘dplyr’

The following objects are masked from ‘package:stats’:

    filter, lag

The following objects are masked from ‘package:base’:

    intersect, setdiff, setequal, union


Attaching package: ‘reshape’

The following object is masked from ‘package:dplyr’:

    rename

There were 13 warnings (use warnings() to see them)
Version:  1.35.5
Date:     2015-07-26
Author:   Philip Leifeld (University of Konstanz)

Please cite the JSS article in your publications -- see citation("texreg").
[1] "################### Men x Women - Pleasantness"
[1] 0.2014538
[1] ">>>> Kendall Distance  0.201453790238837"
$movCars
$movCars[[1]]
  [1] 360.52061  18.71044 178.86397 170.00299 175.20439 189.98318 157.45942
  [8] 180.21536 167.28599 155.72207 174.95790 163.04885 150.23785 162.75986
 [15] 173.62128 170.47275 143.15496 130.33551 142.10922 137.77284 129.82204
 [22] 131.60107 133.77499 145.77738 142.64177 141.75077 156.81672 151.32242
 [29] 143.37307 147.21533 138.83722 139.43150 130.59290 140.19706 144.49635
 [36] 140.64651 137.40261 136.40261 137.77693 126.03903 120.57960 140.20206
 [43] 139.97362 132.86542 126.39253 133.89810 126.60876 132.86248 139.01632
 [50] 145.96006 133.72836 144.52836 143.22915 134.11612 140.61548 132.84343
 [57] 136.47954 128.50358 136.33414 122.33414 113.83414 127.15465 127.81263
 [64] 135.35263 128.87513 132.02029 126.13913 132.84529 124.65779 140.67061
 [71] 132.61613 141.55363 139.58098 138.58098 129.51848 127.98482 122.99764
 [78] 127.93550 126.43514 130.99800 133.49764 125.49764 123.97986 114.95312
 [85] 118.95312 108.95312 105.65530 111.64383 115.61684 116.53350 109.63447
 [92] 113.17934 116.26156 120.27934 113.27934 116.11684 120.61684 120.93133
 [99] 116.82716 114.27934


$parkCars
$parkCars[[1]]
  [1] 612.8532 627.1121 440.8244 405.4433 474.5166 540.5123 351.7687 405.6114
  [9] 389.0507 345.9961 388.6097 318.7388 325.7075 259.6208 239.4726 278.6412
 [17] 274.9759 234.9608 239.3319 258.5360 280.6391 248.0479 259.6281 244.4777
 [25] 266.6172 257.5097 289.6475 288.5329 331.5706 313.9594 324.8642 291.7083
 [33] 291.8668 292.8617 297.0844 280.2079 272.2684 275.4694 300.2527 300.9894
 [41] 313.9551 338.0767 301.8305 345.8222 331.8610 350.4664 312.8191 322.0599
 [49] 304.0456 321.2551 347.9158 350.2933 360.6885 333.8572 348.0162 336.3592
 [57] 358.1144 344.7846 339.9283 328.6247 336.8297 341.2141 341.0372 325.3370
 [65] 346.0666 343.0128 336.0590 363.2446 364.1223 352.2601 378.3017 389.2889
 [73] 391.6532 382.0413 391.9096 367.5476 369.4681 354.3957 357.7073 363.2473
 [81] 368.5528 358.6165 373.1145 379.0766 394.7573 387.1537 363.2998 355.3670
 [89] 360.5837 364.3743 362.6855 354.2852 354.4680 364.7337 362.9166 348.9726
 [97] 362.1691 367.4453 386.2487 405.0870


$movCicly
$movCicly[[1]]
  [1]  -5.799576 -37.478590 -42.649167 -60.366434 -50.597587 -53.288864
  [7] -57.175147 -57.775767 -58.903460 -62.873353 -59.663352 -56.078983
 [13] -62.399194 -80.457087 -88.778964 -85.621135 -88.092446 -86.116023
 [19] -82.252661 -80.756940 -65.720392 -73.468016 -72.553272 -67.833973
 [25] -67.303157 -75.472814 -74.676040 -73.198408 -73.529225 -76.682315
 [31] -77.157950 -80.048903 -76.645677 -81.729010 -79.632236 -79.258659
 [37] -81.648903 -81.648903 -77.162344 -74.941283 -79.438766 -77.058659
 [43] -83.238766 -75.624616 -81.004724 -82.145641 -79.955433 -76.102801
 [49] -77.119118 -73.151033 -75.292195 -73.292195 -71.004218 -75.138260
 [55] -72.807444 -77.124820 -71.807444 -69.724110 -73.890777 -73.890777
 [61] -75.890777 -72.634367 -71.987551 -72.887551 -70.904218 -71.000992
 [67] -73.200992 -68.834325 -72.084325 -70.340736 -69.917659 -69.000992
 [73] -69.151701 -69.151701 -70.235035 -68.895291 -68.151701 -73.669077
 [79] -71.435035 -72.585744 -70.078974 -70.078974 -72.178974 -72.313017
 [85] -72.313017 -74.313017 -75.313017 -77.229683 -75.313017 -72.385744
 [91] -75.229683 -74.029683 -75.602410 -75.229683 -75.229683 -75.313017
 [97] -75.313017 -76.313017 -73.029683 -75.029683


$buildId
$buildId[[1]]
  [1] 709.0149 412.6848 161.6654 111.0900 137.3847 155.9929 154.1614 178.8414
  [9] 190.3191 190.5048 222.9660 176.7683 163.1202 189.7448 206.6736 191.8109
 [17] 176.4681 160.5832 179.2387 161.4840 161.3006 131.7609 135.0639 137.0401
 [25] 146.7067 142.7139 175.4678 204.0797 182.3012 191.0319 186.9792 175.7377
 [33] 154.7377 181.7933 188.2904 186.7015 169.1697 146.5030 138.9792 141.3681
 [41] 134.5030 139.7808 141.4475 153.1142 159.3832 160.3305 150.2779 152.4208
 [49] 148.3731 164.4843 154.4843 153.4843 168.5369 147.0536 147.6676 145.4454
 [57] 153.6049 147.6049 153.6843 151.6843 147.3509 155.6843 156.7369 157.5162
 [65] 157.3162 158.2131 151.4631 160.3758 158.8996 158.8996 159.0117 165.0117
 [73] 164.3758 159.0117 163.4284 169.3975 166.7001 163.0951 157.7308 157.7617
 [81] 166.7784 164.4451 169.8810 159.0644 158.3977 157.0644 150.2858 150.9522
 [89] 150.9832 153.3758 152.3927 151.2263 147.9787 146.5972 147.4763 149.2858
 [97] 148.2858 151.5596 147.7570 153.7570


$buildNRec
$buildNRec[[1]]
  [1] 1314.284 1377.339 1276.353 1173.314 1192.053 1244.255 1263.454 1245.003
  [9] 1275.342 1271.253 1290.342 1271.441 1282.944 1279.371 1297.592 1286.635
 [17] 1282.523 1279.751 1274.423 1275.534 1280.973 1262.436 1257.534 1259.001
 [25] 1243.445 1249.407 1274.895 1306.982 1292.984 1322.388 1309.331 1311.251
 [33] 1289.085 1305.318 1302.653 1309.275 1285.809 1263.809 1282.742 1271.309
 [41] 1274.009 1261.509 1266.598 1254.809 1261.492 1280.123 1278.555 1277.055
 [49] 1272.269 1280.102 1281.147 1280.369 1283.771 1275.854 1275.352 1280.330
 [57] 1282.947 1287.191 1278.614 1282.614 1282.836 1282.947 1283.649 1280.271
 [65] 1282.949 1286.838 1296.738 1299.004 1297.938 1285.049 1301.339 1296.673
 [73] 1299.404 1296.117 1295.750 1298.304 1297.905 1296.473 1300.504 1295.406
 [81] 1297.423 1299.089 1296.091 1297.208 1294.874 1295.874 1294.677 1295.739
 [89] 1294.408 1295.285 1294.973 1268.910 1271.558 1293.840 1281.810 1279.677
 [97] 1278.455 1268.888 1289.219 1293.219


$tree
$tree[[1]]
  [1] 1522.751 1284.470 1382.056 1443.385 1472.587 1491.069 1477.946 1450.072
  [9] 1417.479 1413.658 1393.558 1387.659 1412.666 1406.766 1455.390 1423.622
 [17] 1423.254 1388.620 1394.789 1392.108 1383.967 1379.699 1377.582 1399.650
 [25] 1415.857 1405.057 1404.240 1377.307 1378.640 1349.776 1338.617 1344.686
 [33] 1332.181 1348.216 1329.733 1342.418 1337.052 1331.310 1323.934 1327.281
 [41] 1343.122 1347.131 1356.535 1334.818 1346.334 1340.437 1339.563 1330.665
 [49] 1330.728 1334.999 1328.156 1329.484 1328.890 1330.646 1332.516 1330.489
 [57] 1317.294 1307.000 1334.234 1336.128 1339.717 1325.229 1328.691 1338.647
 [65] 1335.656 1332.328 1333.838 1328.630 1334.601 1344.244 1335.880 1342.379
 [73] 1338.094 1335.962 1333.965 1329.215 1330.256 1341.641 1328.238 1328.894
 [81] 1319.400 1319.186 1328.935 1325.714 1318.402 1323.190 1338.745 1334.865
 [89] 1342.439 1330.411 1337.047 1334.767 1340.451 1344.395 1340.349 1339.073
 [97] 1340.991 1342.748 1337.981 1342.482


$smallPla
$smallPla[[1]]
  [1] 174.8419 165.9917 175.5385 176.0224 160.9840 159.4081 165.8366 155.8377
  [9] 158.7902 155.8402 159.7521 156.4172 152.2434 151.4497 147.9410 147.1302
 [17] 145.6717 146.2355 146.1334 145.9573 149.6728 150.3086 149.9042 150.4293
 [25] 149.0293 146.7113 145.6838 147.2747 146.4147 145.7112 147.0473 146.8679
 [33] 145.4579 144.1156 145.4455 144.6964 144.6411 144.4919 146.4664 145.9218
 [41] 144.8003 144.5698 144.1683 143.0879 143.7346 142.6949 143.5193 145.2317
 [49] 145.5082 145.1237 144.5762 145.4731 145.5184 144.5759 145.1909 145.7920
 [57] 146.9613 144.9609 145.8589 144.6062 145.3136 145.7750 145.0555 146.1021
 [65] 146.0733 145.8185 145.5899 145.2047 146.2208 145.4792 146.9689 147.1760
 [73] 146.8257 146.0915 145.8953 146.8026 146.9049 146.4411 145.8909 144.9848
 [81] 145.1087 144.9931 145.2534 145.4582 145.3165 145.3850 144.7799 144.5615
 [89] 144.4839 144.3306 145.4464 145.0361 145.1287 144.3084 144.2903 145.1889
 [97] 143.6234 143.4854 143.2466 142.7905


$diffBuild
$diffBuild[[1]]
  [1]  -72.10811 -225.09396 -341.31192 -378.25995 -413.62566 -385.62542
  [7] -379.83692 -373.19512 -357.05377 -325.88319 -312.11370 -336.51458
 [13] -350.34791 -359.84165 -374.88450 -353.37542 -387.09385 -391.87718
 [19] -384.50963 -397.27718 -397.25337 -396.26422 -386.59667 -383.71792
 [25] -395.68459 -392.35125 -372.42630 -354.44667 -366.06704 -360.49755
 [31] -372.38176 -373.68176 -377.63546 -380.86597 -360.36597 -367.26227
 [37] -375.76227 -375.79930 -380.48264 -376.96597 -378.04930 -377.13176
 [43] -375.96509 -372.56597 -357.39755 -360.34843 -365.43176 -377.18264
 [49] -367.13176 -361.66509 -368.08176 -367.60557 -356.14261 -365.14261
 [55] -354.72594 -361.39261 -349.05927 -352.60557 -363.49261 -366.32594
 [61] -359.82594 -356.14261 -355.14261 -366.15927 -366.32594 -351.05927
 [67] -361.69261 -365.73546 -365.90213 -367.66880 -372.90213 -362.90213
 [73] -368.52118 -372.85451 -362.35451 -362.52118 -365.52118 -362.35451
 [79] -353.68784 -361.02118 -355.10451 -356.45451 -359.52118 -369.98546
 [85] -368.48546 -371.98546 -379.96792 -378.83697 -376.50363 -375.17030
 [91] -383.08697 -388.25451 -382.25451 -378.50363 -383.87030 -383.72118
 [97] -384.37030 -370.90363 -388.00363 -377.00363


$streeFur
$streeFur[[1]]
  [1] 262.4061 163.9574 198.6306 218.1895 173.9549 186.4089 193.4995 204.3463
  [9] 194.1803 177.6647 195.9022 192.5671 184.3352 178.6226 180.9137 181.7294
 [17] 170.5020 166.5876 175.2232 172.2424 176.1672 180.9582 180.7007 176.4828
 [25] 178.6760 178.7277 187.6748 192.7270 188.1728 178.0695 179.1643 172.2127
 [33] 162.1996 162.9145 162.9611 168.8112 164.9689 162.1641 165.6232 170.5529
 [41] 172.4446 173.7237 175.4060 178.9656 184.8552 188.5340 186.8347 187.2312
 [49] 187.5824 189.5070 186.6516 187.6120 192.4271 186.5672 187.8214 184.2376
 [57] 188.6798 187.1516 195.6406 192.0672 193.2605 190.9602 189.9214 193.4190
 [65] 195.1865 194.1983 191.4716 193.3528 196.3312 193.7839 194.6418 197.8837
 [73] 194.6155 194.8317 194.6056 196.1005 192.9233 191.9385 194.2439 191.8123
 [81] 191.8597 193.9993 193.2686 188.7407 189.0665 187.5513 189.3236 193.2645
 [89] 191.4819 193.5575 191.9428 191.7717 189.1345 189.8028 189.3711 188.6237
 [97] 189.4140 193.0483 189.9376 194.7148


$basCol
$basCol[[1]]
  [1]  -69.29779  -67.00175  -95.31904 -105.14639 -105.84903 -124.49661
  [7] -141.88229 -142.55209 -131.84400 -137.55026 -137.49960 -140.40411
 [13] -131.09459 -123.27604 -130.89838 -135.77846 -137.11242 -138.98172
 [19] -145.17721 -143.26054 -143.71593 -143.43644 -143.41802 -141.84751
 [25] -146.51417 -140.50101 -145.36768 -144.83347 -140.78435 -141.61768
 [31] -138.68347 -143.56856 -141.40189 -143.18226 -132.68226 -140.52962
 [37] -138.23050 -136.73050 -138.48050 -136.55101 -140.05101 -132.88435
 [43] -134.53347 -129.85014 -129.10014 -133.85014 -135.85014 -134.34387
 [49] -137.02808 -138.61142 -138.34387 -136.32721 -135.07721 -135.26142
 [55] -135.48259 -139.06593 -138.54212 -139.89926 -138.03523 -142.86856
 [61] -143.86856 -142.98698 -140.30277 -138.42119 -142.55277 -144.55277
 [67] -146.55277 -141.21944 -142.21944 -135.55277 -135.88610 -138.05277
 [73] -138.71944 -137.21944 -138.38610 -139.57031 -139.88610 -135.13610
 [79] -138.38610 -130.96944 -132.38610 -135.21944 -137.35101 -133.77896
 [85] -132.94563 -136.44563 -132.02896 -135.46944 -131.38610 -136.38610
 [91] -133.18281 -130.38610 -129.46505 -130.33347 -127.58347 -129.63610
 [97] -126.13610 -125.05311 -127.41680 -123.30311


$ligh
$ligh[[1]]
  [1] 45.82576 51.43387 67.71614 63.47189 62.89974 55.32085 57.56030 49.83191
  [9] 51.82708 54.13773 54.51909 55.43968 51.83462 47.20275 46.79403 50.40086
 [17] 49.51469 52.09922 49.18058 48.45235 46.79403 47.23627 51.38737 47.74852
 [25] 47.59797 47.26001 49.85744 52.22287 53.57259 50.17420 55.78423 55.36345
 [33] 56.56762 53.16108 54.65569 52.50662 51.63707 52.64365 52.00220 50.40407
 [41] 47.74842 54.65507 50.91369 51.80804 49.63654 50.54851 50.07560 51.53422
 [49] 52.49034 49.82527 50.20804 50.88004 49.19158 49.85501 51.32725 50.13242
 [57] 51.62941 52.25487 52.80890 51.29709 50.72167 50.78098 49.82384 50.88349
 [65] 47.74483 45.43414 47.81649 48.42473 47.10784 46.30189 46.60402 45.70276
 [73] 46.23983 44.43391 45.64150 44.61429 44.83973 44.55871 43.39619 44.08165
 [81] 46.14010 45.60788 46.64862 47.52972 48.05630 49.08382 47.68175 44.97422
 [89] 46.54417 45.92180 46.85301 45.20781 45.26624 47.01768 46.57242 45.84706
 [97] 46.49579 45.74812 45.93644 46.10128


$accenCol
$accenCol[[1]]
  [1] -315.1190 -325.9951 -426.0945 -415.2631 -375.5444 -386.6382 -410.3325
  [8] -385.5393 -370.6266 -377.4920 -387.5686 -389.7946 -376.9315 -377.5415
 [15] -377.8937 -371.5044 -374.4411 -376.7248 -374.4322 -373.1656 -373.9380
 [22] -365.2322 -368.8928 -364.0402 -370.1652 -354.7047 -364.5713 -371.0262
 [29] -371.6963 -369.5713 -378.8762 -380.9323 -375.0990 -379.3166 -366.9832
 [36] -369.1069 -368.4438 -370.4438 -368.2354 -362.7963 -364.1297 -366.9630
 [43] -366.5595 -360.0428 -347.9178 -353.0845 -357.9178 -352.7261 -354.9629
 [50] -350.0463 -351.5594 -350.8761 -342.1261 -345.6787 -347.9713 -349.0547
 [57] -350.7928 -350.3880 -350.6906 -348.0240 -347.0240 -347.2476 -345.5108
 [64] -344.5503 -340.7608 -341.2608 -344.1358 -338.1358 -335.8025 -334.8025
 [71] -333.8025 -331.8025 -336.3025 -332.3025 -333.3025 -331.5393 -331.8025
 [78] -328.0525 -330.3025 -325.0525 -326.3025 -326.8025 -328.5130 -327.4572
 [85] -326.9572 -329.4572 -327.2072 -328.3858 -327.8025 -331.3025 -329.9765
 [92] -329.0525 -328.7104 -331.2498 -326.1248 -329.1775 -327.6775 -323.2822
 [99] -326.9998 -325.2822


$peop
$peop[[1]]
  [1]  -799.8138 -1157.6813 -1135.4716 -1230.2416 -1193.0363 -1184.4257
  [7] -1174.7547 -1137.4432 -1197.6991 -1174.2390 -1148.6009 -1105.8701
 [13] -1150.9372 -1127.4662 -1200.0903 -1173.7675 -1181.7082 -1199.5171
 [19] -1169.3992 -1198.5765 -1173.3251 -1165.9128 -1152.4033 -1161.0099
 [25] -1149.8220 -1159.1744 -1154.3502 -1143.1905 -1139.6936 -1139.0246
 [31] -1152.1684 -1160.7624 -1153.7922 -1159.8705 -1148.0480 -1157.0289
 [37] -1169.8264 -1156.5298 -1167.5140 -1168.6002 -1168.7486 -1166.1181
 [43] -1176.8843 -1143.4486 -1150.6728 -1134.4349 -1141.4308 -1141.7474
 [49] -1134.5562 -1134.2046 -1142.8992 -1134.9235 -1130.2743 -1145.7460
 [55] -1144.1040 -1155.4995 -1137.3862 -1149.7289 -1153.5466 -1167.9754
 [61] -1160.8098 -1136.5448 -1146.8573 -1149.6239 -1139.4003 -1134.1333
 [67] -1143.6000 -1138.8846 -1159.6752 -1169.4958 -1160.8218 -1151.1290
 [73] -1141.4142 -1153.5475 -1141.7782 -1134.3777 -1151.6235 -1158.5430
 [79] -1151.7070 -1151.5821 -1147.9046 -1150.9463 -1149.8169 -1156.8957
 [85] -1146.7365 -1157.3570 -1166.6145 -1163.0071 -1163.0221 -1161.9452
 [91] -1162.4167 -1159.8639 -1166.0624 -1161.9773 -1167.1847 -1168.1793
 [97] -1167.2206 -1161.7219 -1164.7654 -1161.5517


$graff
$graff[[1]]
  [1] -67 -69 -75 -71 -78 -85 -84 -83 -81 -83 -83 -79 -78 -78 -76 -76 -73 -72
 [19] -74 -73 -75 -74 -76 -75 -74 -73 -76 -76 -72 -76 -76 -77 -75 -77 -75 -77
 [37] -77 -77 -78 -77 -75 -75 -75 -74 -72 -73 -75 -72 -73 -73 -71 -73 -72 -73
 [55] -75 -76 -75 -75 -75 -74 -73 -74 -73 -74 -74 -72 -73 -71 -72 -71 -70 -71
 [73] -71 -70 -70 -69 -68 -67 -70 -68 -69 -69 -68 -67 -68 -67 -67 -68 -68 -68
 [91] -67 -66 -65 -68 -66 -66 -66 -67 -68 -66


$buildDiffAges
$buildDiffAges[[1]]
  [1] 109 121 122 111 107 103  97  98  94  94  91  91  92  88  91  97  98  98
 [19]  97  98  97  94  90  94  93  94  94  90  95  90  90  89  90  88  91  91
 [37]  93  93  94  96  94  93  92  93  97  96  94  98  98  97  99  97  99  95
 [55]  96  97  98  99  99  99 100 100 100 100 100 101  99  98 101 100 100 101
 [73]  99 100 101 101 102 103 101 102 102 102 104 102 101 103 102 102 102 101
 [91] 100 102 103 101 102 103 102 101 100 101


$streetWid
$streetWid[[1]]
  [1] 1895.0815  638.6373 1026.5264 1059.0151 1210.6983 1370.5812 1343.1217
  [8] 1269.7803 1359.6517 1273.9307 1164.2021 1081.1694 1258.3088 1074.4045
 [15] 1176.1863 1171.1658 1073.2968 1023.3722 1060.3857  995.0281 1038.9119
 [22]  972.7324 1011.1685 1071.4636 1057.5112 1044.1951 1146.6154 1135.8382
 [29] 1129.0815 1109.6829 1047.9091 1026.8958  986.3762  966.3095  979.9785
 [36]  975.0702  924.1140  912.9474  953.8981  937.0474  946.1503 1036.1474
 [43]  990.7503  993.7731 1004.6141  985.8635 1014.8165 1009.1534 1046.2111
 [50] 1040.4437 1037.6800 1087.3332 1127.0903 1067.2237 1093.9665 1093.6528
 [57] 1054.6332 1040.1832 1075.9832 1077.6499 1065.2332 1105.6832 1094.0070
 [64] 1098.8903 1142.8403 1116.5903 1077.3403 1113.1237 1109.7903 1124.3880
 [71] 1108.1475 1155.7687 1154.6115 1157.0520 1134.0975 1102.8808 1088.0380
 [78] 1088.8975 1089.4308 1111.0975 1080.9571 1084.2905 1093.6809 1088.9476
 [85] 1100.7809 1079.6143 1117.4476 1116.3101 1133.7905 1142.1570 1108.6000
 [92] 1088.0643 1077.4213 1128.7000 1109.0809 1066.4809 1117.0643 1120.8071
 [99] 1167.8450 1135.2000


$sidewalkWid
$sidewalkWid[[1]]
  [1] -16.25115 -19.79027  12.30918  37.26029  87.87987 128.23620 135.49640
  [8] 147.19503 133.94061 124.45523 115.39552  95.83434  96.07782 105.91708
 [15]  98.21213  95.92138  84.92067  86.38675  93.33146  93.86928  95.20327
 [22] 103.20314  92.25349 104.41768  96.76621  89.65054  99.93053  97.35242
 [29] 103.01763 108.38002 101.28385 114.64322 117.41722 116.87998 112.57055
 [36] 115.40112 108.83725 114.02524 111.27091 100.62891  98.79707 108.04217
 [43] 106.19291 108.26019  95.84604 101.22736 107.22452 104.40936 101.70782
 [50]  96.33299 103.52918 103.39511 104.83408 100.29855 105.31133 111.58378
 [57] 106.92932 100.92515 105.53348  96.84549  90.03299  95.18348  95.56325
 [64]  98.10908  97.27158  96.45908  94.02487 104.75162  95.01438  98.19636
 [71] 101.78505 105.15778 106.76135 104.85362  99.03165  95.93625  97.23268
 [78]  97.45160  91.95292  99.05160  97.92222  93.75555  95.48531  95.14233
 [85]  97.97566  93.64233  88.72434  93.92580  91.00291  89.61263  89.63193
 [92]  89.03268  88.79671  97.23149  92.33268  92.32434  91.72775  94.63296
 [99]  97.71250  98.04399


$debris
$debris[[1]]
  [1] 0.3235396 0.2747526 0.2829013 0.2627976 0.2659107 0.2511398 0.2542012
  [8] 0.2477281 0.2581884 0.2631259 0.2687757 0.2761023 0.2720774 0.2629638
 [15] 0.2665596 0.2651049 0.2667226 0.2598012 0.2613060 0.2565622 0.2573845
 [22] 0.2552509 0.2640019 0.2624443 0.2670891 0.2636634 0.2679845 0.2726102
 [29] 0.2664922 0.2658773 0.2723365 0.2679154 0.2646872 0.2607282 0.2597797
 [36] 0.2681370 0.2676081 0.2639154 0.2648904 0.2665670 0.2604894 0.2649755
 [43] 0.2642104 0.2668694 0.2636923 0.2653803 0.2645239 0.2699268 0.2642654
 [50] 0.2708083 0.2735750 0.2780808 0.2771768 0.2713836 0.2703025 0.2678313
 [57] 0.2714109 0.2726107 0.2748418 0.2761872 0.2771173 0.2725186 0.2739754
 [64] 0.2763227 0.2781004 0.2737100 0.2733532 0.2746724 0.2725936 0.2744303
 [71] 0.2738279 0.2758648 0.2742047 0.2731769 0.2703127 0.2707599 0.2724018
 [78] 0.2716417 0.2702992 0.2707702 0.2729171 0.2743470 0.2768487 0.2723383
 [85] 0.2693123 0.2715431 0.2704419 0.2677247 0.2692558 0.2718613 0.2738097
 [92] 0.2714440 0.2716413 0.2687699 0.2695369 0.2677645 0.2665080 0.2667999
 [99] 0.2716983 0.2714952


$pavement
$pavement[[1]]
  [1] 0.1518956 0.1261534 0.1443191 0.1603151 0.1635412 0.1645006 0.1524040
  [8] 0.1628322 0.1638573 0.1600428 0.1625721 0.1519191 0.1491378 0.1432462
 [15] 0.1493486 0.1511886 0.1474405 0.1540926 0.1556934 0.1565941 0.1535536
 [22] 0.1572515 0.1590953 0.1579992 0.1585331 0.1568633 0.1628096 0.1634100
 [29] 0.1626509 0.1617155 0.1661664 0.1648040 0.1644276 0.1597251 0.1617622
 [36] 0.1645665 0.1652280 0.1654567 0.1641279 0.1656790 0.1569788 0.1656021
 [43] 0.1623169 0.1646831 0.1623163 0.1617377 0.1620130 0.1671407 0.1642810
 [50] 0.1670824 0.1654602 0.1683754 0.1683500 0.1666406 0.1658740 0.1620798
 [57] 0.1676936 0.1670364 0.1666845 0.1659108 0.1658323 0.1644877 0.1648825
 [64] 0.1670905 0.1700770 0.1682520 0.1689666 0.1718602 0.1687920 0.1675707
 [71] 0.1733047 0.1720114 0.1712848 0.1716887 0.1706650 0.1684361 0.1699153
 [78] 0.1692818 0.1670577 0.1702748 0.1710633 0.1688675 0.1696396 0.1709104
 [85] 0.1724901 0.1713757 0.1705468 0.1668998 0.1691073 0.1701335 0.1716628
 [92] 0.1707085 0.1695664 0.1691250 0.1706112 0.1682891 0.1685772 0.1689890
 [99] 0.1696275 0.1711271


$landscape
$landscape[[1]]
  [1] 0.3100947 0.2532206 0.2745216 0.2758036 0.2658478 0.2649055 0.2623969
  [8] 0.2709304 0.2737010 0.2784332 0.2821385 0.2788675 0.2683194 0.2667542
 [15] 0.2729275 0.2691238 0.2674863 0.2692014 0.2730919 0.2742366 0.2720335
 [22] 0.2751449 0.2793986 0.2794941 0.2825590 0.2813398 0.2797811 0.2831870
 [29] 0.2774022 0.2722862 0.2769854 0.2754113 0.2738020 0.2710077 0.2734560
 [36] 0.2756867 0.2753284 0.2743298 0.2730790 0.2755940 0.2673563 0.2747280
 [43] 0.2722097 0.2749919 0.2754131 0.2717059 0.2735159 0.2804063 0.2761443
 [50] 0.2821150 0.2787736 0.2820240 0.2800345 0.2791364 0.2779334 0.2728527
 [57] 0.2796679 0.2795504 0.2803065 0.2803469 0.2824426 0.2779808 0.2782965
 [64] 0.2805291 0.2836820 0.2838854 0.2820610 0.2830139 0.2798059 0.2831867
 [71] 0.2846445 0.2841917 0.2823093 0.2828039 0.2816953 0.2824367 0.2827193
 [78] 0.2820317 0.2801669 0.2837429 0.2819025 0.2840217 0.2837957 0.2824346
 [85] 0.2812536 0.2806768 0.2820507 0.2787121 0.2815530 0.2809856 0.2835769
 [92] 0.2830725 0.2804167 0.2819868 0.2814950 0.2813905 0.2820743 0.2826117
 [99] 0.2816438 0.2824905


$propStreetWall
$propStreetWall[[1]]
  [1] 0.01777100 0.03326465 0.03147028 0.02720316 0.02853607 0.02795180
  [7] 0.02963912 0.02876789 0.02956440 0.02972555 0.02967482 0.03101393
 [13] 0.03319368 0.03005059 0.03040020 0.02995514 0.02974367 0.03028196
 [19] 0.02771531 0.02817455 0.02883558 0.02923502 0.02784970 0.02941488
 [25] 0.02922587 0.02843281 0.02786934 0.02952580 0.02951214 0.02948833
 [31] 0.02962212 0.02887251 0.02954261 0.02780950 0.02773978 0.02869164
 [37] 0.02908394 0.02943503 0.02904010 0.02935354 0.02912426 0.02806386
 [43] 0.02893194 0.02970352 0.03161883 0.03043536 0.02996700 0.02866272
 [49] 0.02762579 0.02874166 0.02944011 0.02864791 0.02933475 0.03081148
 [55] 0.03034983 0.03018228 0.02929770 0.03034066 0.03016462 0.03068692
 [61] 0.03014656 0.02881792 0.02980577 0.02950905 0.02924420 0.02915393
 [67] 0.03025468 0.03027813 0.03058151 0.03150858 0.03152170 0.03042047
 [73] 0.02934465 0.03037045 0.03004758 0.03013895 0.03073099 0.03124433
 [79] 0.03114239 0.03137084 0.03091772 0.03109888 0.03034977 0.03143369
 [85] 0.03084183 0.03093828 0.03295684 0.03231976 0.03264339 0.03192024
 [91] 0.03284182 0.03250463 0.03244950 0.03268864 0.03330537 0.03298082
 [97] 0.03357371 0.03367818 0.03290820 0.03379061


$propWind
$propWind[[1]]
  [1]  0.011256125 -0.005456748 -0.008335561 -0.007738841 -0.009310293
  [6] -0.010670299 -0.012280179 -0.012040450 -0.012260928 -0.011689084
 [11] -0.012036195 -0.013639941 -0.014345395 -0.014583135 -0.014891447
 [16] -0.013711454 -0.014469703 -0.016319710 -0.015535353 -0.015924141
 [21] -0.017375140 -0.016792208 -0.016952450 -0.016186810 -0.015541283
 [26] -0.015847479 -0.014891906 -0.015483091 -0.015513932 -0.015773691
 [31] -0.015866347 -0.015844214 -0.016050850 -0.016067397 -0.015290632
 [36] -0.016396349 -0.016357248 -0.015679536 -0.015711293 -0.016252182
 [41] -0.016502313 -0.015503349 -0.015624251 -0.016318488 -0.015977880
 [46] -0.015660817 -0.015777679 -0.015297788 -0.014865076 -0.014168472
 [51] -0.014966317 -0.014814569 -0.014625294 -0.015413001 -0.015288157
 [56] -0.015459494 -0.014957650 -0.015923095 -0.015700472 -0.016445556
 [61] -0.016836591 -0.015647290 -0.015798641 -0.015447974 -0.015964698
 [66] -0.016000216 -0.015913506 -0.015327455 -0.015801045 -0.015865966
 [71] -0.015523054 -0.014866360 -0.015041240 -0.015020139 -0.015386934
 [76] -0.015168890 -0.015418243 -0.015389029 -0.015490242 -0.015616635
 [81] -0.014980014 -0.015555615 -0.015176873 -0.015486982 -0.015316174
 [86] -0.015543677 -0.016063124 -0.016140790 -0.016183700 -0.016428437
 [91] -0.016063307 -0.016515500 -0.016074752 -0.016177258 -0.016248614
 [96] -0.016269755 -0.016447863 -0.016127715 -0.016346873 -0.016406199


$longSight
$longSight[[1]]
  [1] 126.6290043  72.9075758  24.3649351  29.7164502  31.5670996  17.8246753
  [7]  20.8437229   9.2123377   5.9861472   8.8584416  -6.0400433  -5.5153680
 [13]  -2.9876623  -7.0861472 -10.2361472  -7.3512987  -5.7274892  -3.5941558
 [19]   3.8900433  -2.7099567  -4.0099567   2.7480519  -0.7519481   4.0813853
 [25]   1.3385281   1.2718615 -11.4043290 -10.4709957 -12.5251082 -13.5251082
 [31] -12.2203463 -14.9870130 -14.8441558 -17.1441558 -19.2870130 -16.9870130
 [37] -16.2203463 -15.0870130 -16.1774892 -16.1536797 -13.3441558 -14.3870130
 [43] -11.7441558 -15.2536797 -14.4108225 -11.1432900 -11.0956710  -6.2623377
 [49]  -7.0805195  -2.5956710   0.5558442  -1.0108225  -8.6012987  -7.4043290
 [55] -13.5471861 -12.7290043 -13.2290043 -15.6290043 -15.6623377 -15.9290043
 [61] -11.1290043 -15.9623377 -14.8194805 -13.5194805 -15.2528139 -11.5099567
 [67] -11.0781385  -7.1599567 -11.5932900  -7.8932900 -13.6917749 -14.6584416
 [73] -15.0084416 -17.2584416 -13.5417749 -13.4751082 -13.3917749 -11.9417749
 [79] -13.0751082  -9.9417749  -9.6084416  -9.4084416  -6.2584416  -4.8584416
 [85]  -6.8584416  -5.2584416  -4.5766234  -3.3266234  -8.3266234  -9.1599567
 [91]  -7.2766234  -6.0266234  -6.3599567  -8.5266234  -7.7766234  -9.2766234
 [97]  -9.3766234  -9.1932900 -10.0432900 -12.2917749


$propSkyAhead
$propSkyAhead[[1]]
  [1] 0.06800295 0.07307898 0.04583807 0.05155146 0.05128760 0.05183697
  [7] 0.04535728 0.04847783 0.05333133 0.04832949 0.05073385 0.04865979
 [13] 0.04901292 0.04730155 0.04987875 0.04957888 0.05011747 0.04834337
 [19] 0.04825000 0.04648812 0.04874208 0.04656654 0.04639355 0.04810898
 [25] 0.04731095 0.04688778 0.04564733 0.04659803 0.04572129 0.04538923
 [31] 0.04669517 0.04651218 0.04535933 0.04632795 0.04631171 0.04615927
 [37] 0.04472049 0.04355288 0.04399818 0.04363290 0.04588147 0.04452386
 [43] 0.04571045 0.04417453 0.04587713 0.04706430 0.04473197 0.04610226
 [49] 0.04464389 0.04579364 0.04460489 0.04473324 0.04564399 0.04502316
 [55] 0.04502810 0.04535101 0.04548691 0.04574214 0.04681128 0.04724581
 [61] 0.04787234 0.04603507 0.04731991 0.04899695 0.04685503 0.04661123
 [67] 0.04649888 0.04752579 0.04975609 0.04800265 0.04997161 0.04959073
 [73] 0.05011613 0.05019124 0.05022486 0.05105070 0.05165619 0.05131499
 [79] 0.05171708 0.04902863 0.05225795 0.05183993 0.05106164 0.05178801
 [85] 0.05113785 0.05190297 0.04988896 0.04984534 0.04972764 0.04959866
 [91] 0.05034332 0.04957178 0.04917160 0.04779324 0.04902950 0.04992326
 [97] 0.04900495 0.05030047 0.04912273 0.04910853


$propSkyAcross
$propSkyAcross[[1]]
  [1] 0.05326624 0.06966898 0.05445080 0.06289380 0.06734515 0.06847774
  [7] 0.06410041 0.06283418 0.06488222 0.06263117 0.06591534 0.06328389
 [13] 0.06523021 0.06487339 0.06547911 0.06432474 0.06411214 0.06159933
 [19] 0.06226467 0.06192248 0.06422511 0.06180463 0.06169207 0.06233302
 [25] 0.06154961 0.06041196 0.06032358 0.06004240 0.05953018 0.05973334
 [31] 0.05992460 0.05994534 0.05932795 0.06116472 0.06053036 0.05919262
 [37] 0.05936609 0.05861915 0.06198086 0.06036052 0.06007680 0.06063605
 [43] 0.05946850 0.05972675 0.06096064 0.06176737 0.05925579 0.05869896
 [49] 0.05776727 0.06047669 0.05805474 0.05872060 0.06038142 0.05997056
 [55] 0.05999531 0.06001643 0.06009779 0.05938898 0.06080572 0.06162262
 [61] 0.06196274 0.05969509 0.06091215 0.06265120 0.06136778 0.06049491
 [67] 0.06192035 0.06245553 0.06438596 0.06262839 0.06434244 0.06367226
 [73] 0.06479233 0.06398294 0.06450268 0.06382415 0.06442634 0.06421855
 [79] 0.06488878 0.06284655 0.06575407 0.06532340 0.06479643 0.06551475
 [85] 0.06575053 0.06597981 0.06459538 0.06440488 0.06444685 0.06410622
 [91] 0.06466899 0.06400657 0.06379767 0.06292796 0.06405117 0.06419858
 [97] 0.06456046 0.06490716 0.06542776 0.06354360


$buildHeight
$buildHeight[[1]]
  [1] 6348.177 6250.975 7479.788 7080.847 7042.449 6881.486 6692.320 6668.294
  [9] 6523.432 6720.518 6785.490 6744.490 6641.372 6652.991 6911.099 6931.702
 [17] 6843.768 6869.203 6914.862 6795.338 6764.238 6759.058 6837.434 6899.695
 [25] 6928.141 7038.050 6940.812 6977.247 6800.919 6827.987 6917.421 6851.066
 [33] 6771.291 6857.553 6874.673 6953.111 6974.531 6959.550 6863.252 6965.290
 [41] 6889.695 6856.185 6835.835 6927.618 6857.362 6882.030 6873.401 6867.182
 [49] 6903.434 6880.290 6879.442 6884.634 6917.016 6864.391 7007.185 6995.679
 [57] 6984.475 6975.228 6961.389 6916.134 6895.344 7008.304 6924.481 6924.497
 [65] 6960.831 6949.993 6897.764 6894.646 6852.160 6792.854 6840.024 6894.121
 [73] 6902.507 6891.065 6892.533 6895.667 6876.309 6858.875 6823.076 6831.846
 [81] 6860.085 6826.435 6872.867 6778.568 6800.628 6795.996 6747.067 6828.731
 [89] 6813.937 6836.141 6790.858 6830.997 6831.456 6838.193 6826.053 6823.508
 [97] 6781.181 6816.650 6765.718 6855.645


$propActiveUse
$propActiveUse[[1]]
  [1] 0.04867036 0.04501728 0.04695028 0.04575565 0.04257805 0.04300885
  [7] 0.04607602 0.04317976 0.04547220 0.04510712 0.04606048 0.04502855
 [13] 0.04313021 0.04428146 0.04280101 0.04224365 0.04273479 0.04001422
 [19] 0.03947996 0.03924434 0.03945703 0.03860808 0.04053870 0.03988150
 [25] 0.04034793 0.04004308 0.04049595 0.04246843 0.04408775 0.04344893
 [31] 0.04396716 0.04332019 0.04263578 0.04261006 0.04194152 0.04155919
 [37] 0.04099487 0.04177493 0.04154261 0.04111049 0.04173927 0.04168923
 [43] 0.04146820 0.04100665 0.04094980 0.04088222 0.04104072 0.03999417
 [49] 0.03909624 0.03882492 0.03966974 0.03972734 0.03887008 0.03869958
 [55] 0.03740739 0.03702250 0.03791807 0.03797762 0.03822312 0.03825755
 [61] 0.03798293 0.03725949 0.03818290 0.03779954 0.03756089 0.03673964
 [67] 0.03729672 0.03741361 0.03772811 0.03870949 0.03738813 0.03729691
 [73] 0.03721362 0.03735025 0.03790882 0.03718636 0.03736737 0.03750582
 [79] 0.03841372 0.03802517 0.03825415 0.03852728 0.03869760 0.03850539
 [85] 0.03833628 0.03833893 0.03919142 0.03830266 0.03886453 0.03888123
 [91] 0.03987809 0.03862878 0.03835953 0.03853616 0.03854203 0.03833562
 [97] 0.03906247 0.03940285 0.03884112 0.04002223


$movCarsN
$movCarsN[[1]]
[1] 8804.795


$parkCarsN
$parkCarsN[[1]]
[1] 22595.16


$movCiclyN
$movCiclyN[[1]]
[1] 2662.119


$buildIdN
$buildIdN[[1]]
[1] 10307.54


$buildNRecN
$buildNRecN[[1]]
[1] 10367.03


$treeN
$treeN[[1]]
[1] 15528.8


$smallPlaN
$smallPlaN[[1]]
[1] 1079.246


$diffBuildN
$diffBuildN[[1]]
[1] 12321.84


$streeFurN
$streeFurN[[1]]
[1] 5833.175


$basColN
$basColN[[1]]
[1] 5094.668


$lighN
$lighN[[1]]
[1] 1981.727


$accenColN
$accenColN[[1]]
[1] 5897.676


$peopN
$peopN[[1]]
[1] 13829.59


$graffN
$graffN[[1]]
[1] 980


$buildDiffAgesN
$buildDiffAgesN[[1]]
[1] 1760


$streetWidN
$streetWidN[[1]]
[1] 49113.32


$sidewalkWidN
$sidewalkWidN[[1]]
[1] 6547.175


$debrisN
$debrisN[[1]]
[1] 0.9312416


$pavementN
$pavementN[[1]]
[1] 0.8181882


$landscapeN
$landscapeN[[1]]
[1] 0.9021684


$propStreetWallN
$propStreetWallN[[1]]
[1] 0.2187537


$propWindN
$propWindN[[1]]
[1] 0.12055


$longSightN
$longSightN[[1]]
[1] 4914.278


$propSkyAheadN
$propSkyAheadN[[1]]
[1] 0.3589732


$propSkyAcrossN
$propSkyAcrossN[[1]]
[1] 0.3252208


$buildHeightN
$buildHeightN[[1]]
[1] 72256.92


$propActiveUseN
$propActiveUseN[[1]]
[1] 0.2219443


[1] movCars 137.336821104414 131.254179478442 143.419462730386 0.0155979581724036 0.0151907770591607
[1] parkCars 343.799132560011 331.145648982738 356.452616137284 0.0152156123291888 0.0153144047026053
[1] movCicly -71.9004476883372 -74.0135127191015 -69.7873826575729 -0.0270087241245945 -0.0276090625441355
[1] buildId 168.011337092732 155.590512738998 180.432161446466 0.0162998447831788 0.0152920565230482
[1] buildNRec 1282.85851837928 1278.2848985159 1287.43213824267 0.1237441255741 0.123752492544994
[1] tree 1357.07955110077 1348.49120646649 1365.66789573504 0.087391159229933 0.086221014574059
[1] smallPla 147.93096953632 146.614669617574 149.247269455066 0.137068822344401 0.134981033106857
[1] diffBuild -365.16065085749 -372.338125878332 -357.983175836648 -0.0296352288678654 -0.0298886780162108
[1] streeFur 186.710907707232 184.174764348202 189.247051066262 0.0320084518179976 0.032384351892168
[1] basCol -134.478401034638 -136.946657939484 -132.010144129792 -0.0263959123955467 -0.0269234297892413
[1] ligh 49.7724711443334 48.9452557869226 50.5996865017442 0.0251157108006022 0.0250943745317043
[1] accenCol -353.154398448043 -357.652004292893 -348.656792603193 -0.0598802647058965 -0.0594368555008098
[1] peop -1153.07855240125 -1161.00043968477 -1145.15666511773 -0.0833776125626246 -0.0835111173765985
[1] graff -72.92 -73.7913958119723 -72.0486041880277 -0.0744081632653061 -0.0744897959183674
[1] buildDiffAges 98.18 97.0552991874508 99.3047008125492 0.0557840909090909 0.0559659090909091
[1] streetWid 1091.70758959553 1067.00282433222 1116.41235485884 0.0222283404141134 0.0221538906501866
[1] sidewalkWid 97.3943418557797 92.942850127506 101.845833584053 0.0148757810733749 0.0149697883463909
[1] buildHeight 6858.26132594516 6831.66573492231 6884.85691696802 0.0949149457220776 0.095019086419943
[1] longSight -5.2199783549784 -8.84076519502921 -1.59919151492759 -0.00106220653529021 -0.00191127408802825
[1] debris 0.269142774691188 0.267512456494857 0.270773092887519 0.289014990706509 0.289647596151247
[1] pavement 0.163862264129852 0.162357356904649 0.165367171355054 0.200274548635673 0.202448011462562
[1] landscape 0.277982928551814 0.276688704706359 0.27927715239727 0.308127531456649 0.309930120899808
[1] propStreetWall 0.0300658375520449 0.0296707715516523 0.0304609035524375 0.137441502604085 0.136962563565006
[1] propWind -0.0148422385874159 -0.0154878834023273 -0.0141965937725045 -0.123121043549387 -0.128989210813296
[1] propSkyAhead 0.0483902098024458 0.047601221245019 0.0491791983598725 0.134801744237822 0.133540600842684
[1] propSkyAcross 0.0623223644546102 0.0617854550599509 0.0628592738492694 0.191630946853091 0.191852055120259
[1] propActiveUse 0.0402597067660124 0.0397330558204662 0.0407863577115585 0.181395540202732 0.177656915008907
[1] "################### Men x Women - Safety"
[1] 0.1881274
[1] ">>>> Kendall Distance  0.188127379716165"
$movCars
$movCars[[1]]
  [1] -42.33744  41.01595  78.84964 152.47465 195.37685 263.80756 268.08980
  [8] 289.50214 316.56994 305.07193 305.96291 269.04269 274.99467 296.97294
 [15] 298.49383 280.40769 302.02378 303.28011 290.64509 277.87575 256.33280
 [22] 250.90162 259.64491 263.53729 258.72798 255.57068 256.61150 252.01656
 [29] 255.52533 260.13224 264.96759 259.07870 260.21444 257.67689 255.24949
 [36] 256.26503 260.37919 245.04394 237.96969 234.41489 233.68723 240.56056
 [43] 233.21601 231.84626 238.25168 235.43671 236.17671 244.15485 237.24763
 [50] 231.67038 243.25797 243.50818 235.72142 241.42507 241.59132 238.42652
 [57] 245.71670 246.30025 248.74953 258.56272 258.84509 257.56662 257.93428
 [64] 257.49569 250.76762 253.03547 247.26124 245.44918 246.69553 246.19110
 [71] 242.63554 249.31285 244.81924 255.26314 252.26314 249.49477 255.16143
 [78] 254.55545 261.50417 251.50417 248.85224 253.27446 267.41962 264.94184
 [85] 264.36413 265.69747 264.00929 273.19818 272.53152 261.56485 260.28806
 [92] 267.99445 269.28806 260.93890 266.98861 274.04416 261.04416 266.16656
 [99] 275.92382 273.62382


$parkCars
$parkCars[[1]]
  [1] 1298.932 1132.797 1317.243 1254.812 1165.813 1200.036 1146.079 1180.883
  [9] 1223.373 1235.834 1241.708 1241.948 1221.151 1204.568 1148.800 1153.383
 [17] 1163.328 1220.132 1203.454 1184.744 1182.864 1195.047 1191.438 1146.610
 [25] 1148.700 1146.076 1138.519 1132.083 1148.149 1142.497 1139.799 1153.674
 [33] 1112.256 1144.576 1128.302 1154.841 1155.876 1157.451 1141.712 1122.621
 [41] 1109.960 1092.256 1093.543 1091.305 1116.675 1105.846 1116.188 1109.697
 [49] 1126.117 1117.578 1106.708 1108.361 1096.631 1121.247 1131.764 1141.696
 [57] 1141.086 1172.111 1192.904 1196.808 1221.603 1188.357 1208.740 1188.938
 [65] 1152.810 1159.035 1143.954 1145.911 1185.088 1176.870 1170.296 1182.945
 [73] 1153.154 1179.977 1172.748 1173.305 1149.036 1162.968 1151.037 1161.509
 [81] 1167.184 1144.990 1153.838 1150.968 1157.509 1166.850 1152.278 1154.314
 [89] 1155.520 1161.711 1159.710 1153.797 1160.988 1159.071 1136.826 1116.933
 [97] 1140.304 1139.401 1144.294 1144.327


$movCicly
$movCicly[[1]]
  [1] 127.2868 135.0638 165.3030 170.9258 168.3140 165.8613 171.4782 170.7792
  [9] 164.5250 162.4230 167.6273 151.3613 147.3150 150.3249 146.4927 152.5691
 [17] 157.8028 161.7781 152.1575 153.5226 151.2866 152.3562 158.6712 163.0365
 [25] 161.5781 151.3704 150.2302 155.9434 152.8903 148.1445 150.8726 152.5999
 [33] 149.7707 152.2373 148.8227 148.8176 152.4261 151.5917 152.0590 151.2264
 [41] 156.5962 157.0295 153.3290 149.7902 156.8629 154.1037 152.4764 154.5621
 [49] 154.4954 159.0523 157.9085 159.5683 155.3495 157.6556 158.9514 158.0934
 [57] 157.4226 159.2824 160.5895 160.7993 163.6895 163.5895 163.4299 159.9825
 [65] 158.3693 156.9976 157.8238 154.8238 158.9072 154.6731 156.1731 163.2974
 [73] 158.9598 159.6834 159.1834 159.1834 158.1834 158.1834 158.4398 159.4398
 [81] 160.9134 161.2467 160.6499 161.1499 162.1634 165.1634 160.0666 163.7332
 [89] 166.7332 166.7332 164.9069 163.0693 166.9069 161.0693 163.5167 161.5167
 [97] 162.5167 165.0666 164.8102 166.8102


$buildId
$buildId[[1]]
  [1] 129.2203 319.6434 402.6251 547.4761 468.7213 504.0536 437.6808 412.5957
  [9] 421.7983 403.6935 451.8578 432.2517 420.8962 425.2382 456.9922 472.7827
 [17] 482.3644 478.1366 458.1676 437.3319 423.6176 419.7398 433.9676 430.5816
 [25] 424.6872 418.5150 417.4872 426.7261 419.9126 415.4515 413.3570 418.0038
 [33] 431.0126 433.8761 428.6316 430.4483 423.8483 451.0150 437.1038 439.4150
 [41] 449.7483 446.8650 441.6650 459.0872 465.5792 445.2959 422.2102 471.8713
 [49] 468.7380 441.7380 452.8713 440.6546 439.6118 470.5642 471.5626 475.0459
 [57] 454.2292 482.0126 484.1237 458.3237 481.3237 475.7904 494.9877 489.9877
 [65] 465.3687 463.0353 458.1187 437.7853 453.0660 451.3994 426.7912 459.1245
 [73] 453.6801 458.3994 435.3994 430.3994 428.7327 429.6216 432.6216 430.6216
 [81] 432.6216 436.8438 465.5938 463.5938 431.8438 455.8438 464.5938 467.2605
 [89] 468.2605 465.4827 458.7327 460.9549 462.0660 460.7327 418.1772 417.7327
 [97] 416.0660 425.4827 448.2605 449.2605


$buildNRec
$buildNRec[[1]]
  [1] -405.2841 -403.9592 -332.7539 -290.3284 -304.7180 -248.8415 -285.1755
  [8] -245.1336 -247.1041 -271.2715 -204.5969 -229.0920 -227.3475 -236.6674
 [15] -178.9563 -204.6063 -197.1840 -197.5118 -207.2539 -229.0182 -248.1539
 [22] -275.1317 -271.8928 -263.9945 -257.1556 -248.7890 -244.4668 -241.4945
 [29] -232.0866 -233.2144 -251.3755 -258.1168 -235.7033 -245.8556 -228.9001
 [36] -243.8168 -264.5223 -238.1168 -255.8945 -254.5834 -240.6056 -240.2390
 [43] -252.6834 -243.3056 -239.8644 -258.9810 -279.8509 -205.8675 -219.2009
 [50] -250.2009 -227.4675 -244.9731 -242.3398 -228.6033 -230.0977 -235.1310
 [57] -252.5310 -218.8810 -218.7699 -257.1699 -227.3699 -240.7699 -222.2383
 [64] -222.2383 -234.2860 -232.9526 -225.9360 -244.5137 -217.1711 -215.9488
 [71] -234.3395 -226.5395 -224.9839 -227.6155 -246.4155 -248.0822 -249.0822
 [78] -235.8599 -248.8599 -248.8599 -250.6599 -261.1044 -242.2044 -239.5377
 [85] -255.9711 -233.1044 -243.0044 -244.3377 -243.3377 -244.6488 -242.0822
 [92] -240.8599 -244.0822 -240.7488 -281.4377 -282.3488 -283.5488 -283.5822
 [99] -264.1377 -262.1377


$tree
$tree[[1]]
  [1]   31.05736  -96.69735 -139.49506 -111.18253 -175.66989 -175.45829
  [7] -157.70699 -115.20029 -138.52927  -80.34624 -104.77192  -86.47578
 [13]  -44.02201  -65.74856  -56.60978  -57.47209  -98.29864 -125.92196
 [19]  -91.05874 -108.64365  -96.14215 -107.41923 -128.59707 -105.59512
 [25] -105.20998 -111.35902  -97.55287  -73.42786  -52.04897  -48.28810
 [31]  -65.49703  -54.08834  -42.24823  -63.78852  -69.80166  -80.00329
 [37]  -84.89885  -67.18620  -80.90544  -75.47789  -90.77971  -80.64508
 [43]  -83.43886  -89.62231  -86.67794 -100.45372 -111.29820 -105.01462
 [49] -100.15235 -115.92458 -118.88115 -121.13066 -113.38764 -120.09939
 [55]  -99.07110 -103.77345  -89.02631  -93.77863 -103.20207 -112.01411
 [61] -117.48232 -113.51648 -114.26159 -111.95501 -117.76989 -114.96328
 [67] -121.09978 -120.31140 -130.14186 -124.46632 -125.33642 -121.75918
 [73] -114.55995 -113.37538 -112.84266 -106.30683  -97.93375  -97.56448
 [79]  -93.40160  -97.46100  -96.57462 -107.90176 -112.91051 -106.18407
 [85] -107.94695  -94.10416  -95.58934 -108.22097 -112.50932 -100.49640
 [91] -100.93617 -100.11591 -108.84170  -97.42043 -109.88067 -104.35453
 [97] -104.99785 -108.31316 -120.09751 -124.37756


$smallPla
$smallPla[[1]]
  [1] 56.89273 40.12120 48.16196 45.66133 56.48563 52.16520 48.19123 45.66142
  [9] 46.78626 44.45743 45.74492 42.32962 47.97920 48.02365 52.60105 54.82963
 [17] 50.75086 55.58883 60.48267 61.41603 63.18342 65.64651 65.80118 62.06055
 [25] 62.94925 59.86989 59.92835 58.53064 62.01304 59.38115 56.75679 58.21910
 [33] 57.00363 57.47557 58.84487 58.51704 55.09066 56.63989 56.39502 56.63581
 [41] 54.47725 56.51215 56.60178 54.36962 57.98971 58.42989 56.76270 57.87815
 [49] 59.87135 57.92944 57.84656 56.94749 56.75512 57.08707 56.78510 57.17100
 [57] 56.86336 56.79942 57.12022 58.31151 58.33903 58.49867 58.91437 57.24053
 [65] 58.03990 57.01854 58.63786 58.17953 58.65059 58.16325 58.16283 58.88785
 [73] 58.00287 57.30141 57.27913 57.31883 57.33961 57.42889 57.37318 57.26924
 [81] 57.27973 57.31761 56.67908 56.79499 57.59871 58.79674 57.53833 57.54892
 [89] 58.22848 58.18602 58.69667 57.68063 58.71373 57.72548 58.83140 58.28311
 [97] 58.23824 57.69996 57.89854 57.61719


$diffBuild
$diffBuild[[1]]
  [1] -84.6972555  -3.7749779 -83.7474766 -47.0517938 -35.7207366  57.0559083
  [7]  33.2050906  36.1946529  75.9743609  43.2267178  66.1962109  33.8163168
 [13]  16.0470286  46.7139599  20.1743976  49.6923034  57.4265140  73.5633157
 [19]  65.3734837  58.1061436  33.7857732  30.6673522  31.6915946  42.2418351
 [25]  36.7377225  16.9935427  18.5543892  18.9104498  24.1937832   4.6645624
 [31]   2.9111232  -6.1722101  -8.7525131  -1.9562168  -6.9787036   2.1675927
 [37]   7.6842593  -0.1490740  -0.4029815  -4.9962475  10.1407896  -4.2092104
 [43]   8.0204192   6.9513956   9.6347290   5.9976919  -5.8902223  17.7202154
 [49]   9.7665117   9.0331784  12.2732457   9.4899124  11.9899124  17.8702154
 [55]  24.5671851  18.0875555  18.3838518  24.7171851  17.2702154  16.1165117
 [61]  26.2331784   9.3665117  10.1165117   1.0165117  12.6535487   0.5535487
 [67]  11.8868821  16.1483727  19.4831784  18.1143660  12.7643660  10.1780024
 [73]   1.2613357  -1.5719976  -2.3219976  -7.1553310 -10.8219976 -14.1219976
 [79] -15.8219976 -12.1791405  -8.7624738  -4.1291405  13.7875262   4.1208595
 [85] -13.5204939  -6.5124738   5.1637167  17.5208595  19.1637167  12.9137167
 [91]   3.4137167   4.9137167  12.0803833   5.6637167   6.6637167   1.9137167
 [97]   2.1637167  11.9137167  13.1637167  16.6637167


$streeFur
$streeFur[[1]]
  [1] 360.3116 289.0550 299.6308 315.8123 327.0219 348.7960 350.7098 366.7429
  [9] 370.7921 360.9431 372.6939 364.1913 354.3270 366.2417 372.8171 381.7846
 [17] 368.4206 368.6522 386.1633 381.6337 374.7180 386.0881 378.7155 367.9160
 [25] 375.3468 373.9919 375.7844 377.7622 389.9869 387.2610 379.7534 381.4667
 [33] 389.2383 386.2572 384.1444 373.9236 374.9167 374.4871 375.0022 377.4582
 [41] 376.6264 374.7186 371.4212 372.8749 369.2010 369.8562 365.7407 368.2240
 [49] 367.3473 360.8522 362.7489 367.0885 366.4282 362.7994 365.8683 365.8593
 [57] 364.0228 370.2250 365.8293 365.5248 366.8657 368.1193 363.8159 360.2132
 [65] 363.6586 363.7010 361.2399 359.2937 358.9654 358.3575 352.5040 356.8558
 [73] 356.3689 358.2637 356.5126 356.0676 356.5087 354.7724 358.5597 358.3844
 [81] 359.4876 353.1021 355.8554 358.5160 360.6849 362.5389 356.8272 355.8716
 [89] 356.1224 359.8254 356.1583 356.7197 356.1471 357.8852 352.4433 353.0764
 [97] 353.3933 357.1193 351.5564 353.3624


$basCol
$basCol[[1]]
  [1]  -70.01808 -155.06671 -156.64593 -161.82413 -151.15389 -144.19090
  [7] -156.60923 -166.38994 -148.09820 -165.71497 -160.98809 -165.25595
 [13] -162.70507 -155.26546 -167.07018 -152.60439 -145.45364 -139.54776
 [19] -145.22157 -145.36633 -150.25317 -149.00134 -149.16801 -151.51931
 [25] -151.77194 -158.93773 -158.93717 -160.71875 -159.80835 -159.30835
 [31] -163.86391 -160.09010 -165.86098 -164.50676 -165.54185 -164.72899
 [37] -160.42051 -164.49361 -165.61203 -169.73045 -165.09156 -163.31415
 [43] -163.78600 -166.12665 -164.51157 -160.41758 -162.55981 -161.97648
 [49] -161.24402 -153.60806 -154.07297 -149.08408 -149.33408 -151.13249
 [55] -152.04916 -150.19916 -148.25472 -150.86583 -146.42138 -145.47314
 [61] -146.63980 -147.60472 -151.85472 -152.85472 -151.14519 -151.37853
 [67] -152.76361 -150.59695 -153.58028 -153.46624 -151.46624 -155.04958
 [73] -153.88291 -155.23708 -153.73708 -154.68445 -155.68445 -154.35111
 [79] -153.43445 -154.43445 -153.83028 -153.18445 -151.68445 -155.33445
 [85] -158.91778 -157.91778 -155.16064 -154.80647 -153.80647 -156.80647
 [91] -158.99397 -157.24397 -155.99397 -156.39397 -152.57730 -150.57730
 [97] -154.26151 -150.06415 -147.81415 -149.04660


$ligh
$ligh[[1]]
  [1] -19.00586524 -11.18930421   7.03802175  -9.74238913  -8.92713928
  [6]   1.19803858  13.12599768   5.63120100   4.46779918  -2.11320152
 [11]   6.08977526  -1.72973590   1.06093695   3.30670600   3.88061615
 [16]  -1.62738671   5.26112150   1.70588978   0.78798635   3.59568128
 [21]   2.06069626   0.19137023   4.02793599   4.25190010  -1.74009512
 [26]  -0.12066030  -0.93843419  -1.43715781   1.40268449  -0.61958747
 [31]  -1.46171669  -0.40962878  -1.72892825  -1.05625668  -0.28792374
 [36]   0.41170482  -1.70282368  -0.34696963  -0.71580036  -1.29552081
 [41]   0.61806255   2.82958547   0.93769863  -0.50412897  -0.17165519
 [46]   0.57404968   0.35091910  -2.13245896  -2.11461463  -1.00956706
 [51]   1.50922697   1.62761000   0.08488997  -1.06636105  -3.40259862
 [56]   0.72103713  -3.77880244  -2.73016106  -2.21756052  -5.32823095
 [61]  -3.46330481  -4.18908602  -2.65138255  -1.57398986  -1.25515368
 [66]  -0.94991547  -2.16465543  -2.88929844  -0.94852648  -1.69903556
 [71]  -1.82580933  -5.17141046  -3.06568694  -3.83682940  -3.87929552
 [76]  -4.15637189  -3.60336133  -3.18758326  -4.59960258  -4.38796725
 [81]  -4.70830175  -4.67293399  -6.25517720  -5.83259789  -4.02939576
 [86]  -3.10515696  -5.65572778  -4.72481582  -4.93506669  -5.99201599
 [91]  -3.79810072  -3.85758096  -3.93282447  -3.53439089  -3.44842252
 [96]  -2.69959618  -4.02215171  -5.19107195  -4.51292571  -4.88021667


$accenCol
$accenCol[[1]]
  [1]  -29.48298  -62.70866 -105.78062  -75.57342  -94.08137  -97.11331
  [7] -146.48017 -140.33162 -132.91358 -126.08088 -123.33000 -109.98476
 [13] -122.11546 -116.91515 -123.23338 -102.25355  -99.59842  -88.69265
 [19]  -97.84171 -101.57248 -107.05230 -104.83732 -117.87899 -119.92605
 [25] -116.08702 -125.81772 -121.61164 -117.78884 -123.10557 -123.52223
 [31] -125.60557 -124.59366 -123.59022 -121.30200 -124.09147 -127.13533
 [37] -116.74498 -116.00814 -118.21428 -119.75375 -117.08708 -127.04322
 [43] -118.58708 -118.62656 -115.22179 -110.29761 -113.09899 -105.76565
 [49] -110.56829 -112.64065 -112.76785 -109.19285 -111.69285 -108.21428
 [55] -109.71428 -101.43094 -108.09761 -105.01428 -104.01428 -106.96208
 [61] -104.25375 -105.42261 -106.67261 -112.67261 -113.13451 -118.68451
 [67] -122.67399 -125.00732 -122.26565 -124.15162 -128.65162 -119.10995
 [73] -125.85995 -120.77662 -123.77662 -123.72399 -128.22399 -125.26565
 [79] -121.97399 -122.97399 -122.80732 -124.09899 -118.09899 -120.14899
 [85] -125.94065 -124.44065 -122.83708 -123.50375 -123.50375 -119.50375
 [91] -125.00375 -126.00375 -123.50375 -125.38708 -131.50375 -135.50375
 [97] -129.24059 -126.29322 -126.04322 -127.55638


$peop
$peop[[1]]
  [1]  973.5820 1114.7074 1122.6429  980.2384 1055.3967 1080.5447 1055.7298
  [8] 1078.6247 1125.3602 1069.6297 1052.8295 1048.7222  980.4934 1026.7674
 [15]  995.9828 1024.8221 1012.2539 1033.9820 1028.9213 1042.9219 1032.0959
 [22] 1036.1982 1042.7025 1037.2245 1041.5669 1042.9891 1034.4197 1011.9574
 [29] 1007.0766  994.3247 1017.2704  986.5819  995.1669 1002.8230  973.9950
 [36]  986.5710 1014.7497  988.5752 1011.0242 1003.7677 1019.6521 1009.8609
 [43] 1004.2070 1019.0425  997.4703 1001.5926  997.8736  994.3526  993.4072
 [50] 1009.7463 1007.4293 1012.2199 1001.9912 1001.9468 1007.1102  986.9922
 [57]  984.6870  996.3008  988.5101  987.8281 1002.9426  989.3848  974.8629
 [64]  973.8406  987.9548  977.7502  993.6478  995.7719  996.4625  992.1997
 [71]  990.0505  981.0779  984.3519  975.5455  976.1530  973.5642  970.6882
 [78]  959.5192  958.9399  970.0084  971.8308  974.4570  986.7249  975.4908
 [85]  965.7382  966.2244  990.7070 1007.8078 1011.9820 1008.6841  983.8457
 [92]  983.7335  988.5421  973.0764  986.2191  984.6478  984.0070 1007.9488
 [99]  996.5181 1000.7211


$graff
$graff[[1]]
  [1]  -3 -19 -19 -15  -9 -15 -23 -33 -23 -16 -16 -18 -22 -19 -22 -19 -22 -21
 [19] -20 -21 -21 -21 -23 -23 -25 -22 -22 -20 -20 -21 -18 -17 -20 -19 -20 -20
 [37] -21 -21 -22 -22 -23 -24 -23 -21 -24 -22 -23 -23 -23 -22 -21 -19 -19 -18
 [55] -18 -17 -16 -18 -18 -17 -17 -18 -17 -19 -20 -20 -22 -21 -21 -21 -22 -21
 [73] -23 -20 -20 -20 -21 -21 -21 -21 -21 -21 -21 -21 -21 -22 -21 -21 -21 -21
 [91] -21 -21 -21 -21 -21 -20 -20 -20 -20 -20


$buildDiffAges
$buildDiffAges[[1]]
  [1]   7 -19 -33 -36 -39 -28 -21 -25 -29 -17 -15 -24 -31 -29 -28 -24 -23 -25
 [19] -24 -22 -23 -23 -27 -25 -25 -23 -24 -21 -21 -21 -23 -23 -22 -23 -21 -21
 [37] -23 -23 -25 -27 -27 -28 -28 -29 -32 -29 -27 -28 -27 -27 -27 -25 -26 -29
 [55] -29 -29 -28 -29 -28 -25 -26 -25 -26 -27 -29 -29 -29 -30 -29 -29 -30 -28
 [73] -29 -28 -28 -28 -29 -30 -29 -29 -29 -30 -30 -30 -30 -30 -31 -31 -30 -30
 [91] -30 -30 -30 -31 -31 -30 -30 -30 -30 -28


$streetWid
$streetWid[[1]]
  [1] 872.44913 -76.12321 409.40501 543.85274 365.79949 626.39963 570.47875
  [8] 539.36751 582.78431 632.40819 625.63464 678.45742 694.63806 764.54362
 [15] 660.87451 691.84223 693.90687 686.67506 698.20333 671.49320 674.94305
 [22] 620.51728 587.16411 590.26194 618.41342 587.61328 545.51328 571.70082
 [29] 597.98090 666.60025 634.10025 631.75273 671.07121 639.02584 630.66870
 [36] 611.48039 615.70896 670.73991 639.47087 650.11848 608.70658 629.89909
 [43] 656.89558 585.81463 573.77428 544.40761 480.05060 464.56726 472.86726
 [50] 410.54821 432.45060 433.34821 434.68155 412.98857 417.05523 416.90523
 [57] 461.51896 454.45523 463.19502 440.66168 448.82835 483.86168 472.09026
 [64] 487.27766 514.92133 524.81112 526.80467 496.42371 518.39990 539.66657
 [71] 512.19038 531.29038 557.66350 541.63437 531.80103 528.20103 520.03437
 [78] 517.36770 523.23437 526.70103 513.35398 527.66770 540.16770 550.66770
 [85] 513.46548 572.78143 545.14389 539.62428 564.09095 581.09095 569.75762
 [92] 574.56407 558.22428 588.48368 544.62428 548.29095 557.45762 569.59095
 [99] 557.05762 540.60206


$sidewalkWid
$sidewalkWid[[1]]
  [1] -155.2956516 -147.4279289  -34.4001331  -40.2294194  -74.4292113
  [6]  -86.8709181  -76.0933867  -51.0007427  -63.1457230  -63.6490145
 [11]  -47.2602000  -47.3800000  -15.7222821  -16.3309857  -17.1884056
 [16]  -15.1105116  -21.3771097   -8.3185779   -8.7378176   -7.0053381
 [21]   -3.2841833    6.9379711    6.0246499   -4.3274159    5.4366813
 [26]   -6.8405027   -7.9835721  -13.2396645   -3.5534308    9.6074663
 [31]   -6.3013021    1.9400057   -1.0823440  -12.0522375   -6.9336227
 [36]   -0.3803478   -3.1747818   -4.9936671    3.5920866   -6.8399551
 [41]   -2.5140257   -0.9158974    6.8347112    4.1969293    5.2539886
 [46]    3.7736837    4.9274535    5.6390763    7.2899535    0.2406010
 [51]    0.4944857   -5.5977762   -7.4311096   -6.2045745   -2.7879078
 [56]   -9.3545745  -12.7928098   -4.5545745   -5.2838755  -22.0165671
 [61]  -15.8459949   -8.5711145  -10.3877811   -5.7179385    1.2490643
 [66]   -5.7059943   -3.5424827   -5.7793875   -2.8258161   -1.0865304
 [71]   -5.1293875   -4.4688973    4.7087357   -3.6400051   -5.6900051
 [76]   -5.0126241   -4.8459574   -3.3424069   -5.3546458   -5.6424069
 [81]   -4.3291716   -7.6665297  -11.8422873   -8.6081964   -7.3036780
 [86]   -5.7880983   -9.7212916   -9.2722880   -8.6722880   -6.1139546
 [91]   -8.4556213  -13.2773466  -14.3647122  -14.5057780  -17.9063789
 [96]  -15.1730455  -19.4480455  -18.7420932  -20.3263037  -17.8115376


$debris
$debris[[1]]
  [1] 0.1680851 0.1206874 0.1620288 0.2028360 0.2192360 0.2074579 0.2065785
  [8] 0.2018178 0.2057098 0.2040187 0.2125797 0.2111526 0.2183567 0.2190842
 [15] 0.2215153 0.2102596 0.2148469 0.2099041 0.2065434 0.2045993 0.1979708
 [22] 0.1968933 0.1966008 0.2000190 0.1958693 0.1946802 0.1996104 0.2084286
 [29] 0.2093397 0.2102229 0.2143795 0.2140643 0.2121251 0.2156373 0.2130534
 [36] 0.2188970 0.2123136 0.2149301 0.2143180 0.2184522 0.2163302 0.2149782
 [43] 0.2206318 0.2176129 0.2247751 0.2232116 0.2235998 0.2250451 0.2209085
 [50] 0.2201373 0.2220505 0.2252546 0.2281636 0.2273991 0.2234345 0.2259028
 [57] 0.2266703 0.2253267 0.2249381 0.2215101 0.2217639 0.2222387 0.2249307
 [64] 0.2260913 0.2262030 0.2288468 0.2250308 0.2247307 0.2280038 0.2284643
 [71] 0.2264895 0.2229085 0.2269150 0.2246676 0.2240464 0.2234778 0.2240202
 [78] 0.2250859 0.2222369 0.2232229 0.2203158 0.2216096 0.2226110 0.2242691
 [85] 0.2196879 0.2214801 0.2207805 0.2197836 0.2201903 0.2184752 0.2238823
 [92] 0.2257711 0.2241052 0.2288276 0.2247804 0.2254399 0.2239622 0.2194131
 [99] 0.2228702 0.2204171


$pavement
$pavement[[1]]
  [1] 0.13807376 0.05947604 0.12345187 0.14757205 0.15682363 0.12688825
  [7] 0.11022052 0.10843247 0.12150929 0.12188651 0.12108146 0.12386000
 [13] 0.13024809 0.13059701 0.13687907 0.12931749 0.12534951 0.13408311
 [19] 0.13481044 0.13311547 0.13033003 0.12916457 0.12725498 0.12611484
 [25] 0.12784008 0.12516674 0.12858790 0.12689202 0.13007771 0.13309439
 [31] 0.13526709 0.13708977 0.13424625 0.13697418 0.13758946 0.13781921
 [37] 0.13616297 0.13353802 0.13511785 0.13591565 0.13691541 0.14138759
 [43] 0.14177611 0.14498693 0.14456524 0.14026208 0.13820682 0.13742385
 [49] 0.13704300 0.13740846 0.13718934 0.13752783 0.13759886 0.14057689
 [55] 0.13425666 0.13797079 0.13186612 0.13134901 0.13024750 0.13292835
 [61] 0.13243072 0.13241807 0.13470876 0.13354118 0.13571671 0.13501157
 [67] 0.13734010 0.13644762 0.13759079 0.13631256 0.13309557 0.13173957
 [73] 0.13401500 0.13322295 0.13232730 0.13285313 0.13278378 0.13515239
 [79] 0.13379348 0.13337310 0.13066887 0.12938699 0.12993098 0.12942129
 [85] 0.12871357 0.13006164 0.13021800 0.12936296 0.13055234 0.13085075
 [91] 0.13350124 0.13599078 0.13290190 0.13356363 0.13152572 0.13443796
 [97] 0.13175966 0.12762467 0.12907186 0.13111468


$landscape
$landscape[[1]]
  [1] 0.13347321 0.09598891 0.12310636 0.17184447 0.17344145 0.15424903
  [7] 0.14643167 0.15615760 0.16845782 0.16218703 0.16564413 0.17371956
 [13] 0.18461278 0.18449672 0.19563378 0.19171346 0.18390257 0.17589098
 [19] 0.17872562 0.17484821 0.18061026 0.18343536 0.17540014 0.17173269
 [25] 0.17384903 0.16242798 0.17009782 0.17059526 0.17520749 0.17365727
 [31] 0.17656990 0.17521886 0.17884158 0.17552675 0.17372041 0.17540578
 [37] 0.17318959 0.17268528 0.17458256 0.17884111 0.17522774 0.17830186
 [43] 0.18350103 0.18304485 0.18534187 0.18253358 0.18064143 0.18183377
 [49] 0.17944080 0.18054736 0.17673614 0.17961672 0.18014136 0.18051422
 [55] 0.17988613 0.18473304 0.18383912 0.17966216 0.18074885 0.17851653
 [61] 0.17718061 0.17818146 0.17708856 0.17750688 0.17804673 0.17922102
 [67] 0.17808853 0.17783961 0.17824614 0.17852459 0.17684163 0.17394678
 [73] 0.17605250 0.17728772 0.17623143 0.17680187 0.17658346 0.17675437
 [79] 0.17634680 0.17668189 0.17401785 0.17655010 0.17711151 0.17861483
 [85] 0.17823141 0.17738842 0.17798842 0.17743937 0.17669505 0.17832453
 [91] 0.17887822 0.18024996 0.17874507 0.18286667 0.18034641 0.17904340
 [97] 0.18023216 0.17703630 0.17679808 0.17593025


$propStreetWall
$propStreetWall[[1]]
  [1] -0.03385938 -0.03608987 -0.04278498 -0.04414064 -0.04317677 -0.04530032
  [7] -0.04262963 -0.04229805 -0.04249814 -0.04100609 -0.04271600 -0.04254320
 [13] -0.04328212 -0.04505058 -0.04419965 -0.04227398 -0.04622518 -0.04548662
 [19] -0.04467871 -0.04499936 -0.04210666 -0.04237676 -0.04188633 -0.04436665
 [25] -0.04474081 -0.04448546 -0.04491045 -0.04440806 -0.04427521 -0.04390910
 [31] -0.04467835 -0.04371578 -0.04247326 -0.04412635 -0.04311949 -0.04388294
 [37] -0.04465727 -0.04427189 -0.04435267 -0.04383771 -0.04347914 -0.04365410
 [43] -0.04373532 -0.04108812 -0.04200997 -0.04184369 -0.04164788 -0.04230635
 [49] -0.04187534 -0.04100551 -0.04192367 -0.04192839 -0.04121446 -0.04135258
 [55] -0.04073182 -0.04059508 -0.04084776 -0.04101901 -0.04149223 -0.04234094
 [61] -0.04260688 -0.04252288 -0.04198649 -0.04133662 -0.04176357 -0.04139136
 [67] -0.04120296 -0.04108174 -0.04169107 -0.04211810 -0.04201322 -0.04299623
 [73] -0.04238794 -0.04327298 -0.04300148 -0.04215855 -0.04246723 -0.04233371
 [79] -0.04265537 -0.04182918 -0.04146280 -0.04267164 -0.04309464 -0.04364605
 [85] -0.04307658 -0.04321470 -0.04216036 -0.04301356 -0.04327445 -0.04243108
 [91] -0.04300077 -0.04268222 -0.04291063 -0.04237660 -0.04268702 -0.04295616
 [97] -0.04230284 -0.04284722 -0.04328102 -0.04355343


$propWind
$propWind[[1]]
  [1] 0.014419682 0.014322880 0.009851753 0.008326696 0.006186091 0.006893946
  [7] 0.007443424 0.004753966 0.006224230 0.005674059 0.005097519 0.004491213
 [13] 0.004742716 0.003787872 0.003285908 0.003440634 0.005742388 0.006973723
 [19] 0.005288743 0.005376874 0.003403020 0.002731910 0.005166017 0.005709772
 [25] 0.004824141 0.004464482 0.004737376 0.004502712 0.004438882 0.004341996
 [31] 0.004522883 0.004445967 0.003481128 0.004739643 0.003655436 0.004698336
 [37] 0.005559580 0.004802286 0.004787885 0.004439333 0.004789571 0.004767582
 [43] 0.004897596 0.004758967 0.005757254 0.006131945 0.006494645 0.006388236
 [49] 0.006332244 0.006575443 0.005950197 0.005992796 0.005792399 0.006148995
 [55] 0.005254355 0.005505387 0.005224301 0.006051666 0.006216737 0.006669772
 [61] 0.006847127 0.006234143 0.005880764 0.005626649 0.004867897 0.004543605
 [67] 0.004513509 0.004369932 0.005070578 0.004631072 0.004505533 0.004993730
 [73] 0.004553345 0.004594288 0.004637280 0.004374963 0.004781113 0.005088050
 [79] 0.005216395 0.004739258 0.004757503 0.005076758 0.005331677 0.005393138
 [85] 0.005240207 0.005027991 0.005119327 0.005418165 0.005571633 0.004901234
 [91] 0.004807448 0.005023794 0.005062472 0.004792226 0.005224977 0.005530804
 [97] 0.004841571 0.005043870 0.005174575 0.005436714


$longSight
$longSight[[1]]
  [1] 209.4580 194.3532 142.3673 147.1868 182.5498 183.5955 149.8965 134.1277
  [9] 128.7121 122.4985 126.9106 123.3439 121.8167 128.4348 126.8652 121.6652
 [17] 136.0981 139.6799 126.6037 127.1764 126.0502 122.6574 116.3907 121.2240
 [25] 116.1002 120.6351 124.4184 126.0946 123.9866 125.2961 130.3719 129.7885
 [33] 124.5461 133.5703 125.3370 121.4366 123.5628 125.1942 133.0275 130.0275
 [41] 120.6032 120.9866 125.6532 117.4381 121.7866 118.6199 115.1048 117.2866
 [49] 115.4532 120.2866 121.9532 125.8472 120.1805 119.1048 121.8643 122.3048
 [57] 118.9400 122.5310 119.9400 124.2734 125.4400 120.9400 124.5472 119.0472
 [65] 119.3805 117.7139 114.0472 112.5472 117.3654 111.8654 110.8654 118.5320
 [73] 112.8654 119.0320 120.0320 120.0320 121.0139 119.5139 119.0139 119.2139
 [81] 118.8805 116.1805 117.5734 117.5734 110.6805 113.1805 115.5734 113.9067
 [89] 115.4067 113.6067 113.8805 113.2139 113.3805 115.2139 112.5139 115.3139
 [97] 112.3805 113.4400 113.2400 112.5734


$propSkyAhead
$propSkyAhead[[1]]
  [1] 0.09147759 0.08341189 0.09489442 0.09361289 0.08967516 0.08489375
  [7] 0.09069773 0.08546112 0.08240304 0.08591743 0.08674960 0.08540184
 [13] 0.08573940 0.08415704 0.08264862 0.08701532 0.08696172 0.08965554
 [19] 0.09026802 0.08896931 0.09041963 0.09256688 0.09234574 0.09126561
 [25] 0.09042109 0.08786842 0.08920392 0.08943794 0.09041716 0.09091889
 [31] 0.08820831 0.08878796 0.09018506 0.08942687 0.09068537 0.08778775
 [37] 0.08830672 0.08885249 0.09029323 0.09110340 0.09330641 0.09316278
 [43] 0.09112965 0.09441951 0.09615120 0.09233980 0.09359490 0.09523961
 [49] 0.09629781 0.09403263 0.09345070 0.09316330 0.09461811 0.09572331
 [55] 0.09519203 0.09567885 0.09535050 0.09433054 0.09181604 0.09252381
 [61] 0.09241613 0.09176697 0.09117602 0.08976796 0.09240463 0.08955760
 [67] 0.09040634 0.09178433 0.09017962 0.09003575 0.08901268 0.09109054
 [73] 0.08970030 0.09069010 0.09052323 0.08983663 0.09053181 0.09155391
 [79] 0.09144474 0.09076201 0.09112216 0.09190909 0.09084041 0.09303416
 [85] 0.09038448 0.09145933 0.09007772 0.08989349 0.08967863 0.08892565
 [91] 0.08992232 0.08872308 0.08911823 0.08876929 0.08828879 0.08897416
 [97] 0.08852574 0.08911915 0.08947068 0.08931672


$propSkyAcross
$propSkyAcross[[1]]
  [1] 0.018478643 0.003094926 0.019773363 0.016568402 0.016660686 0.013978877
  [7] 0.023217385 0.023011835 0.017803381 0.020258859 0.022143711 0.022611644
 [13] 0.022766380 0.020659126 0.021318858 0.024437184 0.025567676 0.022765016
 [19] 0.022866852 0.024397221 0.024863493 0.025738662 0.023037813 0.024600033
 [25] 0.023594613 0.022444812 0.024315284 0.026412463 0.026746820 0.027414421
 [31] 0.024320547 0.026126565 0.027395006 0.027242819 0.028060237 0.026743810
 [37] 0.026034761 0.026639477 0.027825348 0.028096841 0.030976659 0.031132322
 [43] 0.029088705 0.029328577 0.031167495 0.027473303 0.028603071 0.029355575
 [49] 0.030731507 0.028828410 0.028794623 0.028318682 0.030100478 0.029441115
 [55] 0.028199704 0.029838805 0.028885214 0.028495793 0.026952371 0.028425880
 [61] 0.027799826 0.027015350 0.025357785 0.025070833 0.026837109 0.025548127
 [67] 0.026201521 0.026420514 0.025782743 0.025631484 0.024512366 0.024219601
 [73] 0.023910275 0.023558397 0.023638856 0.023676969 0.024136116 0.024771981
 [79] 0.024736072 0.023953714 0.023758110 0.024602806 0.025086837 0.025716805
 [85] 0.023150907 0.025147916 0.023716440 0.023138662 0.022630198 0.022172829
 [91] 0.022834780 0.022974135 0.023042814 0.023806821 0.022224240 0.022588683
 [97] 0.022430920 0.022440024 0.022925550 0.022627284


$buildHeight
$buildHeight[[1]]
  [1]   -8.347904  371.633633  417.495310  557.123881  712.793913 1399.583501
  [7] 1448.898501 1270.626327 1349.047269 1643.808508 1868.609879 1581.961341
 [13] 1643.857544 1595.935992 1507.277375 1350.543576 1489.489477 1544.603422
 [19] 1408.866373 1406.793715 1370.094966 1217.652920 1316.393202 1328.630809
 [25] 1179.877268 1311.222765 1214.475228 1430.008078 1448.224261 1461.377033
 [31] 1457.463532 1335.036549 1365.766341 1425.378406 1492.115249 1458.075064
 [37] 1413.896606 1475.705419 1350.137006 1378.741005 1395.175669 1407.576758
 [43] 1465.938720 1492.481588 1481.651625 1544.544944 1582.426392 1518.130397
 [49] 1478.392268 1545.802903 1542.227313 1542.077987 1542.246138 1538.657723
 [55] 1452.750803 1423.579366 1403.498747 1420.720304 1436.773651 1410.039033
 [61] 1355.577566 1426.136000 1555.305722 1564.710379 1382.700384 1394.653851
 [67] 1404.074251 1400.689655 1502.010494 1483.856559 1482.151305 1514.747752
 [73] 1543.925432 1517.599922 1511.080723 1505.865709 1515.880163 1474.621793
 [79] 1535.300389 1523.991992 1517.531369 1511.055293 1490.152856 1509.554463
 [85] 1482.713304 1479.224332 1482.446571 1508.879397 1512.784754 1471.725931
 [91] 1489.572574 1510.360499 1501.883129 1499.119007 1513.737889 1548.410538
 [97] 1501.125023 1477.615472 1500.368409 1499.282408


$propActiveUse
$propActiveUse[[1]]
  [1] 0.01311188 0.02391059 0.02490912 0.03028330 0.02812601 0.02882294
  [7] 0.02765226 0.02485893 0.02544223 0.02243423 0.02284429 0.02213370
 [13] 0.02511573 0.02381002 0.02179209 0.02223915 0.02130842 0.02033613
 [19] 0.01963448 0.01942440 0.02046676 0.02014465 0.02345136 0.02248092
 [25] 0.02203548 0.02146262 0.02103596 0.02153613 0.02230687 0.02267417
 [31] 0.02328088 0.02260554 0.02259045 0.02329919 0.02222035 0.02463509
 [37] 0.02337536 0.02470104 0.02446129 0.02506022 0.02399292 0.02458193
 [43] 0.02535187 0.02489031 0.02437227 0.02484918 0.02417015 0.02333630
 [49] 0.02339976 0.02430424 0.02413504 0.02335835 0.02390290 0.02322290
 [55] 0.02267677 0.02180266 0.02204315 0.02251188 0.02259136 0.02209497
 [61] 0.02203780 0.02188947 0.02245701 0.02301667 0.02218978 0.02281172
 [67] 0.02355532 0.02342432 0.02378036 0.02408666 0.02428861 0.02278394
 [73] 0.02370511 0.02281937 0.02312148 0.02296041 0.02334739 0.02333187
 [79] 0.02229177 0.02279084 0.02222379 0.02225603 0.02238748 0.02210665
 [85] 0.02168371 0.02189281 0.02341418 0.02325234 0.02342760 0.02330009
 [91] 0.02313082 0.02364243 0.02300300 0.02377486 0.02401782 0.02422905
 [97] 0.02366493 0.02342814 0.02368467 0.02345577


$movCarsN
$movCarsN[[1]]
[1] 8804.795


$parkCarsN
$parkCarsN[[1]]
[1] 22595.16


$movCiclyN
$movCiclyN[[1]]
[1] 2662.119


$buildIdN
$buildIdN[[1]]
[1] 10307.54


$buildNRecN
$buildNRecN[[1]]
[1] 10367.03


$treeN
$treeN[[1]]
[1] 15528.8


$smallPlaN
$smallPlaN[[1]]
[1] 1079.246


$diffBuildN
$diffBuildN[[1]]
[1] 12321.84


$streeFurN
$streeFurN[[1]]
[1] 5833.175


$basColN
$basColN[[1]]
[1] 5094.668


$lighN
$lighN[[1]]
[1] 1981.727


$accenColN
$accenColN[[1]]
[1] 5897.676


$peopN
$peopN[[1]]
[1] 13829.59


$graffN
$graffN[[1]]
[1] 980


$buildDiffAgesN
$buildDiffAgesN[[1]]
[1] 1760


$streetWidN
$streetWidN[[1]]
[1] 49113.32


$sidewalkWidN
$sidewalkWidN[[1]]
[1] 6547.175


$debrisN
$debrisN[[1]]
[1] 0.9312416


$pavementN
$pavementN[[1]]
[1] 0.8181882


$landscapeN
$landscapeN[[1]]
[1] 0.9021684


$propStreetWallN
$propStreetWallN[[1]]
[1] 0.2187537


$propWindN
$propWindN[[1]]
[1] 0.12055


$longSightN
$longSightN[[1]]
[1] 4914.278


$propSkyAheadN
$propSkyAheadN[[1]]
[1] 0.3589732


$propSkyAcrossN
$propSkyAcrossN[[1]]
[1] 0.3252208


$buildHeightN
$buildHeightN[[1]]
[1] 72256.92


$propActiveUseN
$propActiveUseN[[1]]
[1] 0.2219443


[1] movCars 250.237988560855 241.125534675782 259.350442445927 0.0284206496650387 0.029109015919971
[1] parkCars 1160.5968318967 1152.60630074584 1168.58736304755 0.0513648517177174 0.0510611961118205
[1] movCicly 157.84516620929 156.478232251335 159.212100167245 0.0592930459491283 0.0595598772402964
[1] buildId 442.683807017544 434.406353602513 450.961260432575 0.0429475621542732 0.0430283894891851
[1] buildNRec -246.83771595656 -253.224729475824 -240.450702437295 -0.0238098877484491 -0.0234707319585149
[1] tree -100.344421588957 -105.754569638456 -94.934273539458 -0.00646182850357086 -0.00675421829705975
[1] smallPla 56.5318175474327 55.6511354558085 57.4124996390569 0.0523808481787361 0.0532336795019423
[1] diffBuild 11.6158298689196 6.63967531702092 16.5919844208182 0.000942702275963372 0.000824502924575692
[1] streeFur 363.59937240688 360.555188928605 366.643555885156 0.0623330106186882 0.062387863060246
[1] basCol -154.672492706124 -156.777885676789 -152.567099735459 -0.0303596825665713 -0.0303047795388915
[1] ligh -1.63190259990001 -2.42205657028463 -0.841748629515395 -0.00082347516230377 -0.000865849004584023
[1] accenCol -116.129881868132 -119.090078750104 -113.16968498616 -0.0196907870809127 -0.0203198515428856
[1] peop 1005.61077311326 999.065597537293 1012.15594868922 0.0727144089661829 0.0720549209116568
[1] graff -20.24 -20.8637266015109 -19.6162733984891 -0.0206530612244898 -0.0214285714285714
[1] buildDiffAges -26.74 -27.7452970302713 -25.7347029697287 -0.0151931818181818 -0.0159090909090909
[1] streetWid 555.426381900962 534.269156035933 576.58360776599 0.0113090783736771 0.0112772392856327
[1] sidewalkWid -14.2118455608098 -19.4986841597731 -8.92500696184657 -0.00217068362681969 -0.00100358225151536
[1] buildHeight 1412.17988927625 1361.59979060556 1462.75998794695 0.0195438714231252 0.0204659756876783
[1] longSight 124.339344155844 121.179269866073 127.499418445616 0.0253016497338682 0.0245789006457684
[1] debris 0.21591030803405 0.212955084227955 0.218865531840144 0.231852093155758 0.236806903150463
[1] pavement 0.132139404141323 0.130214625193232 0.134064183089413 0.161502464657871 0.162683262219011
[1] landscape 0.175068696311185 0.172619598113223 0.177517794509147 0.19405323021354 0.196453526687106
[1] propStreetWall -0.042673732150891 -0.0429983763046262 -0.0423490879971559 -0.195076616721219 -0.194933845495657
[1] propWind 0.00540322512986165 0.00507923450665263 0.00572721575307066 0.0448214541629102 0.0420876759232787
[1] propSkyAhead 0.0904222994251975 0.0898540241925964 0.0909905746577986 0.251891523725016 0.251862132330088
[1] propSkyAcross 0.0247396853868655 0.0239663488611413 0.0255130219125897 0.0760704343781026 0.075854438535667
[1] propActiveUse 0.0231626922766758 0.0227787518486823 0.0235466327046693 0.104362634891924 0.104830845463193
