
Attaching package: ‘dplyr’

The following objects are masked from ‘package:stats’:

    filter, lag

The following objects are masked from ‘package:base’:

    intersect, setdiff, setequal, union


Attaching package: ‘reshape’

The following object is masked from ‘package:dplyr’:

    rename

There were 13 warnings (use warnings() to see them)
Version:  1.35.5
Date:     2015-07-26
Author:   Philip Leifeld (University of Konstanz)

Please cite the JSS article in your publications -- see citation("texreg").
[1] "################### Married x Single - Pleasantness"
[1] 0.2386639
[1] ">>>> Kendall Distance  0.238663897542402"
$movCars
$movCars[[1]]
  [1] 215.4389 333.8574 261.6156 173.4007 200.1734 164.9704 172.8464 149.8376
  [9] 119.5660 125.9729 146.3836 122.9517 119.2240 115.9368 111.5166 121.2902
 [17] 147.1871 120.5163 128.5936 126.3138 139.7770 138.4659 130.2924 138.0558
 [25] 119.1493 128.7437 129.8847 127.9735 114.0298 111.8149 112.0800 120.2070
 [33] 119.0490 116.8400 109.8979 122.0886 115.4220 116.0826 114.7424 120.2424
 [41] 124.1232 124.4365 123.6850 120.5454 126.3282 136.1374 131.1764 138.1374
 [49] 145.0753 135.3820 129.6868 136.7109 143.4270 143.2031 140.9305 146.3732
 [57] 137.9358 124.5937 136.9519 137.5142 129.3476 131.9468 138.3968 145.0684
 [65] 151.0906 157.4669 148.2541 148.3821 136.2398 137.7336 145.7336 148.4644
 [73] 148.5597 157.2264 155.8434 153.8434 152.2815 162.1222 155.1222 159.1222
 [81] 157.1222 156.1009 167.2776 164.5215 169.6643 169.4322 171.5178 165.1845
 [89] 178.6707 175.1852 170.1352 173.7349 169.6293 167.3278 176.4112 179.8126
 [97] 175.7745 199.1575 192.1575 189.1353


$parkCars
$parkCars[[1]]
  [1] 1347.9850 1311.6427  936.5100 1087.9272  974.7854 1030.7699 1109.6225
  [8] 1125.3998 1161.3450 1115.3636 1109.9314 1067.7225 1066.6676 1020.4784
 [15] 1052.1719 1115.0427 1086.7905 1110.9585 1129.9032 1089.2179 1076.6023
 [22] 1079.8906 1067.6123 1031.2512 1003.8161 1048.7794 1056.2408 1044.8841
 [29]  984.6867  979.4659  979.7454  970.4136  970.9668  958.2784  965.3200
 [36] 1005.3985  987.4965  973.2948  960.1829  955.7776  957.2763  950.5495
 [43]  953.1765  954.2734  998.0866  980.0552 1020.6037 1025.6959 1014.3772
 [50] 1034.1562 1052.5367 1041.0033 1044.1605 1015.2225  992.8560  990.6149
 [57] 1004.0608 1017.4445  990.8865 1001.9836  996.2037 1007.4713 1020.0691
 [64] 1015.1805 1014.3135  979.1362 1005.4471  989.2869 1005.4598 1029.2254
 [71] 1011.8371 1001.2047 1014.0519 1017.3946 1013.3345  993.3745  993.8253
 [78] 1006.2022 1024.6045  999.9146 1022.1109 1012.4053 1024.5563 1026.5720
 [85] 1027.6609 1030.2345 1041.4144 1034.3627 1045.5991 1039.0912 1027.9052
 [92] 1030.7619 1031.6550 1027.9263 1030.3086 1031.2713 1035.3924 1048.7812
 [99] 1051.8414 1038.8022


$movCicly
$movCicly[[1]]
  [1] -17.37216 -18.77288 -52.29573 -55.82638 -50.00494 -61.91088 -41.65892
  [8] -32.02470 -23.22015 -35.96112 -29.42314 -22.91846 -24.15605 -19.24069
 [15] -24.27939 -19.60245 -23.44245 -23.96830 -28.22450 -28.70473 -25.43902
 [22] -26.77236 -29.11246 -38.14887 -41.43897 -44.58376 -38.40043 -37.01018
 [29] -42.49777 -38.13025 -38.91074 -35.03025 -35.21359 -40.41074 -36.85468
 [36] -26.75327 -25.91994 -24.19636 -21.86303 -24.36303 -24.27731 -24.55327
 [43] -23.16303 -25.05327 -26.34352 -22.52923 -28.34210 -32.86283 -31.47284
 [50] -29.23234 -20.74210 -20.75638 -25.37614 -31.47937 -31.47937 -32.68389
 [57] -36.62199 -35.44079 -36.46032 -29.79365 -28.79365 -31.79365 -33.79365
 [64] -31.52376 -33.72376 -33.73021 -31.73021 -33.82698 -32.73021 -33.59294
 [71] -31.59294 -37.49617 -32.49617 -33.49617 -35.73021 -34.73021 -33.81592
 [78] -34.73021 -34.73021 -35.73021 -33.73021 -33.73021 -30.96425 -30.74068
 [85] -31.57401 -28.02769 -28.69688 -29.53021 -27.96032 -28.79365 -30.41794
 [92] -27.93092 -27.93092 -29.37401 -29.37401 -27.93092 -27.93092 -30.89688
 [99] -30.89688 -32.89688


$buildId
$buildId[[1]]
  [1]  503.190058  522.173893   61.496157  210.059607  198.659357  163.254052
  [7]  -17.012865   25.353801   10.756475    8.719173    3.861487   13.570217
 [13]   -7.905973  -62.018129  -56.449624  -15.822640  -66.022891  -51.063910
 [19]  -34.364160  -72.939307  -67.208605  -93.653049  -93.700668 -122.007268
 [25] -192.287970 -141.595363 -157.326065 -178.373684 -244.695363 -226.742982
 [31] -248.742982 -245.876316 -260.426316 -255.378697 -282.045363 -265.045363
 [37] -290.712030 -265.717043 -280.050376 -250.717043 -262.833709 -242.431328
 [43] -245.331078 -219.314411 -231.181078 -210.208855 -193.658855 -193.908855
 [49] -177.606224 -190.606224 -254.806224 -247.722891 -246.472891 -206.525522
 [55] -227.578154 -201.494820 -203.128154 -203.075522 -231.923392 -202.590058
 [61] -206.256725 -201.923392 -199.542439 -196.486884 -215.820217 -223.153551
 [67] -223.820217 -222.153551 -222.153551 -221.486884 -227.486884 -225.486884
 [73] -221.105931 -224.105931 -228.772598 -254.439265 -251.655931 -237.439265
 [79] -227.772598 -228.772598 -230.772598 -227.772598 -234.105931 -253.105931
 [85] -252.053300 -244.719967 -240.667335 -241.000668 -237.334002 -236.334002
 [91] -233.000668 -236.667335 -235.714954 -234.048287 -232.000668 -232.667335
 [97] -234.048287 -228.437176 -224.714954 -227.714954


$buildNRec
$buildNRec[[1]]
  [1]  -328.2315  -347.8161  -366.5039  -385.1359  -521.1488  -579.1208
  [7]  -770.3877  -786.0210  -728.9118  -688.9967  -723.5220  -674.3378
 [13]  -674.0767  -726.6761  -713.0680  -706.3283  -787.1436  -754.7371
 [19]  -734.9023  -747.4839  -734.0356  -792.5912  -781.0991  -815.0787
 [25]  -862.5936  -815.6199  -838.7015  -852.6539  -891.2533  -865.2612
 [31]  -892.7056  -889.1945  -897.7112  -886.3366  -927.7588  -951.7588
 [37]  -975.4255  -960.0082  -964.5304  -935.1971  -946.3804  -952.9606
 [43]  -952.2175  -931.0675  -970.6342  -944.0175  -950.7009  -963.6787
 [49]  -929.5269  -939.6102 -1013.6491 -1003.3491  -982.7047  -931.8509
 [55]  -951.7193  -931.3915  -927.8693  -931.5564  -939.0185  -922.6296
 [61]  -916.1852  -922.4074  -924.1217  -921.8995  -931.2328  -945.3995
 [67]  -940.5661  -928.0106  -939.6772  -927.1217  -938.1217  -949.1772
 [73]  -949.4471  -949.4471  -948.2804  -965.4471  -965.9304  -950.5026
 [79]  -949.1693  -952.5026  -952.6693  -951.8915  -947.6693  -968.3360
 [85]  -965.3009  -964.3009  -978.0991  -980.0991  -967.5991  -967.9325
 [91]  -963.7102  -978.9325  -978.8848  -979.9959  -981.0436  -980.4325
 [97]  -979.1626  -970.8293  -974.3293  -972.4959


$tree
$tree[[1]]
  [1] -782.5365 -465.5998 -502.3560 -345.3149 -334.6568 -294.9468 -271.3693
  [8] -251.4120 -292.0227 -251.1371 -252.6961 -244.2091 -257.2952 -240.7049
 [15] -262.1316 -266.9229 -263.5327 -297.6342 -284.5561 -272.7005 -286.0442
 [22] -291.6051 -283.4894 -265.1616 -256.3538 -257.5616 -274.5574 -263.0032
 [29] -257.0346 -257.0574 -276.0187 -266.3467 -246.7925 -255.8017 -262.0627
 [36] -256.3743 -247.9234 -243.1752 -241.1175 -227.8932 -238.8100 -231.8674
 [43] -232.3698 -234.6287 -231.0322 -234.5301 -245.5548 -239.2416 -237.5641
 [50] -247.7500 -255.2718 -241.5443 -249.0074 -221.7659 -231.4303 -238.5681
 [57] -237.2164 -250.2073 -239.1571 -228.4475 -239.2591 -237.0273 -230.6378
 [64] -223.5319 -232.3368 -226.5984 -227.6404 -220.6629 -228.3539 -221.2481
 [71] -238.6632 -239.9775 -242.9106 -238.3943 -233.9526 -231.8375 -228.4674
 [78] -235.5724 -233.8103 -236.2313 -233.6494 -238.4446 -241.8520 -233.1348
 [85] -244.3813 -237.7859 -244.3782 -245.2535 -233.6554 -237.3379 -237.2301
 [92] -226.3122 -235.4180 -231.6811 -230.2193 -233.3620 -233.0739 -242.7581
 [99] -241.3409 -244.5261


$smallPla
$smallPla[[1]]
  [1] 20.38872 29.04203 44.08665 46.58920 36.67756 36.27492 32.05138 34.50377
  [9] 37.73915 35.90788 32.43883 35.93120 35.11314 37.96972 36.54275 33.07542
 [17] 33.93884 34.17147 36.48247 34.77032 35.84020 35.61664 35.29500 35.31930
 [25] 35.46367 37.07445 37.70475 38.84005 37.71820 39.97790 39.96977 39.77071
 [33] 39.35722 40.69359 39.98904 39.85912 39.70012 39.66940 37.09529 37.35243
 [41] 39.51972 39.93966 40.67198 39.79716 39.09588 40.43739 40.07144 41.46973
 [49] 42.20994 41.29934 40.92789 41.11001 40.73164 38.97198 39.98043 38.48052
 [57] 38.03487 35.07166 36.29468 37.07290 36.84095 35.59835 34.78141 34.57528
 [65] 34.66416 35.59357 36.30753 36.02522 36.20790 36.08689 36.22109 36.14313
 [73] 36.51535 35.35220 35.41011 35.10757 34.92909 35.17715 34.76626 35.10290
 [81] 35.26692 34.79660 35.04102 33.90108 33.99512 34.33202 35.05217 35.02108
 [89] 34.33740 34.34958 34.74299 34.79440 34.83267 34.47630 34.45280 34.82933
 [97] 35.29362 35.33894 35.56037 35.42548


$diffBuild
$diffBuild[[1]]
  [1] 1236.690 1443.455 1172.534 1208.339 1244.880 1225.525 1231.368 1218.020
  [9] 1222.472 1236.835 1226.640 1209.959 1192.273 1185.080 1195.545 1188.434
 [17] 1168.995 1175.008 1187.647 1188.471 1191.628 1178.068 1163.159 1146.304
 [25] 1138.008 1147.816 1152.316 1145.435 1139.466 1119.954 1128.008 1124.025
 [33] 1120.497 1121.284 1122.196 1148.964 1140.114 1133.976 1132.822 1151.877
 [41] 1150.026 1141.964 1141.880 1140.963 1145.697 1160.680 1161.797 1159.501
 [49] 1164.318 1168.518 1152.180 1158.760 1151.009 1160.228 1158.544 1159.156
 [57] 1158.228 1167.595 1169.452 1173.870 1176.620 1181.482 1185.149 1191.953
 [65] 1192.403 1186.787 1182.537 1183.691 1178.245 1176.452 1188.402 1183.727
 [73] 1192.006 1195.923 1187.173 1186.423 1178.823 1189.761 1188.935 1188.245
 [81] 1186.852 1186.048 1195.852 1196.185 1200.519 1201.352 1201.319 1195.902
 [89] 1209.269 1204.519 1211.020 1207.016 1204.016 1201.070 1201.820 1204.182
 [97] 1201.070 1206.103 1204.103 1200.370


$streeFur
$streeFur[[1]]
  [1] 128.740097  55.136517  22.689752  26.734887  36.336566  17.955855
  [7]  15.600202  17.665302  28.485562  32.387379  31.049396  30.864114
 [13]  15.112220  28.401409  17.905030  30.763115  24.440170  21.970415
 [19]  18.592989  19.511246  24.581172  23.819249  22.467439  13.992511
 [25]  14.023000  23.964226  22.188566  23.916233  10.725774  15.563826
 [31]   8.767032  13.589680  13.573030  16.840928  15.685485  20.361916
 [37]  21.865724  23.101088  27.801143  30.524481  31.834506  28.738242
 [43]  32.190341  30.657680  31.969727  28.704936  29.270280  26.843929
 [49]  28.759392  27.719760  23.688232  25.255351  29.300259  32.001837
 [55]  31.254309  28.510908  32.048795  26.094040  26.940026  30.188798
 [61]  28.653799  28.713684  29.884766  32.604495  30.202495  27.412743
 [67]  31.175969  28.406544  28.253344  27.693362  28.127944  25.510945
 [73]  25.002273  25.701820  23.862534  22.913255  22.054304  23.468883
 [79]  22.473898  22.544247  20.613366  21.849660  22.425820  23.885659
 [85]  20.450241  22.749836  21.072364  18.635687  25.995421  23.676391
 [91]  22.383112  26.382351  23.002618  21.892278  22.551730  22.995403
 [97]  22.594075  21.573015  21.387300  20.263238


$basCol
$basCol[[1]]
  [1] 319.7086 359.5208 349.6608 415.4084 400.5066 403.1513 405.1778 408.3767
  [9] 392.4793 385.3965 389.8870 392.0756 386.0098 375.4337 374.7105 377.0789
 [17] 372.9864 382.2299 383.9009 384.6920 391.0316 384.1941 382.1108 388.5344
 [25] 392.9184 391.3837 403.1264 391.9457 383.5641 382.2966 383.6894 375.3448
 [33] 377.6236 378.8945 384.6683 381.5849 381.7516 378.6474 386.6986 385.7653
 [41] 385.2653 384.6644 391.0320 388.0811 391.3969 395.2453 395.5251 396.4733
 [49] 406.9251 406.7409 401.1619 401.0610 400.0742 397.1795 396.0128 398.3453
 [57] 398.0086 402.2199 397.0140 399.0110 394.6777 396.8682 398.1182 399.4890
 [65] 403.9724 399.2224 402.2224 402.3057 401.3364 401.5864 401.3531 402.1031
 [73] 399.9373 401.0801 400.2292 401.8468 402.3468 400.7301 401.4635 402.6968
 [81] 400.8396 399.6968 401.6730 401.4230 402.4230 400.7325 403.9825 403.0063
 [89] 406.2087 405.7325 406.6492 405.0825 404.6063 404.1994 405.6994 407.1828
 [97] 406.4494 411.6994 410.1994 411.6390


$ligh
$ligh[[1]]
  [1] 73.33071 52.43031 67.02785 69.52697 39.16928 35.76280 33.63065 21.06447
  [9] 23.01551 25.13234 16.71715 12.62450 18.54498 18.29684 19.09506 22.54720
 [17] 17.90195 15.43312 14.30848 13.52728 21.65631 20.73169 22.21364 20.43267
 [25] 21.54210 22.21069 19.32126 24.21712 23.14645 27.04606 25.87196 26.07764
 [33] 26.65974 29.30475 24.51642 21.77082 21.45652 21.37728 19.15737 20.95459
 [41] 19.96788 19.30138 18.57391 18.33742 17.00817 19.35339 20.45766 24.21357
 [49] 25.52372 20.26551 20.24544 21.82967 22.73647 25.26743 26.75181 26.26500
 [57] 26.48144 27.03309 23.98224 23.91121 23.68385 22.67260 22.19797 21.55680
 [65] 22.60821 28.34414 28.07046 26.01672 24.78356 24.38116 22.75391 25.13128
 [73] 25.08863 26.04784 27.06902 26.84031 28.30431 27.79951 26.44842 25.39892
 [81] 26.25287 27.22559 26.31515 25.94605 28.84712 26.46526 26.62848 25.69922
 [89] 22.49135 22.43251 21.30484 20.84565 22.36363 23.31680 23.94635 23.84018
 [97] 23.22483 25.69910 25.88443 26.13533


$accenCol
$accenCol[[1]]
  [1] 148.62547 175.93975  55.80273  81.53995 104.83502 138.76220 112.44153
  [8] 126.73745 115.05675 118.15713 120.30237 126.83833 118.42517  99.30601
 [15]  99.09535 112.44403 108.17129 119.19146 124.65857 125.18219 118.83225
 [22] 110.05725 105.59892 102.89059 106.13063 110.69517 111.25782  96.59379
 [29]  85.35914  77.78896  80.61039  69.91616  68.80557  65.88890  71.60914
 [36]  78.85914  76.35914  74.85914  80.66008  82.39342  78.39342  84.82324
 [43]  87.32675  85.40657  91.26842  96.49523  99.84743  95.91629  95.70576
 [50] 101.59392  93.72769  88.25839  89.15094  91.25620  83.08953  87.80357
 [57]  93.85620  99.61810  83.69530  91.60006  82.76672  91.96196  92.21196
 [64]  90.06196  90.23696  78.69530  82.86196  85.07030  90.30933  91.95100
 [71]  89.05100  85.00933  89.22951  86.80094  85.06409  81.90094  81.40094
 [78]  79.68427  84.58427  83.88427  82.12236  77.71760  77.95570  74.45570
 [85]  73.95570  73.94379  78.56879  77.33070  81.68189  81.44379  80.61046
 [92]  79.76879  79.03070  82.71190  81.21190  78.84523  79.21190  80.58690
 [99]  84.58690  80.21196


$peop
$peop[[1]]
  [1] 1358.457 1507.912 1403.126 1424.078 1457.022 1400.716 1434.392 1442.209
  [9] 1467.695 1444.531 1437.518 1418.646 1415.993 1420.813 1435.282 1455.472
 [17] 1445.148 1449.933 1444.136 1422.892 1434.302 1443.622 1434.270 1409.689
 [25] 1397.507 1404.182 1412.546 1398.182 1392.820 1378.504 1388.004 1391.590
 [33] 1384.436 1378.963 1388.482 1404.858 1401.268 1395.465 1400.356 1401.786
 [41] 1388.998 1399.725 1396.518 1401.320 1406.311 1411.976 1423.721 1404.129
 [49] 1410.996 1426.869 1423.244 1431.153 1409.196 1411.304 1416.543 1403.366
 [57] 1417.673 1433.829 1405.304 1400.313 1417.057 1407.777 1411.438 1425.672
 [65] 1435.069 1421.362 1431.618 1422.140 1419.492 1410.632 1415.243 1408.864
 [73] 1415.615 1415.085 1410.827 1410.958 1410.978 1417.314 1419.806 1427.087
 [81] 1430.543 1429.964 1438.726 1444.246 1441.999 1451.520 1453.339 1452.417
 [89] 1456.340 1455.089 1464.819 1455.830 1453.838 1436.703 1441.325 1451.540
 [97] 1441.679 1443.516 1447.128 1443.861


$graff
$graff[[1]]
  [1] 28 21 22 32 24 28 15 13 15 14 15 10 11 14 15 12 16 21 19 20 15 16 17 19 19
 [26] 19 22 23 23 20 20 17 15 14 18 17 17 17 13 15 17 18 14 15 15 14 16 16 16 18
 [51] 16 15 14 13 13 15 14 14 15 15 13 16 14 15 15 13 14 14 15 15 13 14 14 13 14
 [76] 13 13 13 15 15 13 14 13 13 14 12 12 13 12 13 13 13 14 17 16 15 15 15 16 16


$buildDiffAges
$buildDiffAges[[1]]
  [1]  88  74  86  85  85 105  96  95  96  94  93  90  85  83  85  84  84  86
 [19]  84  84  76  77  81  77  76  79  82  86  84  84  87  83  83  83  81  81
 [37]  82  84  79  80  81  83  81  81  79  79  78  80  80  81  80  78  80  76
 [55]  75  77  76  71  76  76  76  78  76  74  73  72  74  75  77  78  77  76
 [73]  79  77  78  75  75  76  79  79  81  80  81  79  80  81  80  80  81  81
 [91]  81  81  81  82  81  81  81  80  82  78


$streetWid
$streetWid[[1]]
  [1] -1078.0666  -504.9916  -725.3791  -714.2554  -698.1148  -600.2708
  [7]  -667.0810  -775.2503  -695.5724  -592.6470  -620.4338  -486.7933
 [13]  -551.6035  -588.9203  -640.3786  -669.4849  -719.2276  -797.1226
 [19]  -735.8493  -754.6589  -724.7993  -744.0932  -768.6607  -801.1179
 [25]  -778.4221  -720.6102  -821.5531  -798.0531  -836.9430  -833.0556
 [31]  -864.9725  -793.6058  -809.5249  -845.7445  -881.1681  -817.7628
 [37]  -833.0962  -840.3089  -846.6772  -766.3339  -788.5005  -760.9172
 [43]  -786.2484  -830.4500  -803.6666  -812.2862  -785.6049  -805.2998
 [49]  -842.2260  -840.7373  -859.1313  -849.4327  -874.7536  -832.3508
 [55]  -865.2635  -874.9073  -836.7211  -898.6323  -887.8919  -841.6781
 [61]  -876.5085  -861.1647  -849.6647  -823.4585  -836.0419  -851.3781
 [67]  -874.8585  -879.1030  -854.8500  -830.4173  -880.7167  -918.4310
 [73]  -884.4205  -894.1067  -881.6067  -913.0696  -899.1030  -941.7734
 [79]  -892.2295  -915.7295  -920.4629  -897.6184  -910.4073  -930.9073
 [85]  -936.2168  -901.9668  -937.0541  -934.2208  -893.5541  -903.0541
 [91]  -916.7097  -892.8764  -915.3764  -902.8430  -894.3430  -911.0097
 [97]  -916.8430  -925.7041  -903.7041  -930.1813


$sidewalkWid
$sidewalkWid[[1]]
  [1] -386.98294 -211.44055 -145.96933 -166.49447 -126.31303 -161.78840
  [7]  -99.92449 -109.01157 -111.17023 -127.36810 -118.17113 -120.53103
 [13] -113.81754 -130.54847 -125.14309 -129.20697 -128.64395 -144.52665
 [19] -133.23134 -133.97746 -137.38967 -138.00726 -138.22964 -120.80520
 [25] -128.26924 -136.86115 -138.82311 -146.94724 -150.31180 -148.36342
 [31] -139.23241 -134.40566 -141.50048 -141.49855 -153.60525 -153.68400
 [37] -153.78157 -143.08911 -140.04521 -144.09623 -143.17123 -140.78790
 [43] -131.31106 -136.55911 -132.77578 -132.37060 -133.98542 -128.64914
 [49] -134.59514 -133.10817 -143.41325 -138.59199 -126.54849 -138.51237
 [55] -129.38738 -127.53645 -137.24069 -150.62205 -147.31978 -143.83978
 [61] -146.87318 -150.24906 -145.72394 -145.43228 -139.59894 -136.05384
 [67] -143.74818 -138.39541 -142.48217 -143.47194 -146.79050 -139.50317
 [73] -134.80241 -132.88307 -135.13307 -135.02029 -136.26271 -133.03546
 [79] -135.86891 -135.76134 -133.05225 -136.38912 -129.45932 -133.05690
 [85] -130.84622 -128.34292 -131.99372 -134.14614 -127.62538 -130.31947
 [91] -128.81392 -128.89725 -132.64725 -133.41558 -129.66558 -131.46392
 [97] -132.08892 -124.26947 -124.40205 -129.06860


$debris
$debris[[1]]
  [1]  0.024147701 -0.008840713 -0.059410585 -0.046798830 -0.049032401
  [6] -0.049859962 -0.053902756 -0.061764050 -0.055917264 -0.049634751
 [11] -0.064349762 -0.065562564 -0.061584916 -0.054287955 -0.059798791
 [16] -0.054114429 -0.059704001 -0.065299134 -0.062867216 -0.062785293
 [21] -0.054200289 -0.056817567 -0.057147009 -0.059611542 -0.065284983
 [26] -0.056904450 -0.058124023 -0.054955747 -0.054814068 -0.055582295
 [31] -0.056409505 -0.052998571 -0.056462283 -0.055829903 -0.053406277
 [36] -0.054241241 -0.054669307 -0.054064608 -0.059632804 -0.053867384
 [41] -0.053842971 -0.054725268 -0.057490780 -0.054391429 -0.053138205
 [46] -0.051576678 -0.052288751 -0.054658607 -0.051144178 -0.053972014
 [51] -0.059138170 -0.060990872 -0.057360451 -0.056759716 -0.054954081
 [56] -0.052917165 -0.053547445 -0.052728854 -0.055044150 -0.056878442
 [61] -0.057448524 -0.054153919 -0.054241810 -0.050981647 -0.053739545
 [66] -0.050874724 -0.050797122 -0.050974268 -0.049836524 -0.050038319
 [71] -0.050486518 -0.051088509 -0.048492979 -0.046794185 -0.047233478
 [76] -0.048089268 -0.047384817 -0.047160054 -0.046369125 -0.048830934
 [81] -0.049742184 -0.048568229 -0.048941926 -0.047960240 -0.047687497
 [86] -0.047761677 -0.048562702 -0.049379691 -0.047300437 -0.047439149
 [91] -0.049001049 -0.047488208 -0.047931970 -0.048649036 -0.047749450
 [96] -0.045871938 -0.048960462 -0.046303473 -0.046524441 -0.046982045


$pavement
$pavement[[1]]
  [1]  2.020093e-02  7.266856e-02  2.402306e-02  2.647424e-02  3.452515e-02
  [6]  2.028446e-02  8.128106e-03  1.620027e-02  2.687899e-02  1.591786e-02
 [11]  1.487517e-02  1.240935e-02  5.662221e-03  2.078644e-03  4.251219e-03
 [16]  7.359654e-03  8.686376e-03  2.188565e-03  6.225701e-03  2.315616e-03
 [21]  5.209758e-03  6.810700e-03  9.581767e-04  8.814515e-04  5.752052e-04
 [26]  8.812377e-03  4.021852e-03  3.149608e-03  3.007527e-03  3.418698e-04
 [31]  1.050282e-03  3.893264e-03  8.384674e-04  1.672967e-03  1.476086e-03
 [36]  3.227075e-03  3.407191e-03  5.689213e-03  1.241399e-03  3.628623e-03
 [41]  2.313706e-03  1.888130e-03  4.178216e-04 -4.532504e-04  1.839419e-03
 [46]  2.507454e-03  2.606620e-03  6.128166e-05  7.428845e-04  1.743016e-03
 [51] -2.756268e-03 -7.310958e-04  4.039721e-04  5.707547e-05  1.307783e-03
 [56]  5.634088e-03  4.781733e-03  1.723516e-03  1.351078e-03 -5.717747e-04
 [61] -3.191367e-03 -2.464565e-04  4.202837e-04  1.208736e-03  1.578422e-03
 [66]  4.838027e-04  2.658118e-04 -1.013437e-03  1.503519e-03  9.615934e-04
 [71] -6.927703e-04 -1.390086e-04  2.994817e-03  2.882360e-03  2.786878e-03
 [76]  1.952277e-03  3.148961e-03  1.722412e-03  4.296860e-03  4.007545e-03
 [81]  2.713325e-03  4.970637e-03  5.146510e-03  5.330987e-03  5.383221e-03
 [86]  6.336892e-03  4.973755e-03  4.979386e-03  7.500117e-03  7.212615e-03
 [91]  7.371173e-03  7.443095e-03  7.022300e-03  5.786324e-03  7.425455e-03
 [96]  9.234548e-03  6.010018e-03  7.413988e-03  9.963068e-03  7.532118e-03


$landscape
$landscape[[1]]
  [1] -0.09702280 -0.09929477 -0.20783767 -0.19827612 -0.18305606 -0.17764234
  [7] -0.17594050 -0.16536220 -0.16898477 -0.16847643 -0.16586301 -0.16583334
 [13] -0.17294513 -0.17442801 -0.17742488 -0.16949156 -0.16735010 -0.17066089
 [19] -0.16440877 -0.16721499 -0.16657201 -0.16139567 -0.16279698 -0.16287327
 [25] -0.16849157 -0.16254883 -0.16543876 -0.16379382 -0.16686136 -0.17129848
 [31] -0.17064852 -0.16844828 -0.16641060 -0.16883764 -0.16360698 -0.16047889
 [37] -0.15737512 -0.15765412 -0.15995091 -0.15997609 -0.15921236 -0.15758886
 [43] -0.16154164 -0.16302245 -0.15948974 -0.16373403 -0.15924002 -0.16023504
 [49] -0.16436315 -0.16415993 -0.16452174 -0.16471456 -0.16580086 -0.16596008
 [55] -0.16614252 -0.16282868 -0.16133771 -0.16365997 -0.16353784 -0.16508214
 [61] -0.16686331 -0.16182240 -0.16133558 -0.16030479 -0.16348704 -0.16263201
 [67] -0.16156293 -0.16013517 -0.15723153 -0.15556761 -0.15822839 -0.16005523
 [73] -0.15999840 -0.15716339 -0.15811646 -0.15714823 -0.15463879 -0.15894399
 [79] -0.15581055 -0.15739061 -0.15866331 -0.15889521 -0.15945152 -0.15694997
 [85] -0.16021762 -0.15948134 -0.15746545 -0.15716236 -0.15306412 -0.15295434
 [91] -0.15453488 -0.15049763 -0.15187001 -0.15458370 -0.15475967 -0.15297619
 [97] -0.15384233 -0.15383611 -0.15300555 -0.15504700


$propStreetWall
$propStreetWall[[1]]
  [1] 0.02160381 0.01993617 0.02418252 0.02359478 0.02097067 0.02278205
  [7] 0.02659356 0.02886777 0.02983662 0.02996545 0.03242094 0.03139559
 [13] 0.03043421 0.03005955 0.02986498 0.03075472 0.03251729 0.03368166
 [19] 0.03306610 0.03253391 0.03281736 0.03181635 0.03235562 0.03282593
 [25] 0.03391040 0.03479255 0.03410687 0.03368601 0.03411880 0.03325649
 [31] 0.03384034 0.03415570 0.03445001 0.03380015 0.03464047 0.03502884
 [37] 0.03543813 0.03520305 0.03678451 0.03566832 0.03591454 0.03452049
 [43] 0.03461644 0.03468933 0.03455451 0.03416973 0.03459423 0.03430930
 [49] 0.03398634 0.03468407 0.03404984 0.03474180 0.03465789 0.03491755
 [55] 0.03483288 0.03604964 0.03564705 0.03605568 0.03515257 0.03499057
 [61] 0.03508015 0.03550832 0.03572943 0.03528954 0.03504738 0.03484258
 [67] 0.03531561 0.03564437 0.03607481 0.03616489 0.03488769 0.03523114
 [73] 0.03472357 0.03534519 0.03564701 0.03604452 0.03659216 0.03548503
 [79] 0.03620478 0.03605723 0.03569257 0.03587456 0.03559074 0.03579395
 [85] 0.03597537 0.03560023 0.03522648 0.03567785 0.03567466 0.03576249
 [91] 0.03550985 0.03565131 0.03570803 0.03600678 0.03570137 0.03558922
 [97] 0.03547058 0.03510892 0.03454937 0.03525862


$propWind
$propWind[[1]]
  [1] -2.929969e-03  1.695116e-03 -6.985268e-03 -4.475655e-03 -3.752601e-03
  [6] -4.534462e-03 -5.150813e-03 -4.606147e-03 -5.313236e-03 -4.852715e-03
 [11] -3.728833e-03 -4.937023e-03 -5.244514e-03 -4.870782e-03 -5.743355e-03
 [16] -4.397459e-03 -4.283142e-03 -5.264138e-03 -4.171365e-03 -4.563134e-03
 [21] -4.148202e-03 -3.232445e-03 -3.033902e-03 -3.275478e-03 -3.447312e-03
 [26] -3.695980e-03 -4.203072e-03 -3.904445e-03 -5.008639e-03 -4.962411e-03
 [31] -4.801580e-03 -4.343759e-03 -4.549559e-03 -4.024473e-03 -3.690754e-03
 [36] -3.039330e-03 -3.539208e-03 -3.518100e-03 -3.178975e-03 -3.250637e-03
 [41] -3.462588e-03 -2.550076e-03 -2.540020e-03 -3.052657e-03 -2.552124e-03
 [46] -1.833705e-03 -2.085093e-03 -2.120156e-03 -1.731783e-03 -1.984359e-03
 [51] -1.729183e-03 -1.567882e-03 -1.194897e-03 -9.588923e-04 -8.908800e-04
 [56] -2.057708e-03 -1.773900e-03 -1.574526e-03 -1.985491e-03 -2.058246e-03
 [61] -1.708486e-03 -1.698400e-03 -1.756671e-03 -1.511850e-03 -1.095172e-03
 [66] -7.978024e-04 -1.232212e-03 -1.600509e-03 -1.634254e-03 -2.093765e-03
 [71] -8.095898e-04 -1.498706e-03 -8.405760e-04 -1.057517e-03 -1.702709e-03
 [76] -1.385886e-03 -2.004276e-03 -1.742703e-03 -1.925946e-03 -1.985360e-03
 [81] -1.881341e-03 -1.963650e-03 -1.762875e-03 -1.635945e-03 -1.346010e-03
 [86] -1.260126e-03 -3.603184e-04 -7.600406e-04 -1.082436e-03 -1.023957e-03
 [91] -8.571833e-04 -7.202051e-04 -7.730807e-04 -8.264612e-04 -5.341801e-04
 [96] -3.505101e-04 -5.699165e-04  2.144887e-04  8.074165e-05 -2.927066e-04


$longSight
$longSight[[1]]
  [1] 92.77684 99.46797 66.14091 83.83442 95.05130 69.17251 56.20628 53.63009
  [9] 46.18160 49.46645 42.38160 43.89113 56.04264 60.02749 57.77597 61.94264
 [17] 72.57597 71.19416 71.36082 74.02749 72.39113 67.72446 69.15779 67.21537
 [25] 66.41537 65.77597 60.60931 60.27597 61.96082 60.62749 56.29416 54.60931
 [33] 59.77597 54.60931 58.77597 54.27597 54.27597 52.27597 60.27597 61.67597
 [41] 56.50931 61.84264 55.10931 45.50931 46.50931 45.17597 40.76082 34.84177
 [49] 41.74177 44.54567 41.24567 42.37900 44.04567 45.90281 44.56948 42.16948
 [57] 46.51797 46.88463 42.70281 42.20281 40.70281 44.53615 41.03615 43.57900
 [65] 43.47900 42.94177 47.50844 45.91797 50.45996 47.66948 46.60281 41.69329
 [73] 44.59329 42.75996 42.42662 46.35996 47.04177 46.75996 42.65996 45.65996
 [81] 41.65996 42.99329 42.99329 43.15996 45.15996 43.13615 46.82662 49.15996
 [89] 41.80281 45.80281 44.46948 45.49329 47.49329 48.32662 47.12662 46.95996
 [97] 45.95996 47.05996 48.05996 48.82662


$propSkyAhead
$propSkyAhead[[1]]
  [1] -0.1259461 -0.1438177 -0.1630062 -0.1506653 -0.1658214 -0.1675225
  [7] -0.1724278 -0.1680790 -0.1658920 -0.1652974 -0.1669270 -0.1666529
 [13] -0.1662760 -0.1674653 -0.1670651 -0.1637324 -0.1657707 -0.1619800
 [19] -0.1621619 -0.1620965 -0.1630288 -0.1641103 -0.1645645 -0.1653582
 [25] -0.1671821 -0.1681475 -0.1657736 -0.1652726 -0.1671343 -0.1669611
 [31] -0.1688298 -0.1678553 -0.1685297 -0.1680553 -0.1679171 -0.1655939
 [37] -0.1653272 -0.1653389 -0.1675262 -0.1661241 -0.1656542 -0.1664143
 [43] -0.1658057 -0.1665857 -0.1679934 -0.1679014 -0.1655748 -0.1646493
 [49] -0.1659707 -0.1667308 -0.1686693 -0.1683050 -0.1685018 -0.1692752
 [55] -0.1697464 -0.1689754 -0.1699720 -0.1698214 -0.1712297 -0.1693465
 [61] -0.1697918 -0.1709911 -0.1719093 -0.1715189 -0.1717135 -0.1718721
 [67] -0.1718817 -0.1717137 -0.1709954 -0.1708046 -0.1709198 -0.1714295
 [73] -0.1714884 -0.1709669 -0.1715172 -0.1718632 -0.1720295 -0.1721915
 [79] -0.1718887 -0.1722522 -0.1718976 -0.1719449 -0.1728365 -0.1727849
 [85] -0.1736235 -0.1735442 -0.1728011 -0.1731497 -0.1720343 -0.1722433
 [91] -0.1728206 -0.1720423 -0.1727774 -0.1737941 -0.1743732 -0.1741606
 [97] -0.1738477 -0.1729730 -0.1731478 -0.1733112


$propSkyAcross
$propSkyAcross[[1]]
  [1] -0.05422303 -0.06891918 -0.09138308 -0.07831748 -0.08799443 -0.08228692
  [7] -0.08187048 -0.08060907 -0.08321073 -0.08219389 -0.08368130 -0.08267805
 [13] -0.08316366 -0.08594339 -0.08560623 -0.08041130 -0.08234928 -0.07934085
 [19] -0.07866802 -0.07839224 -0.07865377 -0.07955578 -0.08032408 -0.08089074
 [25] -0.08209319 -0.08202172 -0.08095025 -0.08189288 -0.08360657 -0.08320583
 [31] -0.08434076 -0.08406766 -0.08395348 -0.08333624 -0.08430600 -0.08174688
 [37] -0.08173608 -0.08131378 -0.08092072 -0.08012015 -0.08045134 -0.08202459
 [43] -0.08026390 -0.08118327 -0.08132124 -0.08151261 -0.07994561 -0.07912112
 [49] -0.07928199 -0.07954369 -0.08071394 -0.08119796 -0.08013693 -0.08186403
 [55] -0.08248839 -0.08118512 -0.08132345 -0.08209859 -0.08161698 -0.08141840
 [61] -0.08219396 -0.08303189 -0.08240934 -0.08245708 -0.08249266 -0.08302285
 [67] -0.08387678 -0.08418923 -0.08397855 -0.08285493 -0.08297517 -0.08261265
 [73] -0.08321966 -0.08258694 -0.08296351 -0.08337880 -0.08281899 -0.08289948
 [79] -0.08298900 -0.08275424 -0.08335571 -0.08261306 -0.08300325 -0.08290813
 [85] -0.08330540 -0.08278367 -0.08260845 -0.08289450 -0.08153981 -0.08171409
 [91] -0.08312351 -0.08304989 -0.08337019 -0.08424847 -0.08418065 -0.08365844
 [97] -0.08321113 -0.08268279 -0.08318008 -0.08248526


$buildHeight
$buildHeight[[1]]
  [1] 6766.646 7018.520 6156.368 5088.334 5366.318 5506.158 4831.902 4862.970
  [9] 4802.409 5005.477 4892.174 4731.152 4451.811 4645.009 4600.632 4641.425
 [17] 4820.371 4805.024 4897.058 4878.035 4832.567 4867.785 4910.832 4931.599
 [25] 4950.825 5142.667 5146.631 5071.301 4956.022 4852.197 4932.464 4979.347
 [33] 5000.817 4967.550 4965.795 5118.595 5119.190 5097.966 5000.675 5018.109
 [41] 5065.109 5047.715 5024.292 5014.113 5029.564 5003.985 4929.490 5005.963
 [49] 5055.328 4955.573 4906.011 4920.893 4878.648 4919.102 4860.820 4913.137
 [57] 4883.960 4906.430 4921.820 4913.059 4898.837 4936.431 4939.080 4888.019
 [65] 4905.394 4935.327 4935.045 4987.609 4987.709 4984.021 4981.259 5046.078
 [73] 5043.381 4995.875 5088.244 5033.092 5034.748 5175.022 5105.676 5167.818
 [81] 5161.077 5155.965 5120.219 5057.758 5069.749 5013.600 5065.661 5065.259
 [89] 5078.371 5081.444 5069.862 5104.060 5079.543 5082.439 5105.915 5105.932
 [97] 5082.701 5156.884 5199.235 5119.916


$propActiveUse
$propActiveUse[[1]]
  [1]  0.020053758  0.016641328 -0.001210666  0.009988655  0.008108359
  [6]  0.006298283  0.008638976  0.008736792  0.008085499  0.010039390
 [11]  0.009350949  0.009559055  0.010241272  0.011045508  0.008640056
 [16]  0.010419405  0.007377235  0.007794698  0.008312813  0.008892102
 [21]  0.010188688  0.010115507  0.011085995  0.011165832  0.011078251
 [26]  0.010684952  0.010434323  0.011010209  0.011016455  0.010805421
 [31]  0.010561514  0.011335251  0.011987265  0.011725289  0.013246622
 [36]  0.012422326  0.013000962  0.012303280  0.013309132  0.013840882
 [41]  0.013384561  0.013014070  0.012227320  0.012510133  0.012381565
 [46]  0.012392193  0.012601550  0.010498775  0.011462827  0.012731356
 [51]  0.012774008  0.013356723  0.013264493  0.013971400  0.014133445
 [56]  0.013256083  0.013726467  0.013663420  0.013044285  0.012569684
 [61]  0.013349423  0.013738021  0.013934479  0.015156699  0.014699245
 [66]  0.015173130  0.015136593  0.015050801  0.015421853  0.015777111
 [71]  0.014870302  0.014027818  0.013816825  0.014827935  0.014502131
 [76]  0.015309689  0.015766147  0.014700339  0.015253781  0.014389306
 [81]  0.014299855  0.015034347  0.015019795  0.015875237  0.015801592
 [86]  0.015879837  0.015757385  0.016081170  0.016582952  0.016627128
 [91]  0.016832608  0.017204125  0.017057589  0.015693267  0.015751693
 [96]  0.016619585  0.016146822  0.015601371  0.014911111  0.015689289


$movCarsN
$movCarsN[[1]]
[1] 8804.795


$parkCarsN
$parkCarsN[[1]]
[1] 22617.03


$movCiclyN
$movCiclyN[[1]]
[1] 2662.119


$buildIdN
$buildIdN[[1]]
[1] 10307.54


$buildNRecN
$buildNRecN[[1]]
[1] 10367.03


$treeN
$treeN[[1]]
[1] 15441.84


$smallPlaN
$smallPlaN[[1]]
[1] 1075.398


$diffBuildN
$diffBuildN[[1]]
[1] 12321.84


$streeFurN
$streeFurN[[1]]
[1] 5483.135


$basColN
$basColN[[1]]
[1] 5094.668


$lighN
$lighN[[1]]
[1] 2089.808


$accenColN
$accenColN[[1]]
[1] 5897.676


$peopN
$peopN[[1]]
[1] 13781.58


$graffN
$graffN[[1]]
[1] 980


$buildDiffAgesN
$buildDiffAgesN[[1]]
[1] 1760


$streetWidN
$streetWidN[[1]]
[1] 49113.32


$sidewalkWidN
$sidewalkWidN[[1]]
[1] 6366.348


$debrisN
$debrisN[[1]]
[1] 0.8954217


$pavementN
$pavementN[[1]]
[1] 0.9021791


$landscapeN
$landscapeN[[1]]
[1] 0.8817348


$propStreetWallN
$propStreetWallN[[1]]
[1] 0.2187537


$propWindN
$propWindN[[1]]
[1] 0.12055


$longSightN
$longSightN[[1]]
[1] 4914.278


$propSkyAheadN
$propSkyAheadN[[1]]
[1] 0.3589732


$propSkyAcrossN
$propSkyAcrossN[[1]]
[1] 0.3283278


$buildHeightN
$buildHeightN[[1]]
[1] 66708.74


$propActiveUseN
$propActiveUseN[[1]]
[1] 0.2284558


[1] movCars 147.349842490439 141.031939464964 153.667745515913 0.0167351818790732 0.0159406047234298
[1] parkCars 1029.85549737346 1017.67477769749 1042.03621704944 0.0455345237870506 0.0451587794096924
[1] movCicly -31.4183726012916 -32.8923158210345 -29.9444293815486 -0.0118020149430815 -0.0117269511771309
[1] buildId -163.939222639934 -192.325747137984 -135.552698141883 -0.015904783148241 -0.0217280774754813
[1] buildNRec -875.089590225563 -903.887694412337 -846.291486038788 -0.0844108641678318 -0.0903498663201358
[1] tree -258.079825202759 -271.224427588615 -244.935222816902 -0.0167130216003413 -0.0156356093870476
[1] smallPla 36.6443707808815 36.0124827425266 37.2762588192364 0.0340751571265989 0.0334557013008622
[1] diffBuild 1180.81770907946 1173.06907009232 1188.56634806659 0.0958312539361073 0.0961222922930206
[1] streeFur 25.7070694336213 23.2997932709925 28.1143455962502 0.00468838920639931 0.00436615748577323
[1] basCol 394.083135788191 391.386024642598 396.780246933784 0.0773520792097171 0.0782540047156426
[1] ligh 25.1632137188045 23.3004381345745 27.0259893030344 0.0120409204644044 0.0114248266222163
[1] accenCol 92.3420099768654 88.6568042676339 96.0272156860969 0.0156573556076004 0.0145996075342834
[1] peop 1422.37746587551 1417.72679313264 1427.02813861839 0.103208625882548 0.103010637746914
[1] graff 15.84 15.119473403834 16.560526596166 0.0161632653061224 0.0153061224489796
[1] buildDiffAges 80.91 79.8353078635975 81.9846921364025 0.0459715909090909 0.0457386363636364
[1] streetWid -822.529893697089 -842.792134175085 -802.267653219092 -0.0167475930845707 -0.0171430494483268
[1] sidewalkWid -138.905865773378 -144.480532670454 -133.331198876303 -0.0218187669752221 -0.0212172937576716
[1] buildHeight 5038.29991112614 4973.91823730276 5102.68158494953 0.0755268313325247 0.0749886911402768
[1] longSight 52.601716450216 50.145539601676 55.0578932987559 0.0107038541505856 0.00957431884695027
[1] debris -0.0520776182734521 -0.0540938633816051 -0.050061373165299 -0.0581598804070771 -0.0597225434292168
[1] pavement 0.00570795201227851 0.00385934963617467 0.00755655438838234 0.00632685043093096 0.00349075294087656
[1] landscape -0.16176840299525 -0.164223865065545 -0.159312940924954 -0.183466059830787 -0.183220950497388
[1] propStreetWall 0.0336723109965612 0.0329872793020287 0.0343573426910936 0.153927959316225 0.159255487691807
[1] propWind -0.00252450025833642 -0.00284859418934513 -0.00220040632732771 -0.0209415247178824 -0.0165481878101582
[1] propSkyAhead -0.168142033779703 -0.169366756429717 -0.166917311129689 -0.468397213521757 -0.46967161898035
[1] propSkyAcross -0.0818859452580869 -0.0826036128857458 -0.0811682776304281 -0.249403001756 -0.251233125235822
[1] propActiveUse 0.0128866436662388 0.0122877129901693 0.0134855743423082 0.0564076026148861 0.0581592274097244
[1] "################### Married x Single - Safety"
[1] 0.246279
[1] ">>>> Kendall Distance  0.246278989269643"
There were 50 or more warnings (use warnings() to see the first 50)
$movCars
$movCars[[1]]
  [1] -581.8923 -644.3435 -767.0406 -720.1549 -697.9808 -629.5153 -598.7721
  [8] -601.8717 -570.2685 -599.1549 -620.8739 -612.4905 -620.6421 -616.8173
 [15] -618.2858 -624.3245 -641.5110 -642.6198 -644.1731 -630.8858 -615.8652
 [22] -643.8547 -638.0472 -637.8110 -630.3308 -642.4536 -640.7925 -632.6157
 [29] -621.1044 -633.0336 -625.7890 -641.7819 -634.3914 -635.1680 -634.5564
 [36] -633.1808 -638.6332 -632.5055 -632.9047 -643.7575 -630.6595 -629.9819
 [43] -623.4093 -623.3195 -624.6528 -631.3196 -620.9863 -635.6868 -636.6639
 [50] -617.7964 -619.5127 -617.5127 -618.8186 -621.8024 -617.3958 -628.9143
 [57] -623.4031 -609.7079 -624.0542 -621.0927 -623.7139 -621.7209 -619.1038
 [64] -616.7705 -616.7705 -618.9300 -613.6124 -618.0568 -618.0724 -611.7791
 [71] -610.4479 -607.4856 -616.6820 -614.3975 -612.1908 -611.5079 -617.6693
 [78] -625.6019 -615.3582 -621.4138 -626.6955 -620.7364 -611.4631 -620.7579
 [85] -622.7024 -616.0803 -614.5369 -623.1026 -624.1026 -624.2693 -621.7693
 [92] -621.3318 -613.7036 -613.2421 -607.4472 -609.0726 -622.0341 -625.4785
 [99] -620.8503 -620.4770


$parkCars
$parkCars[[1]]
  [1] -821.8540 -652.8491 -395.6080 -474.5491 -661.8549 -554.6202 -512.9470
  [8] -516.9145 -593.2250 -631.1550 -618.4543 -613.5087 -618.9059 -664.2069
 [15] -660.2860 -614.1632 -629.8049 -604.4549 -593.1984 -596.9385 -567.5653
 [22] -587.7723 -570.7882 -537.4289 -543.0587 -572.5660 -612.0587 -584.4468
 [29] -593.3795 -588.9280 -623.1602 -620.0187 -627.9089 -587.2253 -598.4226
 [36] -590.4765 -597.0163 -620.1338 -607.3202 -646.3444 -642.6557 -632.4029
 [43] -628.9768 -600.9154 -630.4150 -606.5568 -628.1871 -632.6869 -630.1116
 [50] -623.9697 -617.9448 -612.5624 -609.1123 -589.9565 -619.6959 -609.2298
 [57] -616.0232 -604.9497 -606.7956 -612.1941 -605.4507 -612.6422 -614.6240
 [64] -600.5698 -601.7594 -601.3506 -603.9862 -603.5806 -630.4474 -599.3752
 [71] -625.1007 -622.2554 -630.0917 -654.5133 -674.0349 -657.7589 -644.0655
 [78] -645.6593 -632.2898 -629.8908 -630.5096 -622.7690 -626.0285 -636.8068
 [85] -635.9251 -640.7622 -643.1311 -666.7849 -666.8790 -661.4601 -660.3386
 [92] -653.4755 -649.6165 -653.0108 -645.0754 -658.5392 -648.4782 -657.3427
 [99] -678.5781 -667.7972


$movCicly
$movCicly[[1]]
  [1] -41.357820 -79.840752  -8.455675  13.930537  17.311255  40.773803
  [7]  36.217687  23.542039  27.291021  29.954139  27.633694  30.437800
 [13]  21.116724  22.433959  25.139688  25.800010  15.439204  13.290268
 [19]  19.796678  12.794657  15.697938  21.984301  20.611141  15.078058
 [25]  17.541890  17.936627  20.330567  22.404593  28.150047  31.487926
 [31]  32.494852  36.249614  41.407190  34.573857  33.258510  34.258510
 [37]  35.153246  31.620164  32.056472  38.534449  31.942437  36.602177
 [43]  31.602177  35.874905  33.602177  34.554558  34.687892  37.078136
 [49]  39.178136  40.844802  37.810760  37.810760  40.344802  41.044802
 [55]  34.454558  40.331820  39.274910  39.120364  44.374910  45.374910
 [61]  45.458243  44.874910  45.840867  45.674201  45.840867  44.365819
 [67]  40.941532  41.941532  42.041532  46.941532  47.174201  42.529411
 [73]  52.340867  54.278136  54.378136  50.378136  47.474910  47.378136
 [79]  47.474910  48.474910  42.965819  43.808243  45.378136  41.378136
 [85]  42.378136  44.768380  45.668380  43.085046  44.085046  38.085046
 [91]  38.085046  41.001713  42.668380  42.668380  44.501713  43.330501
 [97]  42.330501  41.330501  39.330501  36.763834


$buildId
$buildId[[1]]
  [1] 1037.3348  954.6629 1187.2872 1161.8546  998.0039 1011.8706 1003.2875
  [8] 1055.6936 1037.9449 1097.2839 1039.8386 1060.8923 1057.6646 1026.9196
 [15] 1025.9535 1049.3924 1037.0259 1045.4283 1023.5712 1031.4537 1028.5228
 [22] 1006.4206 1000.5865 1000.7706 1011.1040  985.7825  990.1754 1019.8730
 [29] 1031.1161 1020.0109 1029.5609 1023.7611 1033.0349 1023.6579 1014.5468
 [36]  998.2135  995.6063  981.3730 1004.4468  978.6802  980.1661  981.3661
 [43]  981.3661  993.4137  985.6995  989.0590  970.8616  959.5838  961.5031
 [50]  958.9198  967.9476  971.2809  970.9476  966.2809  971.9476  963.7381
 [57]  964.5476  975.0976  985.6642  963.6809  976.8616  974.3865  973.1365
 [64]  978.8031  984.4698  987.1531  970.1365  969.8031  960.0865  983.2198
 [71]  969.6008  984.9341  980.8508  989.1008  990.3174  988.9674  993.9674
 [78]  988.9674  989.7174  981.7174  988.9674  983.0984  987.0984  985.0984
 [85]  983.4317  979.3841 1004.8457  997.7931  995.7931  978.8457  997.7931
 [92]  995.8457  998.8457  998.8457  999.8457  994.7931  994.4764  994.4764
 [99]  993.4764  994.6764


$buildNRec
$buildNRec[[1]]
  [1] 1826.124 1600.155 1797.177 1744.038 1615.953 1604.209 1561.559 1612.933
  [9] 1573.961 1607.682 1580.253 1603.912 1589.136 1573.152 1545.058 1548.036
 [17] 1550.440 1548.171 1529.797 1523.485 1519.105 1494.500 1493.625 1475.281
 [25] 1495.202 1475.451 1477.573 1510.116 1503.684 1498.303 1506.120 1505.274
 [33] 1521.993 1513.918 1499.255 1497.874 1490.155 1471.605 1508.707 1475.074
 [41] 1487.609 1486.726 1483.392 1487.789 1478.503 1479.423 1453.892 1442.358
 [49] 1445.016 1451.116 1446.216 1441.882 1445.216 1439.993 1447.327 1436.079
 [57] 1439.193 1440.193 1459.560 1442.760 1464.525 1462.860 1461.960 1458.127
 [65] 1458.927 1461.827 1470.093 1471.093 1455.927 1472.360 1460.979 1479.646
 [73] 1471.546 1469.779 1468.579 1467.012 1460.346 1455.346 1457.446 1463.112
 [81] 1458.012 1463.398 1459.398 1464.765 1460.765 1456.479 1480.996 1485.095
 [89] 1487.095 1463.296 1485.928 1481.496 1478.496 1478.496 1480.496 1481.928
 [97] 1483.995 1480.995 1472.084 1482.728


$tree
$tree[[1]]
  [1]   6.729659 480.645820 165.625442 115.569837 129.171779  91.624641
  [7] 183.223976 154.899534 138.479855 149.145046 124.365631 154.333733
 [13] 130.376064 110.480575  99.279502 110.336938 124.500458 110.519896
 [19]  93.191379 107.829416 104.226198  72.061204  95.047350 109.745185
 [25]  93.101900 116.521723 137.871448 122.488979 118.730753 115.776913
 [31] 122.119758 118.031929 117.535818 117.637572 138.324864 120.853144
 [37] 143.604282 142.756583 132.082087 117.561673 138.170696 113.053784
 [43] 116.317171 129.528856 128.923245 119.419361 112.039531 114.511241
 [49]  91.070762  82.112038  98.852040 101.757633 101.032247 105.601053
 [55] 117.140999 102.742044 109.038275  95.929794  91.614888  89.179357
 [61] 103.123924  93.784057 110.999557  95.037001  97.059880  88.867183
 [67] 111.921216 105.589871 100.779934 112.618149 122.871049 120.061932
 [73] 103.393661 125.365884 121.147126 111.498243 107.099377 106.208972
 [79]  99.100200  93.846240  95.198550  96.118638  97.395097 108.214082
 [85]  98.206842 100.520057 101.781567 113.126043 103.698637 104.862458
 [91] 109.282804 108.689158 109.607284 110.483743 101.958682 106.251644
 [97] 103.151161 103.218017 109.219708 102.635965


$smallPla
$smallPla[[1]]
  [1] 89.61951 72.23748 71.43359 71.98354 82.26429 79.20081 74.35620 82.40941
  [9] 79.43540 70.61889 76.54524 71.36390 72.04129 74.15240 73.74364 71.82498
 [17] 72.46403 73.15513 73.77779 72.70839 69.78828 69.36228 68.16853 68.51967
 [25] 70.48632 73.13453 73.10218 71.86824 70.07696 71.93703 72.51778 72.18197
 [33] 72.34998 72.24325 72.28736 75.29676 76.61951 75.51958 76.82053 77.26063
 [41] 76.54042 77.15082 73.77256 73.47402 74.91671 75.17126 74.48138 74.32249
 [49] 74.30871 73.68091 73.77874 73.47484 73.25749 73.02962 72.18219 72.75542
 [57] 72.90586 71.55214 72.51759 72.62401 73.31532 73.11306 73.48122 73.73347
 [65] 73.12455 72.44998 72.98343 73.80710 73.82453 73.94674 73.84876 73.04405
 [73] 76.41731 76.74273 76.92295 76.27539 76.11186 75.61901 76.35014 76.24932
 [81] 74.65859 75.49733 74.96029 76.37703 74.06268 74.13359 74.02163 74.79182
 [89] 75.02725 72.62989 72.54205 72.74654 73.20950 73.23586 74.94600 74.15565
 [97] 75.20334 73.49693 75.58457 74.50999


$diffBuild
$diffBuild[[1]]
  [1] 1047.1199  551.6299  585.7052  551.8684  499.4193  545.0139  571.0770
  [8]  572.7140  607.6640  619.9841  611.4892  617.5802  606.8431  649.4482
 [15]  650.4523  677.1148  671.6416  650.4083  658.9546  669.9418  662.5680
 [22]  688.7881  675.8223  668.3652  672.7513  651.6884  643.8520  662.0507
 [29]  692.4741  677.5551  707.5625  697.4292  714.4694  698.3824  696.9819
 [36]  706.4255  708.1118  688.6451  721.8356  701.5558  696.0088  699.0687
 [43]  695.0813  706.2412  699.0912  706.5339  708.6876  688.0034  699.4730
 [50]  711.6594  725.4261  719.7927  716.5927  706.9724  708.6761  704.6897
 [57]  692.8261  720.9094  698.2730  700.9397  694.6594  688.9397  694.2064
 [64]  702.7064  699.8730  716.7730  713.1936  715.5573  698.0927  717.0603
 [71]  703.6770  714.5103  696.2594  697.0436  702.8436  697.5103  697.3261
 [78]  697.9958  694.7261  696.9291  699.9594  680.8761  690.8761  692.5094
 [85]  688.0730  688.3230  690.8230  677.4897  681.4897  676.9897  676.4564
 [92]  677.6230  686.6230  686.9564  690.1601  686.9934  688.1230  686.6534
 [99]  682.4071  675.3571


$streeFur
$streeFur[[1]]
  [1] 163.24700 133.83758 106.60062 106.62944  96.81354 103.45415  90.46538
  [8]  73.34776  78.47463  71.98295  61.87158  84.93959  78.32689  85.34373
 [15]  81.82910  76.51774  68.85772  63.36205  64.81311  64.44944  59.12802
 [22]  55.50544  48.54010  43.94604  36.57853  43.82093  48.92106  49.67489
 [29]  50.65129  42.45261  41.13122  38.05368  54.38189  56.06905  56.99541
 [36]  57.05374  54.91395  56.63114  57.11184  50.16793  51.58236  54.79968
 [43]  56.21239  60.46483  57.39600  58.96460  60.52775  57.17433  52.10056
 [50]  48.52268  52.92660  53.57297  47.80080  48.73418  51.90421  52.03877
 [57]  54.98975  60.08873  54.18201  53.79557  51.23778  54.76572  54.35977
 [64]  56.88957  50.35510  54.32439  59.21637  59.63754  58.26858  55.57921
 [71]  54.65498  59.33271  52.97086  55.41926  57.80806  53.81223  57.36716
 [78]  53.64287  55.27755  54.61734  57.28236  56.59843  58.23934  57.34644
 [85]  56.16491  56.82215  59.99247  57.21120  60.58514  58.64861  60.44673
 [92]  57.72051  61.05483  62.26952  66.08377  69.50224  73.13212  71.51339
 [99]  76.71944  75.20005


$basCol
$basCol[[1]]
  [1] 147.29571 109.25590  51.66402  26.96401  34.57895  54.90594  51.74642
  [8]  39.94442  39.09259  23.96247  35.65928  42.69468  37.40029  49.08477
 [15]  39.02112  43.61103  42.64576  41.15826  44.34576  40.80826  40.79715
 [22]  41.39040  42.24040  40.95707  45.55707  42.97286  42.13952  43.98794
 [29]  49.27266  46.01622  46.48150  47.37405  45.93932  44.51849  49.04210
 [36]  48.99540  47.56503  39.47785  45.38738  44.31119  49.80790  53.01345
 [43]  53.92924  58.71433  57.34591  60.46674  60.34591  53.02924  57.30456
 [50]  60.74590  62.92539  62.92539  64.14590  61.79503  67.72924  59.96257
 [57]  65.14174  71.59992  66.75389  66.61103  59.35389  63.75389  66.42056
 [64]  67.25389  64.58723  68.36500  70.07215  70.65163  66.51951  67.11500
 [71]  63.02056  69.49278  59.02056  55.85389  58.13459  55.96793  58.63459
 [78]  56.03459  60.13459  61.53459  60.64570  58.69709  60.05126  59.20038
 [85]  59.71793  60.46793  60.85389  53.41551  55.27921  57.09973  54.69973
 [92]  56.86639  58.55389  58.22056  61.38723  59.94278  58.12227  57.02227
 [99]  58.77227  56.28214


$ligh
$ligh[[1]]
  [1] -147.4615 -176.4302 -165.6770 -163.8779 -136.1757 -131.1529 -134.1609
  [8] -114.4908 -123.5363 -123.8356 -118.5548 -126.2832 -127.5538 -117.1961
 [15] -120.6803 -120.5598 -115.2700 -105.9770 -111.8921 -114.2187 -110.5447
 [22] -111.6664 -114.0838 -113.4274 -115.4013 -114.8056 -117.8557 -114.7775
 [29] -116.7705 -115.8780 -118.2623 -116.0744 -123.3994 -124.4942 -120.4615
 [36] -119.6488 -120.0568 -118.3560 -121.2223 -116.4488 -120.9956 -123.8959
 [43] -125.0760 -123.8377 -123.7150 -124.8057 -123.5621 -124.2832 -123.5218
 [50] -124.3749 -125.3147 -126.7168 -125.8307 -125.5828 -124.7053 -122.0385
 [57] -122.8367 -124.2606 -121.9012 -122.5372 -122.9133 -121.7180 -121.5691
 [64] -122.7924 -119.6480 -118.5885 -120.8874 -120.3786 -122.0782 -120.5268
 [71] -118.0525 -120.5436 -125.9182 -128.2120 -127.7784 -125.1503 -128.4615
 [78] -129.3326 -126.3419 -125.9370 -124.0885 -124.0017 -126.6427 -125.3833
 [85] -126.3009 -126.3139 -126.0395 -125.7104 -125.8685 -125.2964 -125.1970
 [92] -124.1230 -125.7954 -125.8475 -125.1486 -125.0245 -124.9541 -125.9839
 [99] -126.7073 -126.3264


$accenCol
$accenCol[[1]]
  [1] 301.8131 248.1838 279.5423 288.9470 237.6368 263.0512 274.4251 260.2864
  [9] 275.7894 275.0433 265.8179 267.5012 261.3811 255.3771 250.6061 260.1249
 [17] 259.4416 257.2416 257.6999 261.5583 264.1166 268.8368 266.2452 272.2368
 [25] 272.0618 267.3583 268.5667 280.3131 285.1464 275.6013 273.2679 275.0881
 [33] 278.2881 282.1548 279.5214 273.3891 276.2882 272.9856 275.2570 272.1523
 [41] 274.7224 279.3141 282.2773 286.7926 286.3606 286.8939 284.0273 279.7273
 [49] 280.7961 286.5986 286.4961 285.4961 290.1653 285.7618 288.1653 275.2986
 [57] 277.5153 284.7249 282.4297 278.3583 276.1297 276.4297 275.5964 285.5964
 [65] 281.5964 280.9297 282.8916 281.4224 279.3653 279.9297 272.7964 279.1297
 [73] 272.6297 278.6297 274.4367 274.2701 279.4367 281.2367 276.9367 278.0701
 [81] 276.4034 277.8534 281.0201 273.6165 276.8534 273.5201 277.5464 270.8429
 [89] 271.3105 273.5797 273.7797 276.2797 277.9464 278.6130 278.2797 275.7797
 [97] 274.8438 276.1438 271.9355 272.2842


$peop
$peop[[1]]
  [1] 417.6068 240.8850 443.0253 299.8680 306.2356 368.4240 351.8981 281.1242
  [9] 302.1489 321.7903 317.4554 295.2187 292.5711 320.9584 345.3231 338.7588
 [17] 347.2558 312.8266 340.5550 335.5731 320.9320 373.3636 323.2227 328.9563
 [25] 319.7280 295.2281 265.9757 299.2672 323.8882 317.8530 311.0626 309.0365
 [33] 328.6054 311.8252 299.1451 301.9281 287.4747 286.3939 300.6794 301.8614
 [41] 275.6655 291.6351 282.4225 299.0617 283.9965 282.4611 294.9133 274.1678
 [49] 296.1906 301.8705 315.7440 318.9641 314.1094 308.3757 286.8859 302.4759
 [57] 289.8613 323.5596 310.7855 313.1274 296.2911 294.1458 298.4654 305.0190
 [65] 301.6627 326.3592 297.0555 306.7718 302.7567 320.3255 294.9104 306.9079
 [73] 297.7863 292.7699 306.9817 303.0131 305.0534 311.3268 307.2899 304.8559
 [81] 328.4530 285.4630 291.8202 290.0257 287.9784 284.8045 285.0735 272.2974
 [89] 272.7290 270.2725 259.5585 257.5315 262.4664 260.8088 261.1565 263.7485
 [97] 270.2547 277.8422 270.5321 267.9579


$graff
$graff[[1]]
  [1] 46 61 81 75 56 60 59 63 59 55 55 54 52 52 55 55 58 57 57 58 57 59 60 60 62
 [26] 58 56 56 55 53 55 58 56 57 59 61 61 60 61 59 61 62 63 62 62 61 63 63 63 63
 [51] 63 65 61 62 63 63 63 62 62 62 60 59 59 61 62 61 61 62 60 59 59 60 60 59 58
 [76] 59 60 60 60 59 60 60 59 58 58 57 55 55 55 57 56 56 55 55 56 54 54 54 54 54


$buildDiffAges
$buildDiffAges[[1]]
  [1]  51 -22 -23 -24 -15   5   4   5   8   5   3  -1   1  -2   2   3   1   1
 [19]   6   7   2   6   8   6   5   4   1  -1   3   4   4   7   4   2   2   4
 [37]   6   5   6   1   5   8   9   5   5   5   6   7   8  10   9  10  11  12
 [55]  12  10   8   9   8   9   9   9   9   8  12  12  11  12  12  12  11  11
 [73]  12  15  13  12  13  14  14  15  13  13  13   9   9   9   8   7   7   7
 [91]   6   7   7   8   6   5   5   5   2   3


$streetWid
$streetWid[[1]]
  [1] 1142.6721213  376.4634336 -298.9544402 -527.0109659 -541.3203870
  [6] -377.5007074 -294.1916729 -219.3860563 -178.3438352 -200.6836756
 [11] -343.2331140 -302.5642308 -424.0987413 -373.4607662 -390.7893813
 [16] -378.2269090 -338.9581783 -316.3950204 -281.7920793 -302.9929886
 [21] -161.7700814 -289.6456945 -118.6651770  -58.7474054  -83.7205466
 [26]  -52.8929737  -60.1196332   23.1798066   12.9909177   26.6845609
 [31]   41.4930746   41.3317057   44.0523406   65.8337842   95.7967850
 [36]   71.7755729   51.7738498   85.7303826   53.6525024   15.4764143
 [41]   47.2780016   10.8156470    5.9368591   -8.1230996  -24.2351297
 [46]  -65.7426534  -70.2478281 -122.0740186 -165.5430662 -108.3953781
 [51]  -96.1691877 -102.4517964  -52.6870163  -31.5632068  -62.9227306
 [56] -133.8268490 -118.0236498  -90.8413190  -46.6229149  -91.8841762
 [61]  -50.8467244  -37.3229149  -21.3846032  -26.5512699  -18.1512699
 [66]  -96.3984619    4.5366089  -60.0538673  -47.9300578    2.7968574
 [71]   17.4366089   -9.2300578  -12.8533071   62.3966929   24.4687650
 [76]   45.2633596   -1.6366404    7.0807509    9.2981422   17.9981422
 [81]  -45.0351911  -13.2161435    8.7505232   -8.9335348  -28.0494768
 [86]    0.4505232    7.2933803   18.6362375   -5.8637625  -11.6494768
 [91]   12.1093223   23.2759890   29.2426557   31.9093223   12.0759890
 [96]   15.2188462  -11.8757484  -29.2090818  -43.4352723  -32.0186056


$sidewalkWid
$sidewalkWid[[1]]
  [1] 238.8515 315.6636 208.1499 169.3483 191.0726 190.9582 181.7215 143.7933
  [9] 142.2276 129.6540 136.4797 157.3519 146.9029 134.5122 122.7192 121.0044
 [17] 123.3954 128.4436 130.3543 121.3387 127.4425 124.1339 127.9616 132.6967
 [25] 147.2169 141.9269 137.5055 147.6720 144.9919 146.0198 154.8184 156.0038
 [33] 162.7206 162.6679 157.3694 156.6391 140.5879 148.3738 144.5095 155.2067
 [41] 149.5853 151.9559 145.6446 152.3121 139.3464 143.3603 136.2948 138.9204
 [49] 143.6992 137.4211 146.0747 140.6508 140.4721 140.4719 147.4191 140.1768
 [57] 134.7311 136.5439 140.2207 134.6903 142.3993 148.3874 150.7857 146.6214
 [65] 150.4357 146.1641 150.5585 149.0120 144.1918 146.8381 144.9934 147.4260
 [73] 141.3166 147.1598 140.0111 139.2991 140.7075 138.6169 141.7763 140.2346
 [81] 141.2013 139.9485 143.2985 140.6308 143.8319 148.5735 152.8104 147.9307
 [89] 149.9723 148.9485 150.3010 148.6344 151.2344 150.6768 146.5709 151.5828
 [97] 149.5690 149.7357 148.1946 148.0488


$debris
$debris[[1]]
  [1] -0.2296174 -0.2211046 -0.1937465 -0.1712511 -0.1885131 -0.1899698
  [7] -0.1954037 -0.1842071 -0.1826660 -0.1822903 -0.1846046 -0.1877917
 [13] -0.1870119 -0.1883036 -0.1827358 -0.1908624 -0.1907161 -0.1899358
 [19] -0.1941627 -0.1859408 -0.1845855 -0.1890780 -0.1894606 -0.1923710
 [25] -0.1919278 -0.1918800 -0.1935156 -0.1901401 -0.1948000 -0.1956285
 [31] -0.1889190 -0.1888514 -0.1896839 -0.1911585 -0.1868439 -0.1848029
 [37] -0.1851141 -0.1845253 -0.1860051 -0.1870854 -0.1879791 -0.1888727
 [43] -0.1884336 -0.1885630 -0.1913678 -0.1904620 -0.1909506 -0.1928165
 [49] -0.1940478 -0.1952907 -0.1943567 -0.1936265 -0.1981151 -0.1985156
 [55] -0.1975960 -0.1968201 -0.1962305 -0.1975630 -0.1949186 -0.1957225
 [61] -0.1930874 -0.1962619 -0.1984250 -0.1984818 -0.1961777 -0.1975874
 [67] -0.1947384 -0.1950710 -0.1986591 -0.1986959 -0.1937869 -0.1952176
 [73] -0.1948020 -0.1957603 -0.1963889 -0.1932323 -0.1953111 -0.1975768
 [79] -0.1983427 -0.1995326 -0.1987493 -0.1969185 -0.1979930 -0.1950161
 [85] -0.1979185 -0.1971701 -0.1967819 -0.1941324 -0.1934695 -0.1938089
 [91] -0.1917047 -0.1927034 -0.1939550 -0.1942322 -0.1925299 -0.1924875
 [97] -0.1929491 -0.1947291 -0.1929638 -0.1933826


$pavement
$pavement[[1]]
  [1] -0.2610188 -0.2197301 -0.2195202 -0.2095263 -0.2273619 -0.2464999
  [7] -0.2420038 -0.2263118 -0.2306530 -0.2369741 -0.2348495 -0.2389403
 [13] -0.2338355 -0.2358371 -0.2292401 -0.2355844 -0.2361138 -0.2347841
 [19] -0.2377099 -0.2349451 -0.2309570 -0.2344318 -0.2341930 -0.2343316
 [25] -0.2331468 -0.2304428 -0.2280587 -0.2232171 -0.2278488 -0.2271533
 [31] -0.2223532 -0.2192586 -0.2193912 -0.2251298 -0.2219352 -0.2186096
 [37] -0.2211371 -0.2209996 -0.2187353 -0.2160705 -0.2203194 -0.2194241
 [43] -0.2229755 -0.2248296 -0.2255729 -0.2281953 -0.2276826 -0.2256361
 [49] -0.2258319 -0.2287878 -0.2298836 -0.2309490 -0.2295461 -0.2300882
 [55] -0.2285873 -0.2306599 -0.2318547 -0.2340413 -0.2316814 -0.2338065
 [61] -0.2295435 -0.2266310 -0.2251512 -0.2276499 -0.2247472 -0.2297623
 [67] -0.2237095 -0.2240647 -0.2273865 -0.2315894 -0.2299962 -0.2295658
 [73] -0.2302398 -0.2274746 -0.2293306 -0.2258781 -0.2281651 -0.2296332
 [79] -0.2303404 -0.2306319 -0.2297109 -0.2294985 -0.2306739 -0.2269075
 [85] -0.2292931 -0.2288729 -0.2291815 -0.2261711 -0.2265664 -0.2257581
 [91] -0.2244852 -0.2272279 -0.2276270 -0.2281937 -0.2292284 -0.2279515
 [97] -0.2298051 -0.2298435 -0.2298044 -0.2272644


$landscape
$landscape[[1]]
  [1] -0.2317466 -0.1989720 -0.2407215 -0.1996559 -0.2031108 -0.2158113
  [7] -0.2073605 -0.1958319 -0.1931621 -0.2006488 -0.2001619 -0.2013609
 [13] -0.1990232 -0.2081089 -0.2083775 -0.2110079 -0.2123344 -0.2106632
 [19] -0.2097632 -0.2067036 -0.2039368 -0.2141096 -0.2057704 -0.2060800
 [25] -0.2062589 -0.2007629 -0.1954257 -0.1948667 -0.2020031 -0.2012063
 [31] -0.2023290 -0.1969249 -0.1993178 -0.1945893 -0.1868402 -0.1888258
 [37] -0.1878755 -0.1835257 -0.1877578 -0.1888663 -0.1862640 -0.1916236
 [43] -0.1901169 -0.1915626 -0.1889871 -0.1897040 -0.1936512 -0.1901093
 [49] -0.1932223 -0.1970377 -0.1955744 -0.1967374 -0.1963874 -0.1958686
 [55] -0.1958842 -0.2010965 -0.1982002 -0.2018508 -0.1997427 -0.2021833
 [61] -0.1987117 -0.1990825 -0.1987929 -0.2016128 -0.2005738 -0.2036681
 [67] -0.2006938 -0.2018417 -0.2018427 -0.2055264 -0.2007383 -0.2012255
 [73] -0.2010575 -0.1984601 -0.1973368 -0.1959533 -0.1971009 -0.1993065
 [79] -0.2006848 -0.2007528 -0.2016109 -0.1993586 -0.2004720 -0.1979015
 [85] -0.2004678 -0.2004883 -0.2002256 -0.1956327 -0.1951995 -0.1956987
 [91] -0.1932211 -0.1939209 -0.1950728 -0.1958251 -0.1967470 -0.1958424
 [97] -0.1956755 -0.1976281 -0.1972032 -0.1963216


$propStreetWall
$propStreetWall[[1]]
  [1] 0.06086320 0.05496274 0.05379569 0.05253716 0.05057520 0.04988580
  [7] 0.05027937 0.04710147 0.04593310 0.04349967 0.04305482 0.04515431
 [13] 0.04664126 0.04705271 0.04505988 0.04601899 0.04712338 0.04645524
 [19] 0.04739633 0.04723944 0.04578822 0.04663809 0.04628035 0.04662099
 [25] 0.04531198 0.04454012 0.04434054 0.04437689 0.04563223 0.04464227
 [31] 0.04463063 0.04405984 0.04509420 0.04523030 0.04526579 0.04366336
 [37] 0.04305683 0.04424472 0.04344815 0.04321751 0.04284123 0.04386363
 [43] 0.04402527 0.04458287 0.04383655 0.04351211 0.04401390 0.04375514
 [49] 0.04386647 0.04370424 0.04373761 0.04359697 0.04422179 0.04444212
 [55] 0.04421607 0.04386842 0.04339855 0.04328874 0.04308618 0.04346089
 [61] 0.04245263 0.04330569 0.04411036 0.04337725 0.04333724 0.04414198
 [67] 0.04362760 0.04455344 0.04287150 0.04323936 0.04260456 0.04304195
 [73] 0.04171872 0.04148470 0.04221869 0.04201289 0.04197778 0.04203239
 [79] 0.04225748 0.04259337 0.04273429 0.04265433 0.04261308 0.04210854
 [85] 0.04296296 0.04287030 0.04243378 0.04184143 0.04214310 0.04222636
 [91] 0.04191962 0.04238854 0.04264241 0.04243720 0.04214458 0.04237703
 [97] 0.04269068 0.04324712 0.04279367 0.04234275


$propWind
$propWind[[1]]
  [1] -0.0027862235 -0.0021337400 -0.0089726697 -0.0055848483 -0.0076634335
  [6] -0.0074339371 -0.0045965307 -0.0042528766 -0.0030412433 -0.0034468786
 [11] -0.0034000054 -0.0047106310 -0.0047205901 -0.0045512266 -0.0039583041
 [16] -0.0047990673 -0.0042327856 -0.0041082249 -0.0040932480 -0.0037517070
 [21] -0.0027917128 -0.0020723969 -0.0024641176 -0.0020735198 -0.0020232507
 [26] -0.0023798840 -0.0025230461 -0.0017563310 -0.0018236295 -0.0018216388
 [31] -0.0020997047 -0.0027635069 -0.0019884288 -0.0019438546 -0.0019672026
 [36] -0.0016090603 -0.0020066429 -0.0024163100 -0.0023941680 -0.0013249784
 [41] -0.0022558087 -0.0018693998 -0.0020073103 -0.0015327198 -0.0019020601
 [46] -0.0015948877 -0.0014722661 -0.0017698171 -0.0018694560 -0.0018214567
 [51] -0.0014652190 -0.0013699145 -0.0016575513 -0.0018273709 -0.0019166324
 [56] -0.0018595580 -0.0019131425 -0.0014715037 -0.0020181887 -0.0020590745
 [61] -0.0020090317 -0.0023301253 -0.0023835923 -0.0021900774 -0.0021990406
 [66] -0.0020544349 -0.0017955371 -0.0021912551 -0.0020273636 -0.0015432419
 [71] -0.0018905279 -0.0017474251 -0.0011593637 -0.0008904205 -0.0009401904
 [76] -0.0013375392 -0.0012236928 -0.0016463719 -0.0013290180 -0.0019043787
 [81] -0.0014413934 -0.0018860957 -0.0018189451 -0.0015168172 -0.0019056670
 [86] -0.0020039668 -0.0021452796 -0.0021532875 -0.0022525891 -0.0022492151
 [91] -0.0024278738 -0.0025426514 -0.0023771244 -0.0023988328 -0.0026944344
 [96] -0.0029665559 -0.0028254201 -0.0029745977 -0.0033822064 -0.0033424555


$longSight
$longSight[[1]]
  [1]  17.85368  60.69156 102.40736  99.15758  93.56169  97.88896  89.26623
  [8] 120.71537 113.56537 124.85823 119.71537 122.53593 110.54459 116.20779
 [15] 113.13593 106.20411 111.91775 110.46537 109.58052 120.73052 120.41234
 [22] 128.64719 115.82294 117.12446 125.10065 115.86580 118.23095 127.62338
 [29] 118.19913 113.75974 111.66883 116.20216 111.83701 116.25368 117.86840
 [36] 120.86840 129.73355 123.26385 120.69459 134.81537 133.44307 133.08701
 [43] 132.08701 133.58701 136.76883 133.26883 132.85216 128.01883 130.35216
 [50] 124.43550 119.18550 125.18550 121.91883 122.58550 124.75216 129.19264
 [57] 128.79264 122.88506 132.72597 131.39264 130.46082 125.71082 126.96082
 [64] 127.19416 130.61234 127.59719 126.93052 128.59719 128.02900 131.52900
 [71] 130.27749 127.50476 136.96082 133.35368 129.70216 132.70216 129.07749
 [78] 129.08701 125.81234 123.51234 128.38052 125.31234 123.45519 125.62186
 [85] 122.78853 125.12186 123.12186 125.45519 125.45519 125.78853 125.78853
 [92] 125.47035 121.47035 120.47035 120.87035 119.27944 118.27944 118.77944
 [99] 120.27944 116.44610


$propSkyAhead
$propSkyAhead[[1]]
  [1] 0.06784599 0.05409637 0.07115120 0.07278105 0.05753118 0.05404265
  [7] 0.05039448 0.06261598 0.06087721 0.06059837 0.06178056 0.06415343
 [13] 0.06198525 0.06558711 0.06528165 0.06844174 0.07009426 0.06937380
 [19] 0.06575856 0.06614937 0.06489274 0.06482179 0.06531051 0.06631523
 [25] 0.06489631 0.06504729 0.06677372 0.06525774 0.06305215 0.06308200
 [31] 0.06431058 0.06513417 0.06451374 0.06661464 0.06827144 0.06685921
 [37] 0.06806422 0.06767354 0.06780063 0.06494768 0.06602376 0.06566300
 [43] 0.06564479 0.06767769 0.06844591 0.06937934 0.06960544 0.06999677
 [49] 0.07026010 0.07043760 0.06924131 0.06938078 0.06853858 0.06741362
 [55] 0.06751484 0.06867991 0.07063455 0.06850101 0.07054325 0.06856659
 [61] 0.06870155 0.06829226 0.06727764 0.06799998 0.06666094 0.06715362
 [67] 0.06586251 0.06621490 0.06665227 0.06682783 0.06640454 0.06671289
 [73] 0.06884787 0.06804223 0.06868223 0.06803201 0.06794705 0.06744349
 [79] 0.06765737 0.06726271 0.06771986 0.06888863 0.06809201 0.06831539
 [85] 0.06886002 0.06726672 0.06746512 0.06818763 0.06818176 0.06800973
 [91] 0.06826606 0.06856268 0.06795316 0.06790551 0.06822809 0.06714186
 [97] 0.06719187 0.06740225 0.06824376 0.06776303


$propSkyAcross
$propSkyAcross[[1]]
  [1] -0.00280742 -0.02338010 -0.02580372 -0.02711322 -0.02778600 -0.03210386
  [7] -0.03183058 -0.01927664 -0.01948909 -0.02145604 -0.02167896 -0.02092118
 [13] -0.02333127 -0.01903809 -0.02235254 -0.01735035 -0.01577945 -0.01646038
 [19] -0.01898930 -0.01680774 -0.01771623 -0.01836275 -0.01689437 -0.01525287
 [25] -0.01599822 -0.01530208 -0.01500124 -0.01693263 -0.01861986 -0.01815649
 [31] -0.01779887 -0.01700848 -0.01926626 -0.01652545 -0.01553728 -0.01626653
 [37] -0.01593700 -0.01578775 -0.01615740 -0.01890677 -0.01727476 -0.01691347
 [43] -0.01653333 -0.01710950 -0.01590388 -0.01466008 -0.01560806 -0.01589110
 [49] -0.01525065 -0.01438719 -0.01492218 -0.01584008 -0.01504722 -0.01472757
 [55] -0.01524682 -0.01670293 -0.01529929 -0.01591232 -0.01507654 -0.01613172
 [61] -0.01662022 -0.01737216 -0.01774819 -0.01717899 -0.01750671 -0.01702212
 [67] -0.01720838 -0.01810155 -0.01746518 -0.01593682 -0.01721365 -0.01647692
 [73] -0.01501817 -0.01595560 -0.01482592 -0.01432596 -0.01557427 -0.01504541
 [79] -0.01570390 -0.01521901 -0.01518890 -0.01436890 -0.01418570 -0.01444678
 [85] -0.01432318 -0.01428614 -0.01409570 -0.01416221 -0.01429574 -0.01457461
 [91] -0.01411509 -0.01272677 -0.01337327 -0.01406034 -0.01419731 -0.01512869
 [97] -0.01489231 -0.01549861 -0.01607321 -0.01645023


$buildHeight
$buildHeight[[1]]
  [1]  -796.1409 -1423.0234 -2054.2491 -2025.3761 -1774.3125 -1377.2816
  [7] -1156.8169 -1186.9171 -1254.5436 -1315.5762 -1329.5289 -1358.8011
 [13] -1313.9627 -1497.5576 -1481.1852 -1650.5957 -1631.6622 -1590.8421
 [19] -1449.0662 -1565.1043 -1554.7065 -1695.4140 -1556.2793 -1515.8924
 [25] -1506.5400 -1532.4732 -1639.5823 -1696.8326 -1483.6816 -1612.4323
 [31] -1603.4797 -1968.2255 -1844.5661 -1855.3971 -2033.6439 -1937.9844
 [37] -1939.3951 -1761.6002 -1826.7849 -1954.7395 -1827.6012 -1879.8030
 [43] -1839.5369 -1826.4913 -1848.9542 -1839.4306 -1851.3320 -1875.9616
 [49] -2042.5134 -1775.8263 -1877.5148 -1867.4714 -1759.7223 -1825.5403
 [55] -1792.0417 -1752.8186 -1895.3312 -1743.0091 -1894.4987 -1742.0794
 [61] -1774.5013 -1778.1582 -1831.4174 -1792.6172 -1769.0644 -1742.7964
 [67] -1765.1216 -1756.9440 -1759.3218 -1792.5444 -1794.2178 -1796.7121
 [73] -1855.1095 -1777.4198 -1822.1378 -1838.5515 -1838.9433 -1914.1568
 [79] -1854.7676 -1868.0441 -1907.5112 -1916.3668 -1873.1335 -1950.2126
 [85] -1934.9088 -1888.4760 -1858.0335 -1937.4422 -1936.6565 -1920.4760
 [91] -1919.9953 -1936.1671 -1862.8108 -1802.2108 -1787.3310 -1774.6932
 [97] -1814.3923 -1812.9388 -1765.6848 -1769.4260


$propActiveUse
$propActiveUse[[1]]
  [1] -1.186851e-03 -2.897092e-03 -5.254945e-03 -3.328692e-03 -1.116694e-03
  [6] -2.277796e-03  1.160846e-03 -2.163872e-03 -3.359790e-03 -3.676073e-03
 [11] -3.359913e-03 -3.911509e-03 -3.523495e-03 -3.862847e-03 -4.553145e-03
 [16] -5.836043e-03 -4.085388e-03 -4.977666e-03 -5.042305e-03 -3.972140e-03
 [21] -2.129293e-03 -2.178824e-03 -1.826792e-03 -1.904514e-03 -2.315063e-03
 [26] -1.992083e-03 -1.609467e-03 -1.535049e-03 -1.251215e-03 -1.335660e-03
 [31] -1.252038e-03 -5.810996e-04  2.525382e-04  1.577217e-04  1.368436e-03
 [36]  4.055669e-04  6.558164e-05 -6.693785e-04 -3.515448e-04  2.195516e-04
 [41] -6.256448e-04 -7.166109e-04 -1.864656e-04  5.321453e-04  6.478867e-04
 [46]  2.547718e-04  3.551490e-04 -2.259178e-04 -1.211192e-03 -1.358421e-03
 [51]  7.524724e-05 -2.958960e-04 -2.833840e-04  1.539220e-04 -5.083612e-04
 [56] -9.946952e-04  3.459397e-05  1.019145e-04 -4.827184e-04 -1.057438e-04
 [61] -6.716563e-04 -9.925859e-04 -1.843104e-04 -9.189195e-04 -7.367834e-04
 [66]  1.194421e-04 -1.677424e-04 -9.691396e-05 -5.651730e-04  1.782144e-04
 [71]  6.330590e-04  1.417636e-03  3.756873e-05 -8.641182e-04 -1.731927e-04
 [76] -8.945955e-04 -8.593331e-04 -1.406817e-03 -8.753494e-04 -1.164908e-03
 [81] -7.697823e-04 -7.525948e-04 -1.048066e-03 -3.410768e-04 -4.458574e-04
 [86] -8.430847e-04 -5.534347e-04 -7.328035e-05  1.622825e-05 -2.972049e-04
 [91] -1.932964e-04 -1.169299e-04 -4.240664e-04 -7.503550e-04 -8.775219e-04
 [96] -8.436634e-04 -1.229375e-04 -3.317001e-04 -1.136017e-03 -1.352918e-03


$movCarsN
$movCarsN[[1]]
[1] 8804.795


$parkCarsN
$parkCarsN[[1]]
[1] 22617.03


$movCiclyN
$movCiclyN[[1]]
[1] 2662.119


$buildIdN
$buildIdN[[1]]
[1] 10307.54


$buildNRecN
$buildNRecN[[1]]
[1] 10367.03


$treeN
$treeN[[1]]
[1] 15441.84


$smallPlaN
$smallPlaN[[1]]
[1] 1075.398


$diffBuildN
$diffBuildN[[1]]
[1] 12321.84


$streeFurN
$streeFurN[[1]]
[1] 5483.135


$basColN
$basColN[[1]]
[1] 5094.668


$lighN
$lighN[[1]]
[1] 2089.808


$accenColN
$accenColN[[1]]
[1] 5897.676


$peopN
$peopN[[1]]
[1] 13781.58


$graffN
$graffN[[1]]
[1] 980


$buildDiffAgesN
$buildDiffAgesN[[1]]
[1] 1760


$streetWidN
$streetWidN[[1]]
[1] 49113.32


$sidewalkWidN
$sidewalkWidN[[1]]
[1] 6366.348


$debrisN
$debrisN[[1]]
[1] 0.8954217


$pavementN
$pavementN[[1]]
[1] 0.9021791


$landscapeN
$landscapeN[[1]]
[1] 0.8817348


$propStreetWallN
$propStreetWallN[[1]]
[1] 0.2187537


$propWindN
$propWindN[[1]]
[1] 0.12055


$longSightN
$longSightN[[1]]
[1] 4914.278


$propSkyAheadN
$propSkyAheadN[[1]]
[1] 0.3589732


$propSkyAcrossN
$propSkyAcrossN[[1]]
[1] 0.3283278


$buildHeightN
$buildHeightN[[1]]
[1] 66708.74


$propActiveUseN
$propActiveUseN[[1]]
[1] 0.2284558


[1] movCars -625.600245405834 -630.04866478316 -621.151826028509 -0.0710522231548289 -0.0706143746943693
[1] parkCars -617.536151306698 -626.685514229665 -608.386788383732 -0.0273040389091029 -0.0274163491588546
[1] movCicly 33.6940308748951 30.1932403477567 37.1948214020336 0.012656844481557 0.0143062879204753
[1] buildId 1000.47307936508 993.255250991005 1007.69090773916 0.0970622351180929 0.0962271671043916
[1] buildNRec 1499.79717460318 1486.36487480515 1513.22947440121 0.144669959509053 0.142715424599909
[1] tree 115.084371473946 106.694849098655 123.473893849236 0.00745276227924688 0.00710253610905392
[1] smallPla 74.0792588662593 73.5193525276753 74.6391652048434 0.0688854067322876 0.0685685911704557
[1] diffBuild 682.029760129904 670.866896014109 693.192624245699 0.0553512761812704 0.0562003385177426
[1] streeFur 62.0674222846966 58.4606863833136 65.6741581860797 0.0113196968429243 0.0104216090194456
[1] basCol 55.3177612621298 52.3838139370115 58.2517085872481 0.0108579724993671 0.0111772413554454
[1] ligh -123.95994285248 -125.883465112292 -122.036420592669 -0.0593164223512284 -0.0592574212809973
[1] accenCol 275.181566753422 273.306782906863 277.056350599981 0.0466593227545557 0.046833999797022
[1] peop 303.527251988287 297.604132672281 309.450371304294 0.0220241330780185 0.0218960490332338
[1] graff 59 58.1534571389997 59.8465428610003 0.0602040816326531 0.0602040816326531
[1] buildDiffAges 6.45 4.83594967708625 8.06405032291376 0.00366477272727273 0.00397727272727273
[1] streetWid -63.5528767364289 -101.529813297184 -25.5759401756743 -0.00129400490741016 -0.000555864956993518
[1] sidewalkWid 148.390296453428 143.752121691883 153.028471214972 0.0233085426715074 0.0229067215541612
[1] buildHeight -1740.01086451034 -1782.73906509449 -1697.28266392619 -0.0260837007321501 -0.0268842949524872
[1] longSight 120.807601731602 117.823499421654 123.791704041549 0.0245829801094215 0.0252272895945709
[1] debris -0.193001916575004 -0.194331010504435 -0.191672822645572 -0.215543044372694 -0.216090993941968
[1] pavement -0.228647500015274 -0.229913188736682 -0.227381811293867 -0.25343915486519 -0.253641837837068
[1] landscape -0.199470790879561 -0.201065884587826 -0.197875697171297 -0.226225389979764 -0.225751393477749
[1] propStreetWall 0.044485629160805 0.0438972678807507 0.0450739904408592 0.203359434293666 0.19969398245765
[1] propWind -0.00252232930483478 -0.00279122524796777 -0.00225343336170179 -0.0209235159748585 -0.0171359283111618
[1] propSkyAhead 0.0666464945773827 0.0659727232009574 0.067320265953808 0.185658705615153 0.188008435259506
[1] propSkyAcross -0.016935858874363 -0.0176768340132899 -0.0161948837354361 -0.0515821613497828 -0.0488405505170118
[1] propActiveUse -0.00109971494223787 -0.00139746824780854 -0.000801961636667213 -0.00481368811445625 -0.00325476169690324
