[1] "################### Low x High income - Pleasantness"
[1] 0.1628591
[1] ">>>> Kendall Distance  0.162859120803046"
$movCars
$movCars[[1]]
  [1] 120.75238 164.34567 153.70639 171.93685 125.77617 102.04725  98.41399
  [8] 134.84201 123.30269  98.85546 109.49052 117.77911 103.71996  84.78781
 [15]  85.62297  73.31355  93.93656  90.98939  65.56301  73.10189  68.83773
 [22]  88.37705  84.51673  86.25348  89.37534  60.68991  65.79590  67.19074
 [29]  68.40630  66.21587  73.01074  93.64408 106.67912 109.22186 108.40439
 [36] 106.99328 103.83356  94.92325  88.27436  91.40015  87.34460  83.10070
 [43]  69.83825  77.89380  83.82714  70.55630  71.06107  73.35214  77.79023
 [50]  69.76999  81.88110  75.27634  73.21443  70.80948  62.47614  66.10868
 [57]  74.49757  76.24896  75.13090  63.39720  63.31387  66.64720  55.81387
 [64]  57.45276  53.11942  44.55799  48.05105  56.37327  58.37327  58.81771
 [71]  59.31771  61.88021  71.20069  73.26907  76.82462  74.98538  71.65205
 [78]  63.63923  62.42982  61.92982  57.98538  59.42982  58.87006  61.93256
 [85]  70.96034  62.09843  67.99593  66.87009  73.70342  63.41009  60.65399
 [92]  66.98732  61.01425  59.75816  59.17482  57.84149  57.75816  61.17482
 [99]  56.17482  59.60431


$parkCars
$parkCars[[1]]
  [1] 150.6407 178.9606 396.7496 400.7840 268.3676 298.1905 281.7854 309.6812
  [9] 264.8596 259.5385 258.6776 211.4640 192.6906 197.0880 234.3184 225.3375
 [17] 268.3032 220.5111 232.8535 213.5656 234.9333 244.0151 249.9286 228.2972
 [25] 242.8516 235.0593 223.8900 236.6612 235.0321 232.5923 228.2905 238.6040
 [33] 246.7183 276.4566 295.8155 284.9126 301.4380 302.8448 275.5603 290.2225
 [41] 296.6415 316.5751 305.9292 303.2626 313.2807 287.7174 301.2810 291.7305
 [49] 281.8716 274.5666 296.0576 307.5226 277.9421 286.7400 281.6215 289.2071
 [57] 294.6472 288.8239 277.2542 265.1128 278.9522 290.2970 289.4645 287.5719
 [65] 275.9560 277.0786 263.0764 280.5572 284.7699 276.8577 258.5800 283.4293
 [73] 283.5930 290.4263 298.9340 299.3436 285.7824 292.0969 270.4316 278.4878
 [81] 289.5321 278.7181 271.5549 271.9863 280.1624 285.4072 251.1869 262.1974
 [89] 270.8371 259.7160 259.1002 270.1253 270.3658 280.3790 263.5702 268.8495
 [97] 273.9774 268.1016 281.1809 264.3654


$movCicly
$movCicly[[1]]
  [1] 250.5189 183.4867 198.7094 227.6559 213.7341 216.0930 211.8525 222.0152
  [9] 207.7158 216.6557 218.2373 234.9616 234.7894 233.5017 232.3911 241.7919
 [17] 234.9109 240.0988 243.7257 237.5530 247.5660 243.0660 236.6517 234.4850
 [25] 241.8993 235.7350 240.7683 239.5863 239.0282 240.2282 243.1718 248.6282
 [33] 247.5718 247.0718 239.8528 246.2922 247.4028 244.6187 244.0521 241.7439
 [41] 240.9711 235.5809 237.8854 239.8854 240.3854 238.9687 241.6830 240.0521
 [49] 242.9664 242.2837 242.2837 247.7361 247.6504 246.1989 240.6989 244.8496
 [57] 247.1496 243.0329 241.9496 245.3638 243.1638 244.6638 245.3305 245.5305
 [65] 238.8305 241.1703 236.8869 237.0869 237.0869 234.8869 234.8869 236.1703
 [73] 235.8210 237.0646 236.5646 238.7986 233.7986 238.2986 238.2986 240.9986
 [81] 240.4986 238.7986 239.6153 243.8986 240.6986 246.8129 241.2296 239.4226
 [89] 239.9560 241.7226 244.1129 242.4462 237.6393 240.0296 243.0296 240.0296
 [97] 240.5296 243.5296 245.4568 242.0296


$buildId
$buildId[[1]]
  [1] -459.9084 -695.5091 -729.5117 -647.7652 -625.6025 -625.5372 -707.5086
  [8] -622.1380 -626.4993 -664.3938 -634.1911 -618.9269 -661.5054 -685.8348
 [15] -638.9038 -638.6800 -593.4713 -616.5451 -641.9261 -641.9023 -633.2432
 [22] -618.1935 -627.8816 -629.1673 -628.3840 -640.0245 -650.8549 -654.4168
 [29] -664.1160 -668.6493 -672.5065 -659.7287 -668.8665 -667.6443 -655.8610
 [36] -657.1467 -669.8610 -670.5277 -672.3277 -681.0634 -683.6665 -660.6665
 [43] -680.3427 -681.3110 -681.1523 -685.2634 -687.5594 -689.3427 -682.7499
 [50] -673.5594 -676.2261 -673.8832 -670.9094 -674.9689 -678.3023 -672.6356
 [57] -665.6832 -664.3499 -663.6832 -670.2332 -668.9475 -666.6142 -665.6142
 [64] -668.8372 -665.8372 -673.8689 -665.6467 -666.1705 -662.5038 -666.8372
 [71] -672.8372 -666.8372 -660.3610 -663.6943 -657.3610 -650.1705 -657.8372
 [78] -664.8205 -666.6300 -658.6300 -663.6300 -665.2967 -659.1634 -658.8300
 [85] -656.2110 -657.1470 -660.0136 -639.0136 -634.3470 -638.1470 -659.1470
 [92] -656.8136 -639.8136 -656.3374 -661.4327 -661.4327 -657.8136 -658.4327
 [99] -658.1470 -656.6708


$buildNRec
$buildNRec[[1]]
  [1] -271.5159 -424.1114 -345.0163 -320.4842 -250.5033 -306.6475 -387.6610
  [8] -337.4777 -381.2414 -413.9056 -370.9277 -380.5610 -397.0642 -419.1864
 [15] -385.6452 -363.5594 -327.1237 -382.0737 -374.1904 -374.4126 -366.3487
 [22] -371.4452 -369.2237 -361.2237 -359.8737 -355.2094 -370.0223 -369.1937
 [29] -352.8834 -360.7834 -369.9168 -363.6390 -375.6594 -378.6372 -360.6206
 [36] -368.4682 -375.4539 -372.5983 -350.3094 -370.3626 -368.2039 -348.7039
 [43] -374.8706 -371.6483 -369.5372 -373.1817 -373.3872 -384.6039 -383.5872
 [50] -370.3428 -383.8428 -365.1761 -365.8261 -360.8872 -368.8872 -362.7428
 [57] -358.9094 -358.9428 -361.7428 -368.3928 -368.3452 -366.3452 -367.3452
 [64] -368.6539 -371.6539 -372.0761 -368.3206 -371.6539 -369.6539 -368.6539
 [71] -366.6539 -367.1872 -367.3206 -374.4539 -373.9872 -375.9872 -377.6539
 [78] -370.0039 -368.3372 -376.6372 -383.6706 -384.3372 -377.3706 -376.5706
 [85] -378.3563 -380.2080 -379.0747 -358.7747 -356.6080 -352.7080 -372.2080
 [92] -373.7080 -354.0080 -374.8414 -371.7223 -374.7223 -379.5080 -376.8890
 [99] -377.8414 -372.1747


$tree
$tree[[1]]
  [1] -597.1608 -530.3663 -510.0127 -339.9682 -309.0794 -266.0771 -267.1922
  [8] -303.7218 -250.6541 -227.1446 -222.6512 -218.7452 -208.8123 -223.5629
 [15] -227.3531 -242.0564 -209.5735 -205.1438 -244.3070 -219.7584 -237.3920
 [22] -238.3111 -236.6942 -226.3114 -226.8611 -237.0960 -235.4148 -233.9274
 [29] -203.2881 -215.3877 -218.1832 -223.0947 -237.8766 -224.3373 -195.7437
 [36] -224.7847 -245.9171 -237.5429 -221.5333 -217.6035 -222.9084 -224.0810
 [43] -236.3360 -236.2943 -227.6148 -232.6880 -237.1901 -229.0307 -232.1998
 [50] -238.2304 -243.5639 -231.7596 -222.7803 -218.2547 -222.6671 -220.5391
 [57] -233.5668 -234.6378 -224.2573 -233.3757 -237.2338 -239.9116 -242.8707
 [64] -230.2156 -236.3837 -244.9095 -228.5149 -247.4690 -248.2010 -245.8107
 [71] -254.3130 -249.9663 -236.5804 -247.8288 -253.1311 -243.3257 -238.2172
 [78] -229.0751 -222.8638 -229.5108 -232.5521 -235.8757 -226.3933 -226.6982
 [85] -227.4733 -235.2889 -229.5891 -236.4623 -233.4704 -242.1252 -241.9081
 [92] -226.7188 -232.7087 -234.0591 -234.7903 -231.3419 -231.0350 -237.6348
 [99] -232.0488 -241.3545


$smallPla
$smallPla[[1]]
  [1] 72.72413 53.34747 52.89725 52.83767 46.19921 42.83278 35.30994 37.79249
  [9] 30.12529 38.82838 35.72813 36.70617 33.08941 30.69658 28.62874 29.06522
 [17] 25.34968 31.38212 33.58470 32.14009 34.36562 32.90843 37.57414 35.18086
 [25] 37.88178 35.26136 34.92585 35.35775 36.06332 36.65919 39.45324 36.68906
 [33] 36.89458 36.66845 33.38371 34.93361 36.27866 33.16547 35.40274 36.41624
 [41] 35.91429 35.75296 36.05780 36.10746 34.16180 34.03212 36.23175 35.25822
 [49] 35.42378 34.12438 34.25965 34.94986 35.08311 33.83291 31.68537 33.97269
 [57] 34.76974 33.88615 34.41287 34.41416 33.95239 34.40732 33.80644 31.63828
 [65] 31.42383 30.84879 30.50559 29.63409 29.51822 29.45543 30.38206 29.84811
 [73] 29.82095 32.37882 32.46561 28.77348 27.95420 31.37212 31.34250 31.33658
 [81] 32.15303 32.30862 29.71268 31.95310 31.28095 32.07689 32.57016 31.92716
 [89] 32.63284 33.06373 33.06373 33.13846 32.31231 32.33090 33.05032 31.84580
 [97] 31.91629 32.67725 32.76413 32.46654


$diffBuild
$diffBuild[[1]]
  [1]   4.9723746  41.3427210  71.7950110  97.4964450 116.1436539  84.6670787
  [7]   6.4607902  75.1304872  54.3251354  11.2524081  24.6584687  45.4494133
 [13]   8.5786341  -5.6837163   8.2714597  23.0520033  26.7362138   6.1498501
 [19]  -4.4510271   6.9831835   6.4498501  27.3968198  29.6468198  15.4831835
 [25]   5.1801532  -5.7633533   1.1468198   2.8134865 -13.2763403 -18.3596737
 [31] -17.7772175   6.7903263   8.3727825  12.1727825  18.7963869  11.9524121
 [37]  13.7471578  -0.9357352  -2.6506475   1.9521790  -1.1681913 -20.4181913
 [43] -25.3415920 -22.9249253 -21.6521981 -28.8415920 -38.7355314 -42.3355314
 [49] -38.0021981 -44.6095762 -38.9732126 -40.9269163 -45.2232126 -42.3725684
 [55] -47.0567790 -50.5102496 -38.8966132 -35.0632799 -32.6398792 -50.1929095
 [61] -51.3132799 -50.8308238 -43.8308238 -43.3308238 -47.5808238 -53.1111268
 [67] -38.4269163 -26.8966132 -16.9624027 -19.0760391 -20.5102496 -18.0760391
 [73] -10.4927057 -26.8141571 -21.6338541 -25.4974904 -29.4974904 -35.2474904
 [79] -38.7777935 -39.9277935 -39.2474904 -35.7777935 -34.0808238 -35.0808238
 [85] -28.9444601 -38.5808238 -30.6641571 -24.7171874 -31.9671874 -22.4671874
 [91] -27.9671874 -32.4671874 -22.0505207 -21.5505207 -21.3005207 -26.3005207
 [97] -34.0505207 -30.0505207 -35.6576636 -20.8838541


$streeFur
$streeFur[[1]]
  [1] -122.6496 -228.4072 -207.9192 -164.6834 -178.7675 -177.3404 -191.0309
  [8] -180.9845 -173.5576 -173.0604 -162.4764 -160.3012 -167.7036 -167.8872
 [15] -169.0347 -172.0918 -162.7489 -162.2394 -168.1972 -172.6644 -166.3977
 [22] -163.4536 -163.7556 -162.2779 -162.7886 -169.9195 -164.2117 -167.1753
 [29] -168.5942 -175.5269 -171.3224 -171.6565 -172.9108 -170.6137 -165.8935
 [36] -172.1982 -170.9249 -164.2120 -167.7948 -171.5693 -172.0028 -169.9609
 [43] -170.9249 -169.4561 -168.4117 -170.8393 -168.6843 -163.2609 -163.1709
 [50] -162.7122 -159.1054 -161.9367 -160.3039 -162.1964 -163.8365 -162.7400
 [57] -162.9388 -161.4643 -160.8269 -164.8275 -166.8020 -165.3313 -166.5999
 [64] -166.8342 -166.4823 -162.2022 -160.8822 -163.2009 -164.3944 -165.0551
 [71] -170.0720 -165.9258 -163.2814 -163.8989 -165.8422 -162.8553 -164.0442
 [78] -166.6165 -163.5479 -160.8153 -158.7260 -161.9209 -167.3429 -162.4775
 [85] -164.9563 -165.7457 -170.4691 -168.0751 -166.3252 -172.4041 -172.6946
 [92] -170.8366 -174.4256 -173.7099 -174.3142 -171.6713 -171.8898 -171.2665
 [99] -167.8034 -171.3432


$basCol
$basCol[[1]]
  [1]  -2.200305 -96.655768 -32.584973 -12.266475 -36.559458 -44.093668
  [7] -41.677371 -46.172107 -46.759489 -44.391068 -34.255643 -32.334590
 [13] -34.225819 -41.378450 -50.426696 -44.141608 -46.188976 -43.074941
 [19] -46.236345 -42.205643 -42.694240 -35.294240 -39.241608 -33.588976
 [25] -34.422310 -37.522310 -39.188976 -37.690731 -38.790731 -36.422310
 [31] -38.022310 -29.522310 -30.505643 -32.172310 -32.984810 -25.751476
 [37] -31.418143 -38.484810 -34.853231 -34.853231 -33.419898 -34.436564
 [43] -39.619898 -40.219898 -38.143456 -37.476790 -36.029421 -38.746088
 [49] -39.146088 -37.746088 -36.746088 -39.229421 -37.729421 -36.331176
 [55] -40.581176 -35.831176 -36.897842 -36.064509 -35.397842 -38.397842
 [61] -38.064509 -36.481176 -34.293676 -33.984152 -33.460342 -35.900819
 [67] -32.043676 -33.514854 -32.031520 -32.031520 -29.514854 -31.448187
 [73] -29.638663 -30.388663 -32.055330 -34.205330 -31.538663 -33.288663
 [79] -30.621996 -27.121996 -30.205330 -24.431520 -26.646433 -26.479766
 [85] -23.813099 -29.503575 -26.968488 -27.218488 -30.072654 -27.479766
 [91] -27.563099 -30.183933 -28.246433 -30.996433 -28.663099 -30.413099
 [97] -28.746433 -27.913099 -30.413099 -31.496433


$ligh
$ligh[[1]]
  [1] 40.00985 34.52668 62.72437 50.38008 40.92036 42.63419 39.94550 37.23948
  [9] 33.68259 34.00066 29.29552 26.69006 26.32273 24.57406 25.07772 26.08681
 [17] 23.59492 27.92219 32.60162 32.81690 29.66044 27.51340 34.71225 33.87567
 [25] 34.53560 31.10456 27.29825 29.54714 26.45442 24.91597 27.38693 25.20440
 [33] 27.57671 28.65707 28.79198 28.75986 28.97943 28.51578 28.67262 28.33535
 [41] 29.71965 28.79979 29.42553 29.17398 27.87974 26.58151 28.33343 27.06123
 [49] 25.93152 27.26575 27.17569 26.16475 27.27042 27.19625 24.83268 25.59358
 [57] 26.03937 25.24145 24.61316 24.58099 26.22505 25.79360 25.33009 25.79146
 [65] 25.09558 24.82998 27.16264 26.84946 27.34298 27.04069 26.20324 27.16221
 [73] 26.08755 25.21300 28.25734 27.89349 27.37681 27.75721 26.38423 25.61232
 [81] 28.22499 26.73704 25.18151 24.71474 24.97714 26.10359 24.53600 23.85854
 [89] 25.76054 24.79276 25.90250 25.61585 24.81283 25.19987 25.37599 25.75028
 [97] 25.40472 25.44709 26.50738 25.02850


$accenCol
$accenCol[[1]]
  [1] -21.007249 -24.156449 -14.974687   8.317476 -18.286471 -19.845243
  [7] -18.471617  -4.203195   5.436649  11.046298  28.847547  36.981319
 [13]  36.885266  26.924301  34.588775  39.544915  34.997547  27.403249
 [19]  23.908512  28.605880  30.450617  39.017284  22.736582  30.722547
 [25]  31.889213  25.122547  22.289213  18.799740  18.099740  22.722547
 [31]  10.289213  21.289213  10.597547   7.097547  10.764213  19.164213
 [37]  11.997547   7.264213  10.141406   2.074740   1.674740   9.574740
 [43]   4.474740   4.274740  15.089276  14.589276  13.536644   7.361644
 [49]   9.961644  16.361644  19.694978  15.711644  16.211644  18.288837
 [55]  19.038837  21.122171  22.722171  27.222171  26.722171  27.888837
 [61]  27.888837  29.138837  33.638837  37.376933  42.638837  47.626933
 [67]  51.388837  49.679564  52.329564  53.329564  52.679564  51.579564
 [73]  50.817660  40.734326  40.067660  47.417660  48.417660  39.667660
 [79]  42.167660  48.334326  41.250993  46.762898  47.969038  45.469038
 [85]  51.969038  48.207133  50.496607  50.496607  46.996607  47.219038
 [91]  46.219038  40.619038  43.119038  41.619038  40.619038  39.869038
 [97]  44.369038  44.869038  41.369038  43.119038


$peop
$peop[[1]]
  [1] -647.1759 -673.8725 -582.6704 -490.6966 -493.1515 -477.7523 -450.2841
  [8] -480.0437 -424.0607 -491.2267 -482.8076 -466.6788 -489.6242 -465.7204
 [15] -445.8762 -393.2275 -433.6162 -443.5113 -449.3423 -448.7478 -459.0819
 [22] -455.6208 -454.0673 -479.3599 -481.2107 -467.5925 -462.3406 -472.0427
 [29] -490.1700 -497.2910 -499.5732 -491.8998 -498.2650 -490.6300 -501.9170
 [36] -495.5699 -487.7507 -500.8919 -512.3523 -502.6192 -506.6233 -532.9331
 [43] -511.8439 -509.0012 -529.6900 -526.2946 -529.0942 -529.6675 -523.6239
 [50] -532.7921 -530.7430 -525.9121 -531.3814 -548.8238 -548.5048 -552.0618
 [57] -544.1362 -547.9532 -551.8274 -552.8594 -546.0879 -543.3218 -541.9295
 [64] -540.3614 -548.6415 -536.5651 -540.2312 -528.1308 -533.0420 -540.8325
 [71] -546.7855 -536.0796 -535.7124 -541.6453 -540.0977 -532.0281 -542.3186
 [78] -540.4113 -546.4907 -544.9069 -540.7745 -548.4637 -542.7603 -539.5702
 [85] -546.2241 -536.5089 -540.0549 -538.6000 -539.1926 -548.8197 -547.5424
 [92] -545.4073 -552.4004 -543.2480 -541.6100 -544.0365 -545.8263 -540.6266
 [99] -543.7615 -545.7869


$graff
$graff[[1]]
  [1] -49 -45 -34 -28 -39 -45 -44 -40 -38 -34 -35 -35 -34 -33 -31 -35 -34 -36
 [19] -36 -36 -34 -33 -32 -35 -35 -35 -35 -33 -32 -33 -34 -34 -35 -36 -34 -35
 [37] -35 -34 -34 -36 -35 -34 -36 -36 -35 -35 -36 -35 -35 -36 -35 -35 -36 -36
 [55] -35 -35 -32 -31 -31 -32 -32 -31 -31 -32 -29 -31 -30 -30 -30 -30 -30 -30
 [73] -31 -31 -31 -31 -31 -32 -33 -32 -33 -32 -33 -33 -32 -35 -35 -36 -35 -35
 [91] -34 -35 -36 -34 -36 -36 -35 -35 -35 -35


$buildDiffAges
$buildDiffAges[[1]]
  [1] -31 -47 -53 -66 -62 -73 -76 -69 -73 -75 -71 -67 -70 -65 -64 -68 -69 -67
 [19] -65 -63 -62 -62 -64 -65 -66 -66 -61 -59 -59 -58 -57 -61 -64 -65 -65 -66
 [37] -60 -61 -63 -65 -65 -63 -62 -63 -60 -63 -61 -61 -63 -66 -63 -62 -64 -62
 [55] -62 -62 -63 -63 -61 -60 -59 -59 -60 -61 -58 -56 -58 -60 -59 -57 -58 -58
 [73] -58 -58 -59 -58 -60 -61 -60 -59 -59 -59 -61 -60 -59 -60 -59 -61 -61 -62
 [91] -61 -61 -62 -61 -62 -62 -61 -61 -60 -61


$streetWid
$streetWid[[1]]
  [1] -1988.6627 -1332.5938 -1336.9455  -763.7771  -905.4513  -905.2172
  [7] -1026.5344  -946.6531  -926.4449  -940.5645  -852.0018  -733.2720
 [13]  -759.5869  -709.0935  -687.7299  -735.9393  -683.7153  -706.1510
 [19]  -780.5184  -783.1614  -657.0769  -668.2712  -710.6436  -707.6891
 [25]  -691.4145  -746.4214  -725.9174  -724.8806  -650.0321  -653.0821
 [31]  -704.4708  -626.4271  -665.6471  -665.4742  -609.1575  -651.8540
 [37]  -680.4637  -723.5909  -652.8742  -707.4318  -710.5020  -703.2914
 [43]  -749.1952  -743.5285  -724.0952  -729.1952  -678.7785  -705.9496
 [49]  -727.8934  -721.1163  -716.3496  -704.5768  -673.2434  -664.3768
 [55]  -729.0434  -678.0434  -666.1706  -669.5873  -670.4206  -724.3873
 [61]  -691.8040  -727.4706  -708.9373  -702.8540  -710.9373  -696.1373
 [67]  -635.4873  -678.3706  -637.1601  -624.0768  -685.2873  -632.1601
 [73]  -613.8268  -696.0268  -705.3601  -699.0706  -712.5706  -724.7278
 [79]  -697.8373  -700.5873  -718.2540  -735.8373  -757.1944  -733.1111
 [85]  -679.1944  -695.8683  -710.6683  -696.8349  -688.3849  -732.4516
 [91]  -732.7849  -751.0411  -765.4077  -782.5744  -800.2411  -793.0744
 [97]  -765.9077  -782.0744  -787.3507  -758.1839


$sidewalkWid
$sidewalkWid[[1]]
  [1] -237.67979 -154.66538 -143.79719  -88.56113 -101.95287  -87.17022
  [7]  -70.40907  -86.99069  -94.97245  -96.89636  -86.16668 -101.45296
 [13] -103.36895 -118.85951 -114.31712 -118.56437 -117.50070 -116.34569
 [19] -115.12907 -114.11996 -116.20597 -116.30209 -113.00846 -105.44074
 [25] -107.08939 -110.93901 -107.73056 -112.00094 -109.24321 -104.91683
 [31] -104.35729 -104.54334  -99.91687  -92.38701 -104.66896  -98.58243
 [37] -100.58720 -101.26888 -108.26335 -102.85680 -107.84188 -106.76348
 [43] -104.98691  -98.02857 -104.85762 -100.93262 -104.94095 -107.58920
 [49] -110.36332 -106.40587 -106.08920 -111.86247 -108.13747 -107.02080
 [55] -112.23747 -115.02156 -124.62068 -122.62068 -125.30402 -124.17068
 [61] -127.85616 -120.47283 -120.97283 -116.62265 -120.18932 -125.51432
 [67] -129.48856 -127.55599 -125.82353 -126.67353 -125.73932 -125.23262
 [73] -124.13338 -117.10762 -114.61671 -120.47417 -122.55750 -126.87596
 [79] -123.59858 -120.99858 -121.68192 -121.48192 -125.03430 -123.53430
 [85] -120.61763 -119.28906 -119.78906 -116.86406 -116.16406 -118.86406
 [91] -120.15573 -116.65660 -119.56494 -122.64827 -120.08994 -121.18994
 [97] -120.82327 -121.26494 -123.66757 -119.04513


$debris
$debris[[1]]
  [1] 0.12128579 0.05196025 0.07337002 0.07098839 0.06078328 0.06214900
  [7] 0.04849064 0.05541093 0.05572033 0.06357729 0.05949782 0.06137415
 [13] 0.06028585 0.06151291 0.06588534 0.05927058 0.06274028 0.05972932
 [19] 0.05178755 0.04845878 0.04980248 0.05279159 0.04507336 0.03978921
 [25] 0.03911837 0.03390783 0.04148556 0.04244178 0.04339067 0.03646414
 [31] 0.03814817 0.03706827 0.04392731 0.04208711 0.05072328 0.04660518
 [37] 0.04662709 0.04880684 0.04402494 0.04295811 0.04248464 0.04194601
 [43] 0.03881771 0.03780313 0.04236828 0.04134966 0.03644017 0.04026833
 [49] 0.04074292 0.03922280 0.04343975 0.04485967 0.04314739 0.04360642
 [55] 0.04559982 0.04907464 0.05221978 0.05321578 0.05594201 0.05135124
 [61] 0.05082613 0.05255518 0.05028145 0.05269379 0.05635491 0.05148339
 [67] 0.05462868 0.05260277 0.05144645 0.05024967 0.04837259 0.05041260
 [73] 0.05318725 0.05243095 0.05364924 0.06155668 0.06251559 0.05478546
 [79] 0.05669137 0.05861900 0.06089977 0.05972499 0.05625764 0.05733222
 [85] 0.05678316 0.05386744 0.05360826 0.05187164 0.05600549 0.05255348
 [91] 0.05458829 0.05535455 0.05018213 0.05337149 0.05036697 0.05145350
 [97] 0.05224710 0.05387486 0.05524001 0.05287139


$pavement
$pavement[[1]]
  [1] 0.03626080 0.05803784 0.08602667 0.10216032 0.10939117 0.11193021
  [7] 0.12310853 0.12309897 0.12064641 0.13685365 0.13584123 0.14451695
 [13] 0.14572306 0.15104420 0.13670082 0.12334982 0.12378804 0.12643185
 [19] 0.12104246 0.12228383 0.12331930 0.12752301 0.12319949 0.12318999
 [25] 0.12326885 0.12195112 0.13152585 0.13304274 0.13042841 0.13064051
 [31] 0.13160128 0.12807153 0.13116334 0.13147378 0.13277546 0.13313745
 [37] 0.12919591 0.12300377 0.12071957 0.12214518 0.11512460 0.12335929
 [43] 0.12265393 0.12247367 0.12608810 0.12961765 0.12352443 0.12242825
 [49] 0.11852876 0.12356565 0.12743911 0.12340823 0.12528829 0.12311981
 [55] 0.12308031 0.12659243 0.12245462 0.12296720 0.12587882 0.12219142
 [61] 0.12190702 0.12212448 0.11852498 0.12379461 0.13007543 0.12663464
 [67] 0.12710685 0.12621915 0.12815200 0.12784759 0.12774590 0.13131864
 [73] 0.12827369 0.13253459 0.13287381 0.13412208 0.13343112 0.12732834
 [79] 0.13007267 0.13531979 0.13416966 0.13299817 0.12505070 0.12991618
 [85] 0.13127664 0.13148027 0.13047708 0.12649863 0.13168769 0.12958934
 [91] 0.13106618 0.13215692 0.12796568 0.12826258 0.12714370 0.12711720
 [97] 0.12988428 0.13149348 0.13413489 0.12860244


$landscape
$landscape[[1]]
  [1] -0.05769534 -0.09204423 -0.05687719 -0.05948250 -0.06186013 -0.06312485
  [7] -0.06854210 -0.08125702 -0.07257413 -0.05135291 -0.05497370 -0.05455696
 [13] -0.04664243 -0.05108112 -0.05295735 -0.06312582 -0.05895209 -0.05885565
 [19] -0.06063634 -0.06014034 -0.06436072 -0.06514811 -0.07184895 -0.06785325
 [25] -0.06975287 -0.06864179 -0.06395716 -0.06117791 -0.06180997 -0.06152420
 [31] -0.06383462 -0.06301046 -0.06867232 -0.06870017 -0.06695394 -0.06458476
 [37] -0.07010835 -0.07313811 -0.07593531 -0.07395835 -0.07806648 -0.07339256
 [43] -0.07751169 -0.07643089 -0.07448797 -0.07050468 -0.07809991 -0.07554767
 [49] -0.08067722 -0.07587222 -0.07353696 -0.07159700 -0.07243190 -0.07250019
 [55] -0.07521898 -0.06759346 -0.07130432 -0.07053416 -0.06803805 -0.07025170
 [61] -0.07331147 -0.06989603 -0.07112522 -0.06442741 -0.06303656 -0.06269947
 [67] -0.06579513 -0.06563315 -0.06646967 -0.06639526 -0.06746658 -0.06445689
 [73] -0.06025498 -0.06090516 -0.06073198 -0.05764235 -0.05735497 -0.06568565
 [79] -0.06162976 -0.05763666 -0.06222810 -0.06323293 -0.06592888 -0.06225289
 [85] -0.06378721 -0.06190020 -0.06153571 -0.06578390 -0.06252981 -0.06918718
 [91] -0.06798652 -0.06626211 -0.07114898 -0.07069684 -0.07114457 -0.07070376
 [97] -0.06693499 -0.06648422 -0.06278571 -0.06874080


$propStreetWall
$propStreetWall[[1]]
  [1] 0.02589049 0.02028769 0.02554295 0.02675808 0.02599569 0.02428498
  [7] 0.03115496 0.02668304 0.02744916 0.03272961 0.03363269 0.03143770
 [13] 0.03468934 0.03660646 0.03581363 0.03323936 0.03320396 0.03272626
 [19] 0.03257148 0.03415708 0.03162416 0.03098342 0.03197024 0.03297916
 [25] 0.03091051 0.03438370 0.03366217 0.03476539 0.03483713 0.03458522
 [31] 0.03304634 0.03185043 0.03105237 0.03097964 0.03093303 0.03215859
 [37] 0.03154459 0.03096665 0.03292427 0.03246739 0.03202010 0.03162826
 [43] 0.03104005 0.03155846 0.03132990 0.03324127 0.03030599 0.03031889
 [49] 0.02976939 0.03060114 0.03063726 0.03181397 0.03111553 0.03162523
 [55] 0.03175787 0.03312637 0.03223060 0.03221076 0.03242554 0.03328310
 [61] 0.03263822 0.03348628 0.03377877 0.03593156 0.03634490 0.03652235
 [67] 0.03598084 0.03569207 0.03550062 0.03515525 0.03544401 0.03541201
 [73] 0.03603894 0.03493613 0.03526679 0.03623207 0.03750259 0.03596144
 [79] 0.03609187 0.03647308 0.03615567 0.03546668 0.03630735 0.03670703
 [85] 0.03557120 0.03593834 0.03624726 0.03583189 0.03541742 0.03565697
 [91] 0.03582652 0.03577393 0.03583723 0.03587698 0.03590180 0.03611094
 [97] 0.03616817 0.03576615 0.03593042 0.03499675


$propWind
$propWind[[1]]
  [1]  3.445485e-03  1.850040e-03  2.088124e-03  4.253973e-03  6.061445e-03
  [6]  3.635056e-03  2.171555e-03  5.934183e-03  4.357740e-03  1.878305e-03
 [11]  2.461024e-03  3.435420e-03  9.674261e-04  3.354414e-04  7.325595e-04
 [16]  1.957176e-03  2.195468e-03  2.142067e-03  1.229334e-03  1.176884e-03
 [21]  3.776335e-04  1.689480e-03  1.069157e-03  7.432113e-04  1.164092e-03
 [26]  1.170492e-06  8.612075e-06 -4.314986e-04 -6.103402e-04 -7.147229e-04
 [31] -3.937956e-04  1.763502e-03  1.794607e-03  2.444994e-03  2.035733e-03
 [36]  3.005865e-03  3.666538e-03  2.610757e-03  1.604144e-03  1.547131e-03
 [41]  2.056664e-03  1.711453e-03  1.888536e-03  1.902961e-03  2.283627e-03
 [46]  2.568611e-04  8.352709e-04  3.594287e-04  9.521910e-04  1.438222e-03
 [51]  1.781392e-03  1.957059e-03  1.982636e-03  2.040957e-03  1.224857e-03
 [56]  1.215202e-03  1.917377e-03  2.293603e-03  1.535859e-03  1.096725e-03
 [61]  1.883212e-03  1.907848e-03  1.600397e-03  1.270389e-03  2.432133e-04
 [66]  2.426178e-04  5.445686e-04  7.259344e-04  9.538688e-04  9.219878e-04
 [71]  5.935192e-04  6.705289e-04  7.432915e-04  9.384812e-04  1.101761e-03
 [76]  1.071262e-03  3.308595e-04  9.143960e-04  6.301734e-04  4.114455e-04
 [81]  6.281774e-04  1.026407e-03  1.180383e-03  7.881503e-04  1.191395e-03
 [86]  1.023992e-03  9.765748e-04  1.169037e-03  1.498449e-03  1.462301e-03
 [91]  1.258706e-03  1.872414e-03  1.629767e-03  1.540329e-03  1.571969e-03
 [96]  1.398193e-03  1.421384e-03  2.001449e-03  1.890749e-03  2.164225e-03


$longSight
$longSight[[1]]
  [1]  -76.11061 -152.22208  -10.10325  -25.60758  -51.88139  -46.80260
  [7]  -52.81926  -48.93745  -48.72078  -43.45411  -40.85563  -37.89048
 [13]  -45.20714  -53.56580  -36.29762  -35.63095  -42.67944  -39.09762
 [19]  -33.79762  -36.46429  -37.59459  -34.51277  -44.21277  -47.61277
 [25]  -42.76429  -49.61277  -56.96126  -56.25260  -55.95823  -53.45823
 [31]  -58.24307  -50.99156  -49.32792  -48.74307  -49.40974  -46.10974
 [37]  -46.34307  -50.80974  -48.07641  -53.84307  -53.00974  -55.37641
 [43]  -56.52792  -57.29459  -57.79459  -52.96126  -55.27944  -53.82792
 [49]  -49.37944  -54.57944  -54.07944  -48.66126  -51.54610  -57.87078
 [55]  -56.27078  -55.03745  -51.70411  -53.20411  -53.60411  -49.38896
 [61]  -51.32229  -49.83745  -50.30411  -46.63745  -47.53745  -49.17078
 [67]  -44.83745  -37.83745  -37.93745  -41.93745  -47.83745  -42.93745
 [73]  -42.43745  -47.03745  -46.03745  -41.93745  -41.87078  -52.53745
 [79]  -54.03745  -51.03745  -47.03745  -50.03745  -46.03745  -46.53745
 [85]  -48.37078  -45.87078  -44.87078  -45.53745  -45.73745  -51.53745
 [91]  -49.87078  -48.17078  -54.13745  -47.97078  -49.30411  -49.80411
 [97]  -48.47078  -46.30411  -45.63745  -49.97078


$propSkyAhead
$propSkyAhead[[1]]
  [1]  3.806370e-02 -1.222359e-02 -1.754010e-02 -6.940449e-03 -2.039215e-02
  [6] -1.475556e-02 -1.103827e-02 -7.888172e-03 -7.327148e-03 -4.149696e-03
 [11] -7.365245e-03 -7.867656e-03 -6.800531e-03 -9.644567e-03 -8.729488e-03
 [16] -7.029169e-03 -7.780925e-03 -6.512382e-03 -5.934374e-03 -4.802928e-03
 [21] -5.984345e-03 -3.407304e-03 -4.732451e-03 -6.572290e-03 -4.807447e-03
 [26] -2.226862e-03 -6.060181e-03 -6.417565e-03 -4.204122e-03 -5.878669e-03
 [31] -5.044209e-03 -4.881285e-03 -6.837078e-03 -5.511704e-03 -9.284291e-03
 [36] -5.988452e-03 -7.182135e-03 -5.495713e-03 -5.236295e-03 -4.141688e-03
 [41] -2.936272e-03 -3.462960e-03 -4.918668e-03 -5.605468e-03 -5.433180e-03
 [46] -6.439940e-03 -5.786634e-03 -5.920635e-03 -4.646198e-03 -3.087605e-03
 [51] -4.651183e-03 -4.038090e-03 -3.099718e-03 -1.649332e-03 -9.400173e-04
 [56] -2.234344e-03  2.383480e-04  9.814478e-04 -2.707353e-05  9.796436e-05
 [61] -6.351533e-04  1.957700e-03  2.365883e-03  1.028652e-03 -2.404812e-04
 [66] -9.915182e-04 -1.756521e-03 -3.765512e-03 -4.946486e-03 -5.070467e-03
 [71] -4.228082e-03 -6.812254e-03 -6.645963e-03 -3.802477e-03 -2.918927e-03
 [76] -2.096142e-03 -2.614140e-03  1.002142e-03 -1.437807e-03 -3.028960e-03
 [81] -1.439819e-03 -1.625375e-03  4.019444e-04 -1.351355e-03 -1.270010e-03
 [86] -1.382359e-03 -2.112906e-03 -1.307387e-04 -4.454847e-05  1.268916e-03
 [91]  5.257203e-04  4.839928e-04  1.666161e-03  7.067271e-04  1.956774e-04
 [96]  4.086332e-04  4.966636e-04  1.426552e-04 -8.108858e-04  3.209000e-05


$propSkyAcross
$propSkyAcross[[1]]
  [1] -0.004694885 -0.033148514 -0.049427950 -0.047533602 -0.049526272
  [6] -0.046306918 -0.047989870 -0.043894054 -0.043940450 -0.046245784
 [11] -0.047286443 -0.049663255 -0.047975261 -0.051962494 -0.051011758
 [16] -0.051778019 -0.050074786 -0.049727529 -0.052647756 -0.048142693
 [21] -0.050669998 -0.050828575 -0.049515156 -0.048550554 -0.047360797
 [26] -0.049218871 -0.050960058 -0.053560872 -0.050501002 -0.049350720
 [31] -0.049781693 -0.046301900 -0.048616911 -0.049717453 -0.049273962
 [36] -0.049449247 -0.050492114 -0.049653606 -0.050037150 -0.049060053
 [41] -0.046770215 -0.046672518 -0.047457595 -0.048195582 -0.046273666
 [46] -0.047934992 -0.045505027 -0.046710782 -0.047541256 -0.046782250
 [51] -0.047032512 -0.047463579 -0.046458599 -0.044901210 -0.044383938
 [56] -0.044995874 -0.044662094 -0.044091465 -0.044937528 -0.045713016
 [61] -0.045644883 -0.044066571 -0.044138965 -0.045063961 -0.045857694
 [66] -0.044412262 -0.044624288 -0.045538559 -0.045822779 -0.045143952
 [71] -0.045327067 -0.045693194 -0.045183233 -0.044970740 -0.044488282
 [76] -0.043182439 -0.043651652 -0.042543032 -0.043638960 -0.044178465
 [81] -0.042794278 -0.042033547 -0.041431207 -0.043124371 -0.041826088
 [86] -0.042762382 -0.043594558 -0.042737089 -0.042597952 -0.041587242
 [91] -0.041330166 -0.042649236 -0.041550665 -0.043063203 -0.042622116
 [96] -0.042562155 -0.042335264 -0.042538368 -0.043694498 -0.044516916


$buildHeight
$buildHeight[[1]]
  [1] 3751.171 3501.062 4241.835 2977.587 2953.673 2755.007 2627.799 3019.482
  [9] 2679.103 2671.422 2493.702 2666.756 2401.538 2312.111 2437.438 2316.043
 [17] 2540.016 2475.292 2491.623 2462.211 2376.028 2492.483 2455.420 2398.652
 [25] 2408.122 2290.703 2398.126 2521.804 2550.667 2460.247 2451.508 2531.912
 [33] 2578.560 2474.761 2521.494 2557.610 2619.815 2643.737 2549.955 2549.303
 [41] 2424.122 2443.199 2399.112 2418.980 2474.272 2429.336 2357.108 2378.674
 [49] 2396.531 2417.486 2445.453 2590.125 2586.773 2603.377 2592.025 2558.895
 [57] 2572.539 2479.218 2460.747 2460.633 2485.808 2450.882 2444.257 2595.031
 [65] 2575.304 2577.510 2590.253 2539.747 2539.898 2514.784 2584.556 2639.947
 [73] 2662.743 2678.884 2811.954 2858.798 2805.337 2714.141 2716.122 2745.746
 [81] 2676.711 2525.555 2526.086 2669.940 2648.050 2662.951 2650.451 2537.626
 [89] 2553.081 2497.246 2499.632 2551.293 2496.213 2537.918 2527.348 2530.365
 [97] 2529.525 2535.881 2538.531 2527.879


$propActiveUse
$propActiveUse[[1]]
  [1] 0.01436128 0.02339959 0.03915968 0.04667068 0.04643730 0.04666497
  [7] 0.04431670 0.04262793 0.04344242 0.04396487 0.04370298 0.04270866
 [13] 0.04258872 0.04450790 0.04421919 0.04417801 0.04655950 0.04548115
 [19] 0.04492232 0.04510575 0.04486335 0.04486494 0.04465246 0.04492406
 [25] 0.04389086 0.04371649 0.04376792 0.04354964 0.04525001 0.04450421
 [31] 0.04422300 0.04473159 0.04532161 0.04574209 0.04828762 0.04734635
 [37] 0.04741327 0.04811530 0.04691934 0.04775011 0.04792330 0.04721410
 [43] 0.04672870 0.04659525 0.04790594 0.04762692 0.04774086 0.04695499
 [49] 0.04658963 0.04683495 0.04707767 0.04668197 0.04696319 0.04653303
 [55] 0.04553108 0.04693281 0.04629884 0.04646717 0.04642188 0.04529098
 [61] 0.04451886 0.04592958 0.04630204 0.04646195 0.04576865 0.04524482
 [67] 0.04498330 0.04394054 0.04362536 0.04348999 0.04309751 0.04361094
 [73] 0.04430320 0.04420407 0.04404598 0.04418122 0.04437840 0.04565385
 [79] 0.04582801 0.04488962 0.04556162 0.04514863 0.04488781 0.04532139
 [85] 0.04487676 0.04411650 0.04426200 0.04469494 0.04490195 0.04444653
 [91] 0.04489097 0.04496774 0.04484610 0.04482023 0.04500768 0.04524587
 [97] 0.04438407 0.04437953 0.04467134 0.04418287


$movCarsN
$movCarsN[[1]]
[1] 8804.795


$parkCarsN
$parkCarsN[[1]]
[1] 22685.4


$movCiclyN
$movCiclyN[[1]]
[1] 2662.119


$buildIdN
$buildIdN[[1]]
[1] 10307.54


$buildNRecN
$buildNRecN[[1]]
[1] 10367.03


$treeN
$treeN[[1]]
[1] 15689.15


$smallPlaN
$smallPlaN[[1]]
[1] 1082.459


$diffBuildN
$diffBuildN[[1]]
[1] 12321.84


$streeFurN
$streeFurN[[1]]
[1] 5874.541


$basColN
$basColN[[1]]
[1] 5094.668


$lighN
$lighN[[1]]
[1] 2027.028


$accenColN
$accenColN[[1]]
[1] 5897.676


$peopN
$peopN[[1]]
[1] 13611.43


$graffN
$graffN[[1]]
[1] 980


$buildDiffAgesN
$buildDiffAgesN[[1]]
[1] 1760


$streetWidN
$streetWidN[[1]]
[1] 49113.32


$sidewalkWidN
$sidewalkWidN[[1]]
[1] 6440.035


$debrisN
$debrisN[[1]]
[1] 0.8693527


$pavementN
$pavementN[[1]]
[1] 0.9498509


$landscapeN
$landscapeN[[1]]
[1] 0.9430477


$propStreetWallN
$propStreetWallN[[1]]
[1] 0.2187537


$propWindN
$propWindN[[1]]
[1] 0.12055


$longSightN
$longSightN[[1]]
[1] 4914.278


$propSkyAheadN
$propSkyAheadN[[1]]
[1] 0.3589732


$propSkyAcrossN
$propSkyAcrossN[[1]]
[1] 0.324826


$buildHeightN
$buildHeightN[[1]]
[1] 68135.4


$propActiveUseN
$propActiveUseN[[1]]
[1] 0.224616


feature realS lowerS higherS normS normS2
propActiveUse 0.0447123947763409 0.0439107099692167 0.0455140795834652 0.19906152943095 0.200000003480608
propStreetWall 0.0331339716956743 0.0325184106667306 0.033749532724618 0.151467021306544 0.152053133051405
propSkyAcross -0.0457488495974231 -0.0467915737172943 -0.0447061254775519 -0.140841094743256 -0.140899734311803
pavement 0.125257770490589 0.122531581001234 0.127983959979943 0.131870981556954 0.133842532364756
movCicly 238.042176695952 235.986724378814 240.097629013089 0.0894182955336704 0.090268990495613
landscape -0.0664911119077724 -0.0679052228691105 -0.0650770009464343 -0.0705066285128811 -0.0703343940373323
buildId -657.711103592316 -663.365927685707 -652.056279498925 -0.0638087231864057 -0.0642252660380301
debris 0.0516721747692421 0.0495723412976796 0.0537720082408046 0.0594375262599607 0.0597179264993903
peop -517.729350501802 -526.051131400685 -509.407569602919 -0.0380363710796976 -0.0391149319451351
buildHeight 2588.4836343991 2536.46256480667 2640.50470399152 0.03799029109879 0.0372460153023333
buildNRec -367.748233082707 -372.101284438493 -363.39518172692 -0.0354728778600865 -0.0357076903021912
buildDiffAges -61.81 -62.8533737266312 -60.7666262733688 -0.0351193181818182 -0.0346590909090909
graff -34.24 -34.880089587034 -33.599910412966 -0.0349387755102041 -0.0352040816326531
smallPla 34.5517032640046 33.3808411847493 35.7225653432598 0.0319196343289301 0.0311287206990486
streeFur -167.996247664581 -169.985232819294 -166.007262509867 -0.0285973378420169 -0.0283782585759782
sidewalkWid -114.699558316304 -118.15444958831 -111.244667044299 -0.0178103935486341 -0.0180517699769096
tree -244.384784589551 -255.67086811117 -233.098701067932 -0.0155766732587427 -0.0148986461280418
streetWid -747.637086349974 -780.928598212863 -714.345574487084 -0.0152226949963409 -0.0144680262016682
ligh 28.4976539588348 27.3908909525103 29.6044169651594 0.0140588339812748 0.0133451329847254
propWind 0.00151809666749719 0.00129168644680532 0.00174450688818906 0.0125930899715878 0.0118606679049532
parkCars 270.732761071302 263.769281247569 277.696240895035 0.011934229516597 0.0121953847151892
propSkyAhead -0.00358587665664296 -0.00473227195157596 -0.00243948136170995 -0.00998926084244276 -0.0113933001966858
longSight -49.0266385281386 -51.5982171350231 -46.455059921254 -0.00997636624263652 -0.00993844026803252
movCars 78.8094975347969 74.0843208756886 83.5346741939053 0.0089507477765291 0.00811221285406783
basCol -34.8852764844805 -36.7041413242538 -33.0664116447071 -0.00684740965756719 -0.00672755550392445
accenCol 26.9614311740891 23.1519769835207 30.7708853646575 0.00457153483759253 0.00478957455582038
diffBuild -11.5105805521709 -18.1682383410651 -4.8529227632767 -0.000934160590043192 -0.00175235040772495
feature value norm
imageability -1578.0739636613 -0.040072304571621
humanScale -1346.87307618046 -0.0129782663658872
enclosure -1012.55085550883 -0.014113431028998
complexity -762.709249176313 -0.00700645154760394
coherence -726.961789517939 -0.0212156583467356
linkage -717.854227343315 -0.0114249067543435
legibility -706.737742120454 -0.0464292528003884
tidiness -202.125808831229 -0.0294759888796994
transparency -114.699558316304 -0.0178103935486341
     feature     value         norm
1 complexity -762.7092 -0.007006452
         feature      realS     lowerS     higherS         normS       normS2
1        movCars   78.80950   74.08432   83.534674  0.0089507478  0.008112213
2       parkCars  270.73276  263.76928  277.696241  0.0119342295  0.012195385
3       movCicly  238.04218  235.98672  240.097629  0.0894182955  0.090268990
4      buildNRec -367.74823 -372.10128 -363.395182 -0.0354728779 -0.035707690
5           tree -244.38478 -255.67087 -233.098701 -0.0155766733 -0.014898646
6       smallPla   34.55170   33.38084   35.722565  0.0319196343  0.031128721
7      diffBuild  -11.51058  -18.16824   -4.852923 -0.0009341606 -0.001752350
8       streeFur -167.99625 -169.98523 -166.007263 -0.0285973378 -0.028378259
9         basCol  -34.88528  -36.70414  -33.066412 -0.0068474097 -0.006727556
10          ligh   28.49765   27.39089   29.604417  0.0140588340  0.013345133
11      accenCol   26.96143   23.15198   30.770885  0.0045715348  0.004789575
12          peop -517.72935 -526.05113 -509.407570 -0.0380363711 -0.039114932
13         graff  -34.24000  -34.88009  -33.599910 -0.0349387755 -0.035204082
14 buildDiffAges  -61.81000  -62.85337  -60.766626 -0.0351193182 -0.034659091
     feature     value        norm
1 humanScale -1346.873 -0.01297827
       feature      realS     lowerS    higherS        normS       normS2
1      movCars   78.80950   74.08432   83.53467  0.008950748  0.008112213
2     movCicly  238.04218  235.98672  240.09763  0.089418296  0.090268990
3         tree -244.38478 -255.67087 -233.09870 -0.015576673 -0.014898646
4     smallPla   34.55170   33.38084   35.72257  0.031919634  0.031128721
5     streeFur -167.99625 -169.98523 -166.00726 -0.028597338 -0.028378259
6         ligh   28.49765   27.39089   29.60442  0.014058834  0.013345133
7         peop -517.72935 -526.05113 -509.40757 -0.038036371 -0.039114932
8    streetWid -747.63709 -780.92860 -714.34557 -0.015222695 -0.014468026
9  buildHeight 2588.48363 2536.46256 2640.50470  0.037990291  0.037246015
10   longSight  -49.02664  -51.59822  -46.45506 -0.009976366 -0.009938440
       feature     value       norm
1 imageability -1578.074 -0.0400723
    feature      realS     lowerS    higherS       normS       normS2
1   buildId -657.71110 -663.36593 -652.05628 -0.06380872 -0.064225266
2 buildNRec -367.74823 -372.10128 -363.39518 -0.03547288 -0.035707690
3    basCol  -34.88528  -36.70414  -33.06641 -0.00684741 -0.006727556
4      peop -517.72935 -526.05113 -509.40757 -0.03803637 -0.039114932
    feature     value        norm
1 enclosure -1012.551 -0.01411343
      feature      realS     lowerS    higherS        normS      normS2
1        tree -244.38478 -255.67087 -233.09870 -0.015576673 -0.01489865
2        ligh   28.49765   27.39089   29.60442  0.014058834  0.01334513
3   streetWid -747.63709 -780.92860 -714.34557 -0.015222695 -0.01446803
4 buildHeight 2588.48363 2536.46256 2640.50470  0.037990291  0.03724602
5   longSight  -49.02664  -51.59822  -46.45506 -0.009976366 -0.00993844
    feature     value        norm
1 coherence -726.9618 -0.02121566
        feature      realS     lowerS    higherS        normS       normS2
1      streeFur -167.99625 -169.98523 -166.00726 -0.028597338 -0.028378259
2        basCol  -34.88528  -36.70414  -33.06641 -0.006847410 -0.006727556
3          ligh   28.49765   27.39089   29.60442  0.014058834  0.013345133
4      accenCol   26.96143   23.15198   30.77089  0.004571535  0.004789575
5          peop -517.72935 -526.05113 -509.40757 -0.038036371 -0.039114932
6 buildDiffAges  -61.81000  -62.85337  -60.76663 -0.035119318 -0.034659091
7   buildHeight 2588.48363 2536.46256 2640.50470  0.037990291  0.037246015
  feature     value        norm
1 linkage -717.8542 -0.01142491
    feature      realS     lowerS    higherS        normS       normS2
1   movCars   78.80950   74.08432   83.53467  0.008950748  0.008112213
2 streetWid -747.63709 -780.92860 -714.34557 -0.015222695 -0.014468026
3 longSight  -49.02664  -51.59822  -46.45506 -0.009976366 -0.009938440
     feature     value        norm
1 legibility -706.7377 -0.04642925
    feature      realS     lowerS    higherS        normS      normS2
1   buildId -657.71110 -663.36593 -652.05628 -0.063808723 -0.06422527
2 longSight  -49.02664  -51.59822  -46.45506 -0.009976366 -0.00993844
       feature     value        norm
1 transparency -114.6996 -0.01781039
      feature     realS    lowerS   higherS       normS      normS2
1 sidewalkWid -114.6996 -118.1544 -111.2447 -0.01781039 -0.01805177
2 buildHeight 2588.4836 2536.4626 2640.5047  0.03799029  0.03724602
   feature     value        norm
1 tidiness -202.1258 -0.02947599
    feature         realS        lowerS       higherS       normS      normS2
1  streeFur -167.99624766 -169.98523282 -166.00726251 -0.02859734 -0.02837826
2     graff  -34.24000000  -34.88008959  -33.59991041 -0.03493878 -0.03520408
3    debris    0.05167217    0.04957234    0.05377201  0.05943753  0.05971793
4  pavement    0.12525777    0.12253158    0.12798396  0.13187098  0.13384253
5 landscape   -0.06649111   -0.06790522   -0.06507700 -0.07050663 -0.07033439
[1] "################### Low x High income - Safety"
[1] 0.2011076
[1] ">>>> Kendall Distance  0.201107649705781"
$movCars
$movCars[[1]]
  [1] -284.2713 -327.0974 -336.6997 -332.2562 -343.4441 -370.3870 -431.1192
  [8] -467.7566 -470.0505 -512.8603 -505.7142 -480.1522 -464.7060 -461.8495
 [15] -480.8137 -503.9554 -489.7787 -486.0281 -481.1031 -480.7115 -478.1583
 [22] -476.8522 -473.7205 -471.9742 -481.3056 -491.4319 -476.6077 -479.5902
 [29] -494.3728 -493.2957 -501.4513 -500.7868 -499.8034 -500.2584 -500.1936
 [36] -503.2110 -498.6148 -486.6872 -489.6820 -494.9475 -491.9820 -489.9820
 [43] -494.0031 -496.9123 -498.5661 -500.6100 -497.2736 -493.1145 -495.2665
 [50] -494.1155 -493.1897 -498.3290 -491.9299 -489.3820 -491.7323 -496.1732
 [57] -496.6860 -495.4575 -496.7014 -491.4230 -494.4377 -493.4377 -497.4377
 [64] -496.2588 -488.3080 -492.3330 -493.5769 -496.0833 -485.3458 -482.5897
 [71] -482.6325 -483.3611 -494.9442 -488.8272 -490.5336 -485.4583 -487.0207
 [78] -488.4593 -494.9970 -498.6917 -496.0261 -494.9765 -496.8098 -493.8098
 [85] -484.1418 -484.6707 -485.2204 -481.2204 -483.1659 -495.9932 -498.4932
 [92] -497.3762 -496.3540 -500.3762 -496.7915 -505.7915 -501.2081 -506.5863
 [99] -508.4012 -498.6697


$parkCars
$parkCars[[1]]
  [1]  -972.9991 -1145.0678 -1125.1962  -854.6849  -814.4797  -736.8503
  [7]  -766.1082  -838.9417  -835.9238  -905.5081  -812.6917  -780.2304
 [13]  -757.1416  -807.0075  -789.2481  -806.6865  -863.6051  -832.6575
 [19]  -836.1162  -791.9742  -791.2481  -801.4147  -817.9377  -774.0939
 [25]  -771.9201  -798.4822  -768.3799  -769.6265  -772.7996  -769.7492
 [31]  -794.0282  -846.4707  -802.3388  -825.7793  -816.1292  -793.0123
 [37]  -766.6030  -778.1642  -752.2478  -756.5114  -764.5593  -742.8701
 [43]  -777.2479  -785.7833  -784.9444  -784.1030  -760.0878  -763.2756
 [49]  -768.1133  -784.3488  -765.3603  -766.0661  -783.3912  -796.6040
 [55]  -789.2973  -785.5804  -791.2679  -797.0723  -806.9940  -818.4794
 [61]  -815.6668  -806.5133  -804.4618  -808.0686  -808.9737  -808.6688
 [67]  -820.7759  -853.5637  -830.8217  -819.4609  -826.0082  -852.5962
 [73]  -871.4557  -874.2231  -873.2117  -884.7624  -889.7377  -891.8614
 [79]  -886.6184  -836.4420  -827.4273  -848.9790  -832.7151  -834.6408
 [85]  -863.4629  -835.1568  -855.6573  -824.4590  -836.9463  -823.0324
 [91]  -812.0370  -837.0325  -825.8225  -812.9815  -808.1915  -814.5914
 [97]  -822.0883  -817.3883  -814.4231  -810.5623


$movCicly
$movCicly[[1]]
  [1] -55.47724 -49.51694 -86.16062 -62.69939 -41.00956 -49.62903 -35.36268
  [8] -38.08432 -38.86175 -47.01646 -51.64748 -62.80688 -58.44120 -56.74428
 [15] -58.98731 -60.93484 -59.14433 -58.17897 -57.49967 -51.24139 -51.03267
 [22] -51.16296 -48.48366 -48.35436 -47.55759 -53.04138 -37.91509 -38.82937
 [29] -40.74366 -41.64688 -53.04688 -51.21593 -51.85749 -53.45799 -56.26860
 [36] -59.55431 -52.51920 -47.59455 -47.09455 -45.46072 -49.98849 -48.32183
 [43] -46.18799 -44.29775 -44.61513 -44.50986 -43.73154 -40.69487 -44.08108
 [50] -43.99654 -47.89846 -44.66442 -45.74775 -42.82154 -44.77104 -47.11392
 [57] -45.35751 -45.27179 -47.66203 -49.05228 -49.33273 -53.53273 -50.53273
 [64] -59.04773 -57.52201 -55.48511 -56.87536 -60.21729 -55.72870 -57.11895
 [71] -56.48298 -60.09420 -58.43446 -58.60753 -55.69325 -54.36632 -55.34396
 [78] -55.79133 -56.65087 -51.50799 -54.70536 -55.30465 -52.63798 -53.63798
 [85] -58.62894 -56.99419 -57.39490 -55.39490 -55.51227 -59.19251 -58.19251
 [92] -61.42656 -59.42656 -59.42656 -58.34322 -56.34322 -52.67656 -51.67656
 [99] -51.86357 -49.67656


$buildId
$buildId[[1]]
  [1] -173.95535 -296.71249 -350.48546 -190.48814 -297.01140 -158.80163
  [7] -185.75485 -159.38338 -188.91249 -212.08367 -182.12389 -151.31040
 [13] -124.29612  -91.70986  -61.97627  -32.81834  -96.58977  -58.24056
 [19]  -56.05881  -72.29373  -50.70698  -61.51675  -70.54348  -73.47444
 [25]  -64.50221  -64.74983  -83.97494  -83.67494  -93.73208  -93.20827
 [31]  -88.95827  -62.70272  -70.99795  -48.91462  -37.34319  -28.89319
 [37]  -37.94081  -62.51224  -65.98843  -72.98843  -68.27414  -52.27414
 [43]  -42.94081  -40.46462  -43.79795  -46.79795  -54.68129  -47.01462
 [49]  -37.89795  -55.61725  -49.28392  -47.95058  -23.47439  -55.80773
 [55]  -33.47439  -24.14106  -18.14106  -24.59106  -23.92439  -26.59106
 [61]  -31.04106  -25.37439  -31.32176  -28.10510  -18.67627  -20.81913
 [67]  -42.87469  -43.87469  -18.81913  -15.81913  -15.81913  -19.65510
 [73]  -41.87469  -43.20802  -47.94850  -42.28183  -45.47732  -48.47732
 [79]  -71.28684  -72.28684  -71.23421  -67.56754  -67.56754  -67.56754
 [85]  -70.42469  -58.56754  -66.95351  -69.90088  -46.23421  -43.96992
 [91]  -43.96992  -49.30326  -48.30326  -50.30326  -48.24770  -70.30326
 [97]  -76.73684  -75.68922  -81.32970  -77.07018


$buildNRec
$buildNRec[[1]]
  [1] -603.2525 -571.0985 -590.6760 -607.0495 -673.4846 -485.4543 -595.1212
  [8] -536.5185 -579.8589 -624.9706 -607.2768 -562.3879 -533.1466 -541.0206
 [15] -525.1799 -511.6601 -561.3625 -525.2673 -524.7228 -548.9307 -529.0909
 [22] -535.9839 -545.5988 -569.3425 -562.6647 -562.7338 -593.1785 -595.2619
 [29] -594.1563 -587.5452 -563.8119 -556.7952 -556.8484 -529.5817 -521.9849
 [36] -502.1904 -519.9206 -563.1841 -564.2674 -568.6008 -564.0650 -543.6206
 [43] -537.2873 -539.3150 -532.5150 -533.6817 -543.4650 -541.6650 -519.7039
 [50] -539.2946 -537.6279 -540.4279 -523.7612 -547.1279 -533.5946 -525.4835
 [57] -516.1723 -514.7223 -510.7223 -524.8335 -526.1835 -513.7390 -523.8150
 [64] -508.8873 -505.3188 -512.6522 -531.3188 -527.7633 -510.9855 -511.9855
 [71] -508.5188 -512.0706 -532.8522 -525.0966 -531.7466 -534.7799 -534.1484
 [78] -534.1484 -548.0150 -544.1817 -544.6133 -548.9466 -549.9466 -548.6133
 [85] -544.2799 -536.8355 -538.8706 -546.9466 -521.7466 -518.0331 -517.0331
 [92] -512.8109 -515.8109 -513.4776 -514.0109 -532.2109 -543.1095 -539.1571
 [99] -542.8484 -539.9761


$tree
$tree[[1]]
  [1] 192.33661 231.23853 174.84409 224.35977 206.15438 208.87706 118.12616
  [8] 117.72492  89.38671  60.05952  68.23403 102.01312  90.90988 113.00152
 [15]  86.41184 125.57792 112.61145 124.49543 118.31225 102.68685 115.06837
 [22] 103.65118  83.81178  64.67651  57.40318  88.94320  56.88065  60.41070
 [29]  63.92798  47.72741  62.51962  67.65864  70.11150  55.25567  69.19797
 [36]  66.85950  61.05057  72.92719  58.96104  61.18601  66.11961  45.77461
 [43]  66.05410  54.51875  56.80544  52.92840  45.13696  44.68501  33.06796
 [50]  39.12198  46.20385  39.43461  36.01903  39.86995  39.62635  65.89026
 [57]  66.01308  60.11647  66.78173  53.71376  72.69357  75.08214  50.68823
 [64]  73.64719  60.24316  54.22528  45.99883  62.72807  55.47306  55.37148
 [71]  43.89963  59.15496  51.19510  56.63433  44.66953  48.85459  48.67877
 [78]  45.69301  58.18571  36.78437  41.35953  32.27848  30.72705  33.80886
 [85]  39.10693  24.99479  32.16008  24.77468  32.22065  38.73459  36.34699
 [92]  53.35302  40.13072  42.52521  43.37347  38.41456  32.82312  38.89510
 [99]  31.27884  34.52068


$smallPla
$smallPla[[1]]
  [1] -31.89276 -25.11643 -18.49596 -26.25656 -25.31064 -18.58590 -22.09555
  [8] -28.02951 -28.74543 -27.10226 -29.68369 -30.26536 -24.26825 -26.97634
 [15] -24.68059 -27.36553 -28.10626 -28.85857 -25.64857 -25.62787 -27.45643
 [22] -26.28305 -25.93010 -26.69135 -25.81225 -26.23139 -27.25021 -26.57444
 [29] -25.00365 -25.55192 -25.27316 -26.72506 -26.16783 -30.01213 -28.53654
 [36] -28.14605 -28.04346 -27.35393 -28.69125 -30.29738 -30.82340 -31.93468
 [43] -32.00488 -31.96710 -32.08584 -33.01527 -31.90146 -33.56067 -32.39920
 [50] -33.38379 -33.06244 -32.64940 -33.32361 -33.94331 -33.32961 -30.75789
 [57] -31.61017 -31.10031 -30.33677 -30.84095 -30.81350 -31.64842 -31.49164
 [64] -31.78153 -31.81647 -31.81774 -31.76500 -30.79383 -31.82621 -31.75816
 [71] -32.57896 -32.63739 -32.89821 -31.21603 -31.09353 -31.88467 -31.88619
 [78] -31.90864 -31.85614 -31.67507 -32.07057 -32.26617 -32.10119 -32.32330
 [85] -32.26665 -33.13830 -33.08133 -32.81104 -32.96684 -33.26230 -33.02525
 [92] -32.42331 -32.18625 -32.17130 -32.13302 -32.07027 -31.04795 -31.80192
 [99] -31.96662 -31.66889


$diffBuild
$diffBuild[[1]]
  [1] 168.06963 316.52399 143.17258  63.47736   9.02387  82.79621  77.10343
  [8]  15.18098  63.51337  58.17765  79.29325  72.14083  50.67978  48.25665
 [15]  55.81750  62.92033  30.17033  38.97120  55.88225  51.14151  54.17855
 [22]  74.52764  78.98504  80.61467  65.82976  59.25683  68.12329  73.28996
 [29]  80.00965  73.50292  51.37174  55.14669  45.38493  58.84234  63.47655
 [36]  54.17285  66.09039  73.60706  76.95336  71.17002  64.33669  79.75336
 [43]  66.78366  67.90380  67.15380  52.20380  50.23713  57.78713  59.73713
 [50]  53.65380  50.11676  55.43342  58.05009  49.48342  41.05009  52.55467
 [57]  58.95467  60.18713  68.99083  58.39083  62.82504  61.54171  61.37417
 [64]  63.47504  66.97504  57.04083  56.29083  55.72787  63.47787  59.51120
 [71]  59.81120  54.42787  55.50194  57.51861  54.15107  57.15194  54.00477
 [78]  49.46773  52.79912  52.73528  46.73528  47.83810  56.42144  50.71773
 [85]  60.43898  70.38898  68.20565  60.35194  66.78898  65.13898  67.13898
 [92]  70.23986  68.38898  61.51861  61.18528  61.43528  66.68528  74.11949
 [99]  66.29760  78.61949


$streeFur
$streeFur[[1]]
  [1] 74.975528 24.104244 46.219532 33.208638 26.598320 32.909960 22.015604
  [8]  3.538663  5.828129 10.384149 16.207102 29.523655  2.728462  5.612198
 [15]  8.822443 20.173318 13.371634  5.206205 11.217654 15.009286  7.769565
 [22] 19.837312 10.067203  2.916840 -0.270111  1.721331  5.772632  8.537333
 [29]  8.753363  9.461798  2.843746 -2.248301  3.846189  6.355870  9.536109
 [36]  5.195341 12.123602 10.111599 12.261096  7.038030 12.748805 13.492021
 [43] 19.202110 15.477183 20.114675 23.390105 21.536413 18.846315 19.069061
 [50] 18.831319 15.220477 17.220638 18.728157 17.261864 14.107817 19.960253
 [57] 25.101881 22.867184 21.020166 22.160524 22.468925 22.459314 19.798379
 [64] 26.280928 22.202710 24.856111 22.263223 27.276044 28.474372 27.742745
 [71] 28.660400 30.791144 31.133721 26.259291 30.999140 30.761878 29.269576
 [78] 31.817728 31.553360 29.650801 28.933712 26.507239 26.150506 26.977539
 [85] 29.403196 26.751894 25.000646 27.539698 28.653797 31.092514 29.915049
 [92] 29.616130 27.941239 27.612668 33.502459 31.600870 28.792493 33.839203
 [99] 31.356519 28.842598


$basCol
$basCol[[1]]
  [1] 172.30909 145.57254  78.67905 106.48251  93.24872  89.34627 101.78947
  [8]  79.71800  91.83762  83.70731  83.08319  75.94410  81.39068  73.85998
 [15]  80.25404  86.01590  78.56975  79.93295  83.09194  86.68171  84.65795
 [22]  85.41855  97.54421 100.77930 101.12754  96.86087  97.06889  97.40222
 [29]  91.21889  95.05222  92.36626  98.61626  96.50222 100.51209  97.81472
 [36] 106.95257 101.66075  97.73422 100.42469  96.40088  96.88005 101.05088
 [43]  99.73422  99.50803  95.34136  92.49136  91.31755  96.46755 100.30386
 [50]  94.31370  91.34672  98.85624  92.27291  90.50624  91.97053  92.21338
 [57]  96.38005  91.35624  94.00624  90.25624  87.73957  89.30624  88.87291
 [64]  89.30624  93.61874  93.86874  92.78541  92.59096  93.20207  92.21874
 [71]  95.04823  94.03541  95.00763  94.09096  90.59096  93.09096  95.27846
 [78]  93.62462  95.77846  96.20795  95.02045  95.52045  96.18414  96.18414
 [85]  96.60081 100.68414  98.93414  99.01747  98.51747  96.85081  97.85081
 [92]  98.10081  97.60081  97.60081  96.35081  93.68414  93.89545  95.22878
 [99]  96.56212  94.39545


$ligh
$ligh[[1]]
  [1] -15.612053  15.423102  22.470805  -3.576846   6.920118  11.609127
  [7]  11.726687  12.743852  15.351159  12.325783   8.811006  17.487397
 [13]  27.177970  17.995767  19.715207  17.907350  18.638147  18.851133
 [19]  17.214825  15.519706  19.667725  19.195431  20.758788  20.768443
 [25]  21.861352  18.459886  21.077999  20.271921  17.999344  18.244702
 [31]  19.863306  16.061397  19.124968  17.784116  17.382687  18.248376
 [37]  22.141020  18.398299  20.199865  18.541563  17.826431  18.240023
 [43]  17.242301  16.649555  15.570783  16.539610  19.166560  19.240040
 [49]  20.160788  20.007794  19.383812  18.570535  19.500416  17.039249
 [55]  16.437096  17.339896  16.486494  14.963732  16.611144  14.939634
 [61]  14.613819  15.358064  12.251606  12.091831  12.904997  12.350148
 [67]  11.558015  10.144844  11.922503  13.683669  11.788203  10.101644
 [73]   9.366711  11.109934  11.247666  10.206206   9.926175   9.848531
 [79]  12.431891  12.596574  12.497315  12.997638  13.399248  12.368111
 [85]  13.263445  14.737286  15.212965  14.369901  16.194787  13.517174
 [91]  13.522654  13.858561  12.756456  12.157808  12.094608  11.975629
 [97]  11.962182  13.198254  12.055686  15.131820


$accenCol
$accenCol[[1]]
  [1] 431.8644 423.8658 347.9892 385.3514 325.5778 329.1706 364.9416 347.1288
  [9] 358.3538 365.1391 369.9676 349.3223 345.5108 346.7468 366.7916 368.1634
 [17] 360.4493 373.4528 369.8738 371.6440 369.7800 370.4159 372.9273 382.5015
 [25] 383.2023 382.1440 374.0466 373.7132 370.5299 372.6549 373.5689 384.2606
 [33] 382.0799 389.1939 390.1216 392.5392 384.9001 380.9528 382.0480 385.0361
 [41] 388.2861 390.9361 391.0778 389.1730 384.1730 377.7230 376.3694 379.2944
 [49] 387.5980 378.2335 380.4028 388.3409 382.0909 375.8909 381.2480 385.5194
 [57] 389.5194 386.7575 384.3909 384.0575 379.9575 381.3575 384.6575 386.5242
 [65] 391.2575 392.0075 390.0075 388.6742 391.0075 390.2075 392.9883 390.4242
 [73] 388.2159 384.9242 383.2992 387.7992 387.7992 386.5300 387.8825 384.1133
 [81] 383.6133 381.1133 383.8514 383.8514 381.0181 387.7264 381.4764 387.0597
 [89] 382.0597 383.3931 385.3931 382.1431 384.1431 385.6431 386.8931 384.8931
 [97] 381.9883 383.3216 385.1550 384.1550


$peop
$peop[[1]]
  [1]  -63.98713 -105.58716 -163.33093 -205.49230 -226.10267 -390.41846
  [7] -324.35146 -333.24987 -305.60306 -287.22237 -248.18687 -276.60302
 [13] -296.58550 -283.62051 -288.35465 -280.78798 -301.07267 -337.76834
 [19] -323.12064 -315.44134 -329.36920 -285.63515 -277.98450 -278.99235
 [25] -294.08054 -314.81349 -266.98178 -261.26800 -285.19126 -290.69607
 [31] -314.83144 -309.46086 -321.63251 -301.43702 -300.68425 -312.31753
 [37] -301.93581 -295.38493 -282.00589 -304.30415 -287.04588 -267.60875
 [43] -295.62593 -292.22869 -291.85763 -292.75131 -292.89424 -276.39679
 [49] -274.27687 -268.70934 -270.77120 -271.47557 -264.27832 -264.53471
 [55] -299.65111 -302.29606 -289.81831 -292.04148 -288.36186 -286.35464
 [61] -301.75421 -305.16094 -292.92768 -312.92019 -304.88728 -296.41611
 [67] -292.71150 -283.10335 -286.33822 -291.38266 -286.18732 -285.46000
 [73] -274.00778 -284.45532 -280.73435 -286.80486 -280.00925 -282.87399
 [79] -280.44622 -275.38849 -272.00063 -259.36311 -254.32563 -264.70445
 [85] -262.19683 -251.30898 -247.73298 -261.91812 -245.33526 -257.85978
 [91] -258.11123 -264.63186 -261.73256 -272.67821 -272.22505 -270.88163
 [97] -266.13973 -262.96055 -269.61987 -260.92264


$graff
$graff[[1]]
  [1]   1 -16   6 -19 -21 -21 -23 -27 -18 -22 -18 -19 -19 -19 -19 -20 -19 -18
 [19] -19 -17 -16 -15 -14 -12 -14 -15 -17 -17 -17 -16 -17 -16 -16 -16 -17 -18
 [37] -18 -19 -16 -16 -19 -18 -19 -18 -17 -19 -20 -20 -18 -20 -20 -20 -20 -21
 [55] -20 -21 -21 -21 -21 -21 -21 -21 -20 -18 -18 -19 -19 -19 -19 -19 -19 -19
 [73] -19 -19 -19 -18 -18 -19 -19 -18 -17 -17 -18 -18 -18 -18 -19 -18 -18 -18
 [91] -18 -18 -18 -18 -18 -18 -19 -19 -18 -19


$buildDiffAges
$buildDiffAges[[1]]
  [1]  -77 -142 -125 -118 -120 -118 -118 -127 -121 -123 -116 -118 -120 -121 -123
 [16] -127 -127 -122 -120 -116 -121 -119 -117 -114 -115 -115 -117 -118 -114 -113
 [31] -115 -118 -114 -116 -120 -122 -120 -119 -117 -116 -118 -116 -117 -118 -119
 [46] -119 -120 -119 -119 -118 -116 -115 -114 -116 -118 -120 -120 -118 -118 -118
 [61] -119 -118 -117 -116 -114 -117 -116 -119 -119 -118 -117 -115 -118 -118 -119
 [76] -119 -121 -121 -121 -120 -119 -120 -120 -119 -119 -120 -120 -119 -120 -119
 [91] -119 -120 -119 -118 -117 -116 -119 -119 -116 -120


$streetWid
$streetWid[[1]]
  [1] 1888.974 2082.515 1254.854 1908.114 2045.301 2032.356 1952.689 1832.781
  [9] 1559.277 1601.111 1636.750 1709.868 1768.053 1694.611 1663.509 1694.514
 [17] 1624.793 1669.783 1676.293 1650.597 1642.666 1640.021 1645.147 1561.446
 [25] 1588.002 1655.150 1561.608 1585.852 1548.496 1573.640 1490.060 1546.722
 [33] 1531.564 1596.514 1668.137 1588.693 1675.412 1720.802 1684.758 1672.341
 [41] 1707.283 1687.345 1683.250 1626.038 1644.552 1608.836 1630.455 1633.182
 [49] 1596.348 1620.348 1613.795 1622.147 1639.837 1622.118 1633.206 1701.993
 [57] 1712.387 1654.220 1636.040 1627.237 1717.448 1708.118 1644.769 1702.478
 [65] 1633.348 1624.438 1575.538 1603.574 1628.471 1626.289 1627.878 1641.051
 [73] 1583.306 1602.169 1527.736 1586.203 1557.346 1563.152 1612.512 1577.235
 [81] 1579.099 1541.266 1554.732 1552.566 1576.649 1590.732 1578.375 1588.629
 [89] 1601.379 1593.102 1595.769 1646.585 1588.652 1588.352 1607.485 1588.596
 [97] 1592.103 1646.503 1603.677 1643.460


$sidewalkWid
$sidewalkWid[[1]]
  [1] 139.17084 116.50000  88.91902 133.37647 154.89809 118.99278 112.93974
  [8] 119.66569 111.39115 121.01029 117.38463 144.43226 155.81969 144.03016
 [15] 159.20398 136.02769 147.11634 152.56679 167.41513 148.08885 140.07301
 [22] 115.55461 137.40722 115.80408 123.95947 119.09614 116.65715 114.55902
 [29] 109.58969 114.28166 109.00890 109.92485 108.89371 107.41347 108.37568
 [36] 103.64310 100.32703 109.61719 105.53298 104.42570 107.50013 110.32444
 [43] 111.81400 109.90582 109.53263 103.43658 114.91448 112.23665 108.53665
 [50] 118.52893 118.30778 120.65870 118.73632 122.75574 118.61281 123.66005
 [57] 119.79478 121.96144 120.73525 121.13228 123.82307 125.93335 122.64783
 [64] 128.38400 122.14732 117.92708 112.99375 116.33615 115.22708 113.66150
 [71] 122.28112 125.76021 120.57543 120.98370 112.72537 112.87537 114.81993
 [78] 114.86563 110.66159 110.22472 108.02518 105.65629 108.96538 107.80843
 [85] 108.75561 108.45213 112.58621 109.67785 111.29857 109.85635 110.51544
 [92] 111.56051 113.45294 111.87175 113.52175 111.17730 109.77181 110.57181
 [99] 108.25251 110.61214


$debris
$debris[[1]]
  [1] 0.09835170 0.12029229 0.10785836 0.09994432 0.10192053 0.13997007
  [7] 0.12118813 0.11419572 0.11402658 0.11296746 0.10668127 0.10471144
 [13] 0.11627947 0.11673219 0.12172390 0.11271543 0.11666139 0.11738549
 [19] 0.11783116 0.10820158 0.11639465 0.11621764 0.10882104 0.10657341
 [25] 0.10550991 0.10771944 0.10121442 0.09826298 0.10248188 0.10482739
 [31] 0.10387553 0.10287184 0.10687872 0.10288331 0.10790481 0.09974286
 [37] 0.10314245 0.10060636 0.10155844 0.10240613 0.10282243 0.10140664
 [43] 0.09980152 0.09831529 0.09840678 0.10237491 0.10227679 0.09845339
 [49] 0.10167940 0.10262653 0.10141395 0.10075144 0.10265371 0.10182145
 [55] 0.10131052 0.10258007 0.09889150 0.09929126 0.09877650 0.10271305
 [61] 0.10301475 0.10319109 0.10356963 0.10383905 0.10542654 0.10461754
 [67] 0.10284242 0.10125155 0.10386906 0.10400560 0.10559639 0.10140227
 [73] 0.09773159 0.10158793 0.09855280 0.10299630 0.10264761 0.10266328
 [79] 0.10436807 0.10273080 0.10245645 0.10277614 0.10164079 0.10114101
 [85] 0.10221362 0.10313864 0.10221493 0.10392161 0.10391427 0.10215018
 [91] 0.10131133 0.10128654 0.10085709 0.09968231 0.10401911 0.10242211
 [97] 0.10295284 0.10303828 0.10242144 0.10182739


$pavement
$pavement[[1]]
  [1] 0.2326939 0.2378319 0.2236126 0.2376327 0.2362342 0.2504388 0.2432103
  [8] 0.2402021 0.2451710 0.2527007 0.2458011 0.2509507 0.2597511 0.2553282
 [15] 0.2609610 0.2630297 0.2561569 0.2553376 0.2616946 0.2526356 0.2552848
 [22] 0.2487175 0.2508640 0.2564569 0.2558128 0.2581559 0.2556681 0.2549248
 [29] 0.2530129 0.2575198 0.2526630 0.2557512 0.2551553 0.2530394 0.2546857
 [36] 0.2515717 0.2597893 0.2591264 0.2601572 0.2630580 0.2589506 0.2577376
 [43] 0.2545497 0.2513872 0.2518253 0.2496316 0.2544533 0.2507042 0.2541193
 [50] 0.2528647 0.2518210 0.2555983 0.2513491 0.2511488 0.2551026 0.2576686
 [57] 0.2542431 0.2521669 0.2532301 0.2537964 0.2550923 0.2536739 0.2560192
 [64] 0.2522416 0.2552316 0.2556431 0.2561061 0.2495222 0.2500728 0.2497338
 [71] 0.2507836 0.2495501 0.2483608 0.2521266 0.2442746 0.2481259 0.2451056
 [78] 0.2438541 0.2489661 0.2471843 0.2488287 0.2473119 0.2453928 0.2454905
 [85] 0.2445586 0.2487699 0.2462504 0.2491182 0.2466531 0.2487912 0.2476548
 [92] 0.2473065 0.2461949 0.2461520 0.2482903 0.2486426 0.2494168 0.2490374
 [99] 0.2507144 0.2484104


$landscape
$landscape[[1]]
  [1] 0.1735419 0.1751962 0.1670013 0.1618563 0.1638963 0.1631338 0.1652532
  [8] 0.1612732 0.1632365 0.1646346 0.1616203 0.1643864 0.1681654 0.1659386
 [15] 0.1732601 0.1719076 0.1705395 0.1698012 0.1734600 0.1644574 0.1688381
 [22] 0.1620317 0.1666940 0.1655205 0.1670428 0.1707918 0.1621420 0.1654350
 [29] 0.1629090 0.1603406 0.1637980 0.1679556 0.1671859 0.1659520 0.1670068
 [36] 0.1643409 0.1600549 0.1636623 0.1626036 0.1657419 0.1636909 0.1613969
 [43] 0.1601909 0.1612237 0.1627035 0.1590082 0.1574781 0.1547162 0.1527082
 [50] 0.1532886 0.1513773 0.1522169 0.1524723 0.1519260 0.1546921 0.1537319
 [57] 0.1549704 0.1539082 0.1551822 0.1558787 0.1569413 0.1579795 0.1556182
 [64] 0.1573178 0.1570914 0.1559803 0.1565896 0.1548792 0.1559402 0.1561169
 [71] 0.1563621 0.1550171 0.1506671 0.1519604 0.1489422 0.1522011 0.1533829
 [78] 0.1522122 0.1536577 0.1499072 0.1503153 0.1506005 0.1492665 0.1496595
 [85] 0.1499844 0.1496378 0.1503740 0.1504670 0.1499039 0.1503930 0.1492213
 [92] 0.1497076 0.1484861 0.1490160 0.1495030 0.1485079 0.1482653 0.1466084
 [99] 0.1488531 0.1476226


$propStreetWall
$propStreetWall[[1]]
  [1] 0.02637452 0.03988704 0.03076693 0.02649260 0.02824182 0.03208083
  [7] 0.03302295 0.03177418 0.03527118 0.03402936 0.03394434 0.03410447
 [13] 0.03332368 0.03365373 0.03260737 0.03598528 0.03447460 0.03323250
 [19] 0.03374093 0.03313394 0.03368988 0.03298019 0.03384878 0.03340018
 [25] 0.03426965 0.03468336 0.03284361 0.03456603 0.03336961 0.03376930
 [31] 0.03368679 0.03593320 0.03539230 0.03338980 0.03391880 0.03378092
 [37] 0.03274345 0.03170729 0.03250273 0.03317068 0.03180171 0.03067855
 [43] 0.03191410 0.03144865 0.03084137 0.03060853 0.02948320 0.03097647
 [49] 0.03061303 0.03040000 0.02985326 0.03118119 0.03047215 0.03001079
 [55] 0.02943986 0.02941893 0.03039774 0.03087188 0.03224813 0.03015648
 [61] 0.03036760 0.02987104 0.03060612 0.03048741 0.03118800 0.03038551
 [67] 0.03046443 0.03063555 0.03031482 0.02965536 0.03022793 0.03020445
 [73] 0.03124227 0.03105164 0.03056111 0.03066940 0.03041788 0.03048116
 [79] 0.03085615 0.03026808 0.03018287 0.03051244 0.03067839 0.03060788
 [85] 0.03011712 0.03045976 0.03024216 0.02980606 0.03013011 0.03142715
 [91] 0.03130769 0.03131801 0.03083440 0.03114190 0.03079535 0.03108096
 [97] 0.03044070 0.03056587 0.03154114 0.03077909


$propWind
$propWind[[1]]
  [1] 0.0005845985 0.0040155754 0.0002312289 0.0046782264 0.0031843536
  [6] 0.0041097305 0.0019379536 0.0007723612 0.0017514643 0.0027572087
 [11] 0.0031686626 0.0036230873 0.0041894897 0.0045187860 0.0033939003
 [16] 0.0027637740 0.0020815368 0.0040914196 0.0043299401 0.0044162434
 [21] 0.0043611355 0.0047170100 0.0038460965 0.0050090102 0.0046456322
 [26] 0.0040940255 0.0053987535 0.0045683059 0.0047459108 0.0054216932
 [31] 0.0043877128 0.0032160937 0.0037406611 0.0036500538 0.0044807530
 [36] 0.0045666439 0.0053167354 0.0064603823 0.0064451746 0.0057065761
 [41] 0.0061345877 0.0066050190 0.0059320493 0.0059295574 0.0057199112
 [46] 0.0060145931 0.0063844853 0.0065592961 0.0069956382 0.0067216238
 [51] 0.0071384100 0.0065977060 0.0064536049 0.0063381893 0.0061475332
 [56] 0.0065040150 0.0067263220 0.0062725091 0.0057029646 0.0064616371
 [61] 0.0059129232 0.0058935276 0.0060478279 0.0057909845 0.0065458049
 [66] 0.0065422031 0.0067253044 0.0063817523 0.0066368816 0.0069720652
 [71] 0.0067516715 0.0062717724 0.0059027095 0.0058750187 0.0059407629
 [76] 0.0061687727 0.0058841559 0.0060404969 0.0064663268 0.0059313366
 [81] 0.0058852239 0.0056721667 0.0057725940 0.0060681781 0.0060572017
 [86] 0.0068049642 0.0063947577 0.0068952673 0.0059210664 0.0054639647
 [91] 0.0055025400 0.0052488470 0.0055401217 0.0055508238 0.0057443446
 [96] 0.0056748069 0.0058832373 0.0058183008 0.0051553892 0.0061422274


$longSight
$longSight[[1]]
  [1] 157.5439 160.4442 199.1844 168.9052 168.8331 153.1721 183.2519 183.2504
  [9] 197.0297 174.1948 174.5963 173.6039 186.8152 193.2009 175.4929 184.8595
 [17] 190.7413 191.7838 190.6918 185.1247 187.4504 194.0580 184.7747 194.5262
 [25] 189.1818 194.1413 194.5944 199.6777 191.9610 187.7000 192.5167 193.9333
 [33] 194.9167 190.5000 193.5152 194.8333 200.3424 199.1091 202.4424 203.6091
 [41] 203.8909 204.1091 204.0576 205.8909 210.7091 206.8909 210.8909 209.2909
 [49] 213.1242 207.1242 204.1242 202.2242 201.7242 201.7242 202.4909 204.4909
 [57] 205.3909 200.3909 198.2242 202.0576 199.6242 196.6242 199.5242 194.6242
 [65] 197.3909 196.7242 198.0576 197.9667 195.7242 196.3909 195.0576 192.3909
 [73] 194.7000 194.2000 198.7000 200.7000 197.0182 196.2000 203.0333 199.3364
 [81] 200.3364 200.3364 198.3364 199.3364 197.1697 198.1697 196.1697 198.1697
 [89] 197.1697 193.6697 191.6697 193.6697 193.1697 192.6697 194.1697 192.3697
 [97] 196.3697 194.3697 191.0364 195.3697


$propSkyAhead
$propSkyAhead[[1]]
  [1] -0.02946710 -0.03214108 -0.01199964 -0.02722634 -0.03349774 -0.02659585
  [7] -0.01972589 -0.01401644 -0.01795335 -0.01978758 -0.02390273 -0.03090546
 [13] -0.02781038 -0.02721478 -0.02526091 -0.02485249 -0.02340268 -0.01772321
 [19] -0.01947888 -0.01800068 -0.01742754 -0.01921312 -0.01956103 -0.01784513
 [25] -0.02043115 -0.01906553 -0.02166000 -0.02231760 -0.02053991 -0.01965898
 [31] -0.01938704 -0.01886038 -0.01792710 -0.01738008 -0.01797348 -0.01739871
 [37] -0.01768647 -0.02193462 -0.02365859 -0.02173076 -0.02286212 -0.02385161
 [43] -0.02310812 -0.02185145 -0.02222807 -0.02197755 -0.02226811 -0.02416951
 [49] -0.02366794 -0.02704759 -0.02598926 -0.02496348 -0.02574129 -0.02747202
 [55] -0.02476445 -0.02346852 -0.02451554 -0.02412088 -0.02338272 -0.02339428
 [61] -0.02293312 -0.02172307 -0.02201442 -0.02170016 -0.02194006 -0.02110042
 [67] -0.02195060 -0.01989187 -0.01909888 -0.02007211 -0.02025876 -0.02176734
 [73] -0.02121347 -0.01975704 -0.02046868 -0.02086464 -0.02084025 -0.02153382
 [79] -0.02183246 -0.02019921 -0.02038326 -0.01993751 -0.01938195 -0.01967255
 [85] -0.02084919 -0.01970439 -0.02149876 -0.02036660 -0.02044720 -0.02020514
 [91] -0.01946982 -0.02016244 -0.01992884 -0.01986320 -0.01986868 -0.02060677
 [97] -0.02095011 -0.02068405 -0.02058063 -0.02071959


$propSkyAcross
$propSkyAcross[[1]]
  [1] -0.0072484317 -0.0029505614  0.0067578884  0.0008708489 -0.0048079132
  [6]  0.0017057194  0.0125546350  0.0165571060  0.0135335373  0.0107007735
 [11]  0.0062892674  0.0015539334  0.0064766336  0.0048647022  0.0084629768
 [16]  0.0095401858  0.0081102010  0.0117626663  0.0111802395  0.0134041548
 [21]  0.0146934174  0.0129390070  0.0141172923  0.0142191312  0.0160367628
 [26]  0.0179023823  0.0125512566  0.0136264648  0.0156923432  0.0149576512
 [31]  0.0171285285  0.0167086397  0.0185082502  0.0169041381  0.0187025728
 [36]  0.0193920613  0.0193636077  0.0158827330  0.0149074566  0.0157615243
 [41]  0.0158494980  0.0139407573  0.0141767100  0.0150002126  0.0143104648
 [46]  0.0150296685  0.0140991299  0.0122392159  0.0134054909  0.0096223950
 [51]  0.0105906346  0.0107815747  0.0095535335  0.0083681238  0.0120521737
 [56]  0.0129474157  0.0117005162  0.0114025871  0.0124813487  0.0120913310
 [61]  0.0129324160  0.0140713694  0.0136796924  0.0135335509  0.0132573507
 [66]  0.0137992383  0.0130024961  0.0141187635  0.0148326341  0.0141087262
 [71]  0.0127893822  0.0127147301  0.0122898866  0.0135776323  0.0130346229
 [76]  0.0132728647  0.0125762562  0.0119730242  0.0137680189  0.0127633877
 [81]  0.0127284677  0.0126672805  0.0124311493  0.0131732353  0.0120392568
 [86]  0.0127582260  0.0111140788  0.0129262050  0.0127602493  0.0129700729
 [91]  0.0129670249  0.0131235186  0.0122927508  0.0129486289  0.0128301153
 [96]  0.0119621464  0.0120116968  0.0122253104  0.0124162468  0.0126906451


$buildHeight
$buildHeight[[1]]
  [1] -2336.377 -4386.589 -4571.687 -3752.366 -3670.597 -3493.237 -3332.674
  [8] -3787.392 -3635.787 -3981.032 -3589.302 -3417.047 -3613.584 -3480.315
 [15] -3665.837 -3536.769 -3487.214 -3328.143 -3562.658 -3414.450 -3481.268
 [22] -3423.239 -3500.560 -3437.571 -3429.985 -3446.617 -3262.789 -3307.954
 [29] -3253.311 -3323.834 -3090.947 -3317.006 -3146.918 -3263.509 -3411.736
 [36] -3295.262 -3416.800 -3247.056 -3206.700 -3346.501 -3289.623 -3263.406
 [43] -3200.683 -3197.608 -3199.463 -3204.916 -3178.460 -3200.804 -3207.267
 [50] -3227.573 -3168.314 -3317.153 -3321.824 -3328.126 -3420.721 -3430.229
 [57] -3441.722 -3436.985 -3345.105 -3465.073 -3489.994 -3438.332 -3465.600
 [64] -3435.467 -3427.533 -3416.911 -3402.824 -3441.165 -3429.532 -3427.731
 [71] -3419.022 -3409.984 -3460.956 -3507.994 -3476.301 -3487.703 -3490.798
 [78] -3476.958 -3522.206 -3523.762 -3538.723 -3540.635 -3543.195 -3520.588
 [85] -3479.963 -3492.499 -3523.467 -3499.389 -3560.296 -3528.088 -3529.648
 [92] -3568.935 -3547.697 -3550.949 -3527.942 -3549.752 -3550.030 -3613.940
 [99] -3630.959 -3603.385


$propActiveUse
$propActiveUse[[1]]
  [1] 0.04411413 0.06200718 0.05022280 0.05552797 0.05728110 0.05373144
  [7] 0.04810162 0.04534934 0.04724174 0.04565314 0.04599817 0.04387715
 [13] 0.04332361 0.04150076 0.03937155 0.04083346 0.04089341 0.04187386
 [19] 0.04100792 0.04153744 0.04271804 0.04328717 0.04250790 0.04208199
 [25] 0.04259874 0.04231094 0.04245986 0.04274433 0.04047523 0.04125678
 [31] 0.04047336 0.04099255 0.04132577 0.04146558 0.04223391 0.04236096
 [37] 0.04295305 0.04341084 0.04431287 0.04338174 0.04337762 0.04276743
 [43] 0.04269313 0.04246596 0.04232087 0.04139666 0.04157866 0.04215584
 [49] 0.04185376 0.04180693 0.04147574 0.04085636 0.03965912 0.04006307
 [55] 0.04000136 0.03914513 0.04014434 0.03940940 0.03998427 0.03910166
 [61] 0.03899510 0.03863222 0.03839038 0.03771882 0.03819504 0.03770901
 [67] 0.03769096 0.03715125 0.03751011 0.03769707 0.03762665 0.03744261
 [73] 0.03711169 0.03710441 0.03669219 0.03662967 0.03737332 0.03729646
 [79] 0.03890589 0.03797046 0.03792637 0.03782407 0.03754801 0.03799779
 [85] 0.03723751 0.03805082 0.03799954 0.03848975 0.03816617 0.03803792
 [91] 0.03772665 0.03779053 0.03734657 0.03754155 0.03804528 0.03784091
 [97] 0.03851511 0.03913490 0.03906509 0.03943102


$movCarsN
$movCarsN[[1]]
[1] 8804.795


$parkCarsN
$parkCarsN[[1]]
[1] 22685.4


$movCiclyN
$movCiclyN[[1]]
[1] 2662.119


$buildIdN
$buildIdN[[1]]
[1] 10307.54


$buildNRecN
$buildNRecN[[1]]
[1] 10367.03


$treeN
$treeN[[1]]
[1] 15689.15


$smallPlaN
$smallPlaN[[1]]
[1] 1082.459


$diffBuildN
$diffBuildN[[1]]
[1] 12321.84


$streeFurN
$streeFurN[[1]]
[1] 5874.541


$basColN
$basColN[[1]]
[1] 5094.668


$lighN
$lighN[[1]]
[1] 2027.028


$accenColN
$accenColN[[1]]
[1] 5897.676


$peopN
$peopN[[1]]
[1] 13611.43


$graffN
$graffN[[1]]
[1] 980


$buildDiffAgesN
$buildDiffAgesN[[1]]
[1] 1760


$streetWidN
$streetWidN[[1]]
[1] 49113.32


$sidewalkWidN
$sidewalkWidN[[1]]
[1] 6440.035


$debrisN
$debrisN[[1]]
[1] 0.8693527


$pavementN
$pavementN[[1]]
[1] 0.9498509


$landscapeN
$landscapeN[[1]]
[1] 0.9430477


$propStreetWallN
$propStreetWallN[[1]]
[1] 0.2187537


$propWindN
$propWindN[[1]]
[1] 0.12055


$longSightN
$longSightN[[1]]
[1] 4914.278


$propSkyAheadN
$propSkyAheadN[[1]]
[1] 0.3589732


$propSkyAcrossN
$propSkyAcrossN[[1]]
[1] 0.324826


$buildHeightN
$buildHeightN[[1]]
[1] 68135.4


$propActiveUseN
$propActiveUseN[[1]]
[1] 0.224616


feature realS lowerS higherS normS normS2
pavement 0.251097916944314 0.249858545102969 0.252337288785659 0.264355086671777 0.264756777472485
propActiveUse 0.0411261559300861 0.040272021004783 0.0419802908553891 0.183095437853634 0.180193336787665
landscape 0.158405256915908 0.156934363333387 0.15987615049843 0.167971632349134 0.166498829658644
propStreetWall 0.03166529791903 0.0312684957241248 0.0320621001139351 0.144753197673732 0.141776126140967
debris 0.104891891542639 0.103588141372127 0.106195641713151 0.120655160845555 0.118195378157882
buildDiffAges -118.35 -119.434740096428 -117.265259903572 -0.0672443181818182 -0.0676136363636364
accenCol 380.07529197995 377.189504941574 382.961079018327 0.0644449260491898 0.0650261519143079
propSkyAhead -0.0216990600696208 -0.0223732697517634 -0.0210248503874781 -0.0604475813940017 -0.0582421679493646
movCars -481.173457774904 -489.084517060777 -473.262398489031 -0.0546490257142156 -0.0560094953295881
buildNRec -542.47753132832 -548.335957432202 -536.619105224437 -0.0523272105193853 -0.0518047705340796
buildHeight -3445.48528577653 -3492.45805541561 -3398.51251613745 -0.0505682119228989 -0.0505088957269053
propWind 0.00524595874680334 0.00495318871258645 0.00553872878102022 0.0435168799854143 0.0479617628357984
longSight 194.330400432901 192.230067587605 196.430733278196 0.0395440377925178 0.0399213969894686
propSkyAcross 0.0121608891530622 0.0112794023877561 0.0130423759183682 0.037438164160201 0.0398038040790413
parkCars -818.76988878899 -830.663723099308 -806.876054478672 -0.036092372919408 -0.0357630770840434
streetWid 1642.2516089542 1620.40422473326 1664.09899317513 0.0334380086365288 0.0331104320790345
smallPla -29.911041322028 -30.5518867870814 -29.2701958569747 -0.0276324872930737 -0.0291474314802406
peop -279.754911343269 -287.514920932217 -271.99490175432 -0.0205529425923158 -0.020925304552699
movCicly -52.0388977145141 -53.4830682903533 -50.594727138675 -0.0195479204554005 -0.0197506509014648
basCol 94.7525079365083 92.5059597957683 96.9990560772483 0.0185983688050114 0.0186497034144682
graff -18.05 -18.7796612791412 -17.3203387208588 -0.0184183673469388 -0.0183673469387755
sidewalkWid 118.434238529114 115.741271295653 121.127205762574 0.0183903096820947 0.0178088277431343
ligh 15.0944188321991 14.0689829826521 16.1198546817462 0.0074465753816877 0.00759268287935792
buildId -72.5175588972432 -84.3915069160404 -60.6436108784461 -0.00703538805496021 -0.00542644113201961
diffBuild 64.6407315995303 58.4525932275584 70.8288699715021 0.00524602766108544 0.00490149564260262
tree 68.9520096195502 60.5184298232842 77.3855894158162 0.00439488459226827 0.00364212911414866
streeFur 20.5039200462194 18.2431332696576 22.7647068227811 0.00349030134183803 0.00375996389739302
feature value norm
enclosure 1920.62843783885 0.0267706622756731
complexity -1696.50684825807 -0.0155845665243148
linkage 1355.40855161219 0.0215718118336066
humanScale 1098.25404973035 0.0105826108242029
imageability -799.997493632323 -0.0203144744540303
legibility 121.812841535657 0.00800251476173287
transparency 118.434238529114 0.0183903096820947
coherence 112.321227451609 0.00327798354887332
tidiness 2.96831511162223 0.000432869131000865
     feature     value        norm
1 complexity -1696.507 -0.01558457
         feature      realS     lowerS    higherS        normS       normS2
1        movCars -481.17346 -489.08452 -473.26240 -0.054649026 -0.056009495
2       parkCars -818.76989 -830.66372 -806.87605 -0.036092373 -0.035763077
3       movCicly  -52.03890  -53.48307  -50.59473 -0.019547920 -0.019750651
4      buildNRec -542.47753 -548.33596 -536.61911 -0.052327211 -0.051804771
5           tree   68.95201   60.51843   77.38559  0.004394885  0.003642129
6       smallPla  -29.91104  -30.55189  -29.27020 -0.027632487 -0.029147431
7      diffBuild   64.64073   58.45259   70.82887  0.005246028  0.004901496
8       streeFur   20.50392   18.24313   22.76471  0.003490301  0.003759964
9         basCol   94.75251   92.50596   96.99906  0.018598369  0.018649703
10          ligh   15.09442   14.06898   16.11985  0.007446575  0.007592683
11      accenCol  380.07529  377.18950  382.96108  0.064444926  0.065026152
12          peop -279.75491 -287.51492 -271.99490 -0.020552943 -0.020925305
13         graff  -18.05000  -18.77966  -17.32034 -0.018418367 -0.018367347
14 buildDiffAges -118.35000 -119.43474 -117.26526 -0.067244318 -0.067613636
     feature    value       norm
1 humanScale 1098.254 0.01058261
       feature       realS      lowerS     higherS        normS       normS2
1      movCars  -481.17346  -489.08452  -473.26240 -0.054649026 -0.056009495
2     movCicly   -52.03890   -53.48307   -50.59473 -0.019547920 -0.019750651
3         tree    68.95201    60.51843    77.38559  0.004394885  0.003642129
4     smallPla   -29.91104   -30.55189   -29.27020 -0.027632487 -0.029147431
5     streeFur    20.50392    18.24313    22.76471  0.003490301  0.003759964
6         ligh    15.09442    14.06898    16.11985  0.007446575  0.007592683
7         peop  -279.75491  -287.51492  -271.99490 -0.020552943 -0.020925305
8    streetWid  1642.25161  1620.40422  1664.09899  0.033438009  0.033110432
9  buildHeight -3445.48529 -3492.45806 -3398.51252 -0.050568212 -0.050508896
10   longSight   194.33040   192.23007   196.43073  0.039544038  0.039921397
       feature     value        norm
1 imageability -799.9975 -0.02031447
    feature      realS     lowerS    higherS        normS       normS2
1   buildId  -72.51756  -84.39151  -60.64361 -0.007035388 -0.005426441
2 buildNRec -542.47753 -548.33596 -536.61911 -0.052327211 -0.051804771
3    basCol   94.75251   92.50596   96.99906  0.018598369  0.018649703
4      peop -279.75491 -287.51492 -271.99490 -0.020552943 -0.020925305
    feature    value       norm
1 enclosure 1920.628 0.02677066
      feature       realS      lowerS     higherS        normS       normS2
1        tree    68.95201    60.51843    77.38559  0.004394885  0.003642129
2        ligh    15.09442    14.06898    16.11985  0.007446575  0.007592683
3   streetWid  1642.25161  1620.40422  1664.09899  0.033438009  0.033110432
4 buildHeight -3445.48529 -3492.45806 -3398.51252 -0.050568212 -0.050508896
5   longSight   194.33040   192.23007   196.43073  0.039544038  0.039921397
    feature    value        norm
1 coherence 112.3212 0.003277984
        feature       realS      lowerS     higherS        normS       normS2
1      streeFur    20.50392    18.24313    22.76471  0.003490301  0.003759964
2        basCol    94.75251    92.50596    96.99906  0.018598369  0.018649703
3          ligh    15.09442    14.06898    16.11985  0.007446575  0.007592683
4      accenCol   380.07529   377.18950   382.96108  0.064444926  0.065026152
5          peop  -279.75491  -287.51492  -271.99490 -0.020552943 -0.020925305
6 buildDiffAges  -118.35000  -119.43474  -117.26526 -0.067244318 -0.067613636
7   buildHeight -3445.48529 -3492.45806 -3398.51252 -0.050568212 -0.050508896
  feature    value       norm
1 linkage 1355.409 0.02157181
    feature     realS    lowerS   higherS       normS      normS2
1   movCars -481.1735 -489.0845 -473.2624 -0.05464903 -0.05600950
2 streetWid 1642.2516 1620.4042 1664.0990  0.03343801  0.03311043
3 longSight  194.3304  192.2301  196.4307  0.03954404  0.03992140
     feature    value        norm
1 legibility 121.8128 0.008002515
    feature     realS    lowerS   higherS        normS       normS2
1   buildId -72.51756 -84.39151 -60.64361 -0.007035388 -0.005426441
2 longSight 194.33040 192.23007 196.43073  0.039544038  0.039921397
       feature    value       norm
1 transparency 118.4342 0.01839031
      feature      realS     lowerS    higherS       normS      normS2
1 sidewalkWid   118.4342   115.7413   121.1272  0.01839031  0.01780883
2 buildHeight -3445.4853 -3492.4581 -3398.5125 -0.05056821 -0.05050890
   feature    value         norm
1 tidiness 2.968315 0.0004328691
    feature       realS      lowerS     higherS        normS       normS2
1  streeFur  20.5039200  18.2431333  22.7647068  0.003490301  0.003759964
2     graff -18.0500000 -18.7796613 -17.3203387 -0.018418367 -0.018367347
3    debris   0.1048919   0.1035881   0.1061956  0.120655161  0.118195378
4  pavement   0.2510979   0.2498585   0.2523373  0.264355087  0.264756777
5 landscape   0.1584053   0.1569344   0.1598762  0.167971632  0.166498830
