[1] "# Modal leave user out from Sep16 data"
[1] "## Pleasantness all"
   V1                V2          V3          V4    V5          V6          V7
1  13        landscape1 0.067945170 0.044749544  6495 0.066856874 0.069033466
2  23 bairro1_liberdade 0.040697891 0.009452308  4155 0.040410482 0.040985300
3  15            trees1 0.026585205 0.013030075  6418 0.026266422 0.026903988
4  10         mov_cars1 0.023595846 0.006097083  6706 0.023449918 0.023741774
5   9       street_wid1 0.022258459 0.012817523  6665 0.021950742 0.022566177
6  21    bairro1_catole 0.020506677 0.005536398  8875 0.020391493 0.020621861
7  20     graffiti1_Yes 0.018901629 0.006219753  1359 0.018570946 0.019232312
8  37    bairro2_centro 0.018334179 0.003522524  7566 0.018254807 0.018413552
9  11        park_cars1 0.015261135 0.006174674  7931 0.015125242 0.015397028
10 28        landscape2 0.013824791 0.007054786  7416 0.013664228 0.013985355
11 36    bairro2_catole 0.012784679 0.003260746  3571 0.012677731 0.012891626
12 22    bairro1_centro 0.011362097 0.006374787  7964 0.011222091 0.011502104
13 12      mov_ciclyst1 0.009089299 0.004008531  2798 0.008940771 0.009237828
14 14      build_ident1 0.008938610 0.003809522 10487 0.008865699 0.009011521
15  3             baixa 0.007359052 0.003659315  3374 0.007235578 0.007482526
16 17       diff_build1 0.006283669 0.003876873  8372 0.006200624 0.006366714
17 30            trees2 0.006074021 0.004119319  6944 0.005977134 0.006170909
18 24       street_wid2 0.005177790 0.003448605  7141 0.005097805 0.005257776
19 16     build_height1 0.005077252 0.003241464  6527 0.004998614 0.005155890
20 18           people1 0.004391444 0.002883197  7474 0.004326079 0.004456809
21 35     graffiti2_Yes 0.004213568 0.002704967  9393 0.004158866 0.004268271
22  4       media baixa 0.003621629 0.002291827  9024 0.003574343 0.003668915
23  6        media alta 0.003583899 0.002707585  6768 0.003519393 0.003648405
24 27      mov_ciclyst2 0.003492786 0.002205359  8828 0.003446782 0.003538790
25 25         mov_cars2 0.003027470 0.002326532  5650 0.002966806 0.003088135
26 38 bairro2_liberdade 0.002829589 0.002168903  5046 0.002769746 0.002889433
27 33           people2 0.002691931 0.001890818  7206 0.002648274 0.002735587
28  8            casado 0.002581803 0.001962537  6049 0.002532346 0.002631259
29 26        park_cars2 0.002570506 0.001866313  6702 0.002525824 0.002615187
30  0               age 0.002493405 0.001802162  6770 0.002450476 0.002536334
31  1         masculino 0.002332397 0.001733671  5577 0.002286896 0.002377897
32  2          feminino 0.002257626 0.001745873  5307 0.002210655 0.002304598
33 32       diff_build2 0.002218421 0.001705655  6271 0.002176206 0.002260636
34 29      build_ident2 0.002175252 0.001799781  6262 0.002130675 0.002219829
35  5             media 0.002157075 0.001587168  6562 0.002118673 0.002195477
36 31     build_height2 0.002107773 0.001617737  6386 0.002068096 0.002147450
   V1                V2           V3          V4    V5           V6
1  13        landscape1 -0.075840496 0.014691316  6297 -0.076203359
2  23 bairro1_liberdade -0.043931423 0.009408586  8637 -0.044129845
3  14      build_ident1 -0.029763579 0.008995752  2305 -0.030130819
4  15            trees1 -0.024353905 0.016518115  6374 -0.024759416
5  11        park_cars1 -0.023041319 0.015549839  4861 -0.023478450
6   9       street_wid1 -0.022057590 0.010088576  6127 -0.022310202
7  21    bairro1_catole -0.021139450 0.005706178  3917 -0.021318146
8  10         mov_cars1 -0.020519599 0.013559042  6086 -0.020860252
9  28        landscape2 -0.020156473 0.013882633  5376 -0.020527572
10 37    bairro2_centro -0.018407084 0.003458104  5226 -0.018500840
11 20     graffiti1_Yes -0.017862647 0.005602919 11433 -0.017965350
12 36    bairro2_catole -0.012871331 0.003376111  9221 -0.012940240
13 22    bairro1_centro -0.011386950 0.006593246  4828 -0.011572929
14 17       diff_build1 -0.010417084 0.007762080  4420 -0.010645915
15  3             baixa -0.009229666 0.003590652  9418 -0.009302183
16 12      mov_ciclyst1 -0.009131197 0.003883029  9994 -0.009207325
17 30            trees2 -0.007487901 0.005276481  5848 -0.007623136
18 24       street_wid2 -0.006569597 0.004549273  5651 -0.006688208
19 18           people1 -0.005124268 0.003887382  5318 -0.005228748
20 16     build_height1 -0.004876089 0.003063855  6265 -0.004951956
21  6        media alta -0.003506158 0.002691145  6024 -0.003574116
22 33           people2 -0.003206105 0.002499623  5586 -0.003271655
23 38 bairro2_liberdade -0.003168870 0.002171840  7746 -0.003217236
24 35     graffiti2_Yes -0.002907238 0.002448097  3399 -0.002989538
25 27      mov_ciclyst2 -0.002837042 0.002183015  3964 -0.002904999
26  8            casado -0.002813954 0.002110004  6743 -0.002864317
27 25         mov_cars2 -0.002778487 0.001924706  7142 -0.002823125
28 26        park_cars2 -0.002763832 0.002095717  6090 -0.002816467
29  4       media baixa -0.002755517 0.002242981  3768 -0.002827135
30  2          feminino -0.002634211 0.001855743  7485 -0.002676252
31  1         masculino -0.002595939 0.001841826  7215 -0.002638438
32  0               age -0.002557005 0.001955726  6022 -0.002606400
33 29      build_ident2 -0.002195178 0.001741609  6530 -0.002237420
34 32       diff_build2 -0.002160103 0.001624360  6521 -0.002199528
35 31     build_height2 -0.002071555 0.001565838  6406 -0.002109900
36  5             media -0.002043825 0.001563201  6230 -0.002082641
37  7          solteiro  0.000000000 0.000000000 12792  0.000000000
38 19      graffiti1_No  0.000000000 0.000000000 12792  0.000000000
39 34      graffiti2_No  0.000000000 0.000000000 12792  0.000000000
             V7
1  -0.075477634
2  -0.043733000
3  -0.029396339
4  -0.023948394
5  -0.022604189
6  -0.021804978
7  -0.020960753
8  -0.020178947
9  -0.019785373
10 -0.018313327
11 -0.017759944
12 -0.012802422
13 -0.011200972
14 -0.010188253
15 -0.009157148
16 -0.009055068
17 -0.007352666
18 -0.006450985
19 -0.005019789
20 -0.004800221
21 -0.003438200
22 -0.003140555
23 -0.003120505
24 -0.002824938
25 -0.002769084
26 -0.002763592
27 -0.002733850
28 -0.002711197
29 -0.002683900
30 -0.002592171
31 -0.002553440
32 -0.002507609
33 -0.002152937
34 -0.002120678
35 -0.002033211
36 -0.002005008
37  0.000000000
38  0.000000000
39  0.000000000
[1] "## Safety all"
   V1                V2          V3          V4   V5          V6          V7
1  35     graffiti2_Yes 0.055563050 0.012634831 1916 0.054997306 0.056128794
2  28        landscape2 0.041254503 0.016975308 1108 0.040254973 0.042254033
3  13        landscape1 0.031043048 0.020383506  922 0.029727334 0.032358762
4  23 bairro1_liberdade 0.024171013 0.005671754 1249 0.023856467 0.024485559
5  10         mov_cars1 0.020684661 0.010911226 1719 0.020168858 0.021200464
6  25         mov_cars2 0.019568887 0.011751144 1104 0.018875711 0.020262063
7  30            trees2 0.017726640 0.011629521 1202 0.017069198 0.018384083
8   1         masculino 0.017693657 0.008307527 1639 0.017291468 0.018095847
9  22    bairro1_centro 0.017646406 0.008204839 1894 0.017276894 0.018015918
10  2          feminino 0.016613765 0.008205122 1678 0.016221177 0.017006353
11 24       street_wid2 0.016278892 0.008739089 1041 0.015748021 0.016809763
12  9       street_wid1 0.016034743 0.010577984 1180 0.015431198 0.016638289
13  3             baixa 0.013196426 0.007108690 1880 0.012875090 0.013517761
14 37    bairro2_centro 0.011803316 0.004549720 1228 0.011548848 0.012057785
15 21    bairro1_catole 0.010932631 0.003805793 1593 0.010745742 0.011119521
16 36    bairro2_catole 0.009643164 0.003432859 1499 0.009469382 0.009816945
17 26        park_cars2 0.009230265 0.006511957  852 0.008793005 0.009667525
18 14      build_ident1 0.008455029 0.004374699 1515 0.008234742 0.008675317
19 29      build_ident2 0.007793351 0.005895939  742 0.007369123 0.008217579
20 11        park_cars1 0.007008926 0.003946211 1509 0.006809820 0.007208032
21  4       media baixa 0.006613752 0.005418720 1364 0.006326186 0.006901318
22  5             media 0.006540490 0.004573952 1038 0.006262236 0.006818744
23 16     build_height1 0.005632999 0.002929565 1175 0.005465493 0.005800506
24 17       diff_build1 0.005146913 0.002818716 1692 0.005012605 0.005281220
25  0               age 0.004989092 0.002777440 1714 0.004857604 0.005120580
26 18           people1 0.004792054 0.002558178 1641 0.004668282 0.004915827
27 33           people2 0.004775404 0.003850741 1165 0.004554283 0.004996525
28  6        media alta 0.004737360 0.003131050 1613 0.004584561 0.004890159
29 12      mov_ciclyst1 0.004623631 0.002656136 1696 0.004497220 0.004750042
30 20     graffiti1_Yes 0.004410796 0.004261435  264 0.003896750 0.004924842
31 31     build_height2 0.004238371 0.003447682  822 0.004002682 0.004474060
32 32       diff_build2 0.003886403 0.002379512 1148 0.003748756 0.004024049
33 15            trees1 0.003372905 0.002627970 1025 0.003212023 0.003533787
34 27      mov_ciclyst2 0.003001856 0.002558603  783 0.002822643 0.003181069
35 38 bairro2_liberdade 0.002722748 0.002090860  867 0.002583572 0.002861924
36  8            casado 0.002309933 0.001809692  972 0.002196165 0.002423701
   V1                V2           V3          V4   V5           V6           V7
1  10         mov_cars1 -0.046602516 0.009843156  530 -0.047440517 -0.045764515
2  35     graffiti2_Yes -0.045931569 0.012957398  333 -0.047323263 -0.044539875
3  28        landscape2 -0.040707551 0.027891302 1141 -0.042325907 -0.039089195
4  23 bairro1_liberdade -0.023542963 0.005634041 1000 -0.023892158 -0.023193768
5  13        landscape1 -0.021151499 0.009907549 1327 -0.021684562 -0.020618436
6  30            trees2 -0.020233163 0.014803664 1047 -0.021129857 -0.019336470
7  25         mov_cars2 -0.020097438 0.006631051 1145 -0.020481523 -0.019713352
8   2          feminino -0.017219730 0.009225160  571 -0.017976396 -0.016463065
9   9       street_wid1 -0.016717091 0.007182824 1069 -0.017147672 -0.016286511
10  1         masculino -0.016696012 0.008879439  610 -0.017400655 -0.015991370
11 24       street_wid2 -0.015666793 0.010068539 1208 -0.016234574 -0.015099012
12 22    bairro1_centro -0.015159754 0.009340338  355 -0.016131374 -0.014188134
13 17       diff_build1 -0.014567516 0.007711464  557 -0.015207925 -0.013927107
14 37    bairro2_centro -0.012658997 0.004919689 1021 -0.012960765 -0.012357229
15 11        park_cars1 -0.012493001 0.009440010  740 -0.013173151 -0.011812851
16 21    bairro1_catole -0.011560852 0.004109219  656 -0.011875305 -0.011246399
17 14      build_ident1 -0.011415935 0.006460029  734 -0.011883277 -0.010948593
18 36    bairro2_catole -0.009311796 0.003648983  750 -0.009572945 -0.009050646
19 18           people1 -0.009265979 0.005164388  608 -0.009676481 -0.008855477
20 20     graffiti1_Yes -0.008516927 0.005347290 1985 -0.008752162 -0.008281693
21  3             baixa -0.008424870 0.007309759  369 -0.009170697 -0.007679043
22  0               age -0.008184365 0.007036052  535 -0.008780576 -0.007588153
23 26        park_cars2 -0.006534554 0.003506457 1397 -0.006718428 -0.006350681
24  5             media -0.005297656 0.002541499 1211 -0.005440798 -0.005154514
25 33           people2 -0.005174497 0.003535137 1084 -0.005384942 -0.004964051
26  4       media baixa -0.005100009 0.004829182  885 -0.005418172 -0.004781846
27 16     build_height1 -0.004755574 0.003160176 1074 -0.004944572 -0.004566576
28 29      build_ident2 -0.004402152 0.002729917 1507 -0.004539981 -0.004264323
29 32       diff_build2 -0.004028077 0.002792703 1101 -0.004193037 -0.003863117
30 12      mov_ciclyst1 -0.003958995 0.002924537  553 -0.004202744 -0.003715246
31 38 bairro2_liberdade -0.003692300 0.002630019 1382 -0.003830961 -0.003553640
32 27      mov_ciclyst2 -0.003434026 0.002264721 1466 -0.003549956 -0.003318096
33  6        media alta -0.002953304 0.002692755  636 -0.003162579 -0.002744030
34  8            casado -0.002834477 0.002012534 1277 -0.002944858 -0.002724096
35 15            trees1 -0.002655301 0.001863248 1224 -0.002759684 -0.002550919
36 31     build_height2 -0.002586300 0.001728122 1427 -0.002675962 -0.002496638
37  7          solteiro  0.000000000 0.000000000 2249  0.000000000  0.000000000
38 19      graffiti1_No  0.000000000 0.000000000 2249  0.000000000  0.000000000
39 34      graffiti2_No  0.000000000 0.000000000 2249  0.000000000  0.000000000
[1] "## Safety masculino"
   V1                V2          V3          V4   V5          V6          V7
1  34     graffiti2_Yes 0.057865422 0.011720447 1402 0.057251917 0.058478928
2  27        landscape2 0.042916703 0.020318073  815 0.041521775 0.044311632
3  12        landscape1 0.035021724 0.022777452  699 0.033333171 0.036710276
4  22 bairro1_liberdade 0.032181279 0.006015934  907 0.031789765 0.032572793
5  21    bairro1_centro 0.020559591 0.010023653 1347 0.020024300 0.021094883
6  23       street_wid2 0.016804000 0.009542855  752 0.016121948 0.017486052
7   9         mov_cars1 0.015742041 0.007638255 1239 0.015316730 0.016167352
8  29            trees2 0.015552392 0.011576926  816 0.014758070 0.016346713
9   8       street_wid1 0.015527416 0.010653719  846 0.014809516 0.016245317
10 24         mov_cars2 0.013723394 0.006577842  777 0.013260884 0.014185904
11 20    bairro1_catole 0.012388930 0.005251742 1133 0.012083131 0.012694730
12 36    bairro2_centro 0.011257273 0.006200504  850 0.010840437 0.011674109
13  4             media 0.009990040 0.009293770  747 0.009323572 0.010656509
14  5        media alta 0.009811194 0.004634549 1445 0.009572236 0.010050152
15  2             baixa 0.009743357 0.005315149 1342 0.009458985 0.010027730
16 13      build_ident1 0.007915497 0.003896014 1107 0.007685990 0.008145003
17 35    bairro2_catole 0.007013904 0.003769604 1010 0.006781425 0.007246382
18 30     build_height2 0.006692488 0.004490388  517 0.006305420 0.007079555
19 15     build_height1 0.006566729 0.002936680  814 0.006364989 0.006768469
20  0               age 0.006531860 0.003372974 1320 0.006349901 0.006713819
21 10        park_cars1 0.006521586 0.003672955 1140 0.006308375 0.006734798
22  3       media baixa 0.005660459 0.003794754  602 0.005357325 0.005963592
23 16       diff_build1 0.005174058 0.002772341 1194 0.005016808 0.005331309
24 25        park_cars2 0.004937839 0.003606261  622 0.004654433 0.005221246
25 26      mov_ciclyst2 0.004804868 0.003257063  515 0.004523567 0.005086169
26 28      build_ident2 0.004530210 0.003734036  625 0.004237467 0.004822953
27 17           people1 0.003917576 0.002271076 1118 0.003784451 0.004050700
28 32           people2 0.003881832 0.002588328  960 0.003718100 0.004045563
29 14            trees1 0.003869557 0.002959283  727 0.003654444 0.004084670
30 11      mov_ciclyst1 0.003647725 0.002599049  976 0.003484669 0.003810781
31 37 bairro2_liberdade 0.003584160 0.002439168  949 0.003428973 0.003739348
32 19     graffiti1_Yes 0.003177524 0.003009781  384 0.002876488 0.003478559
33  7            casado 0.003078600 0.002987737  353 0.002766925 0.003390276
34 31       diff_build2 0.002883195 0.002064962  816 0.002741512 0.003024877
   V1                V2           V3          V4   V5           V6           V7
1  34     graffiti2_Yes -0.049581777 0.011870980  198 -0.051235269 -0.047928285
2  27        landscape2 -0.040710577 0.033219555  785 -0.043034421 -0.038386732
3   9         mov_cars1 -0.037931090 0.007909324  361 -0.038746984 -0.037115195
4  22 bairro1_liberdade -0.030719107 0.006739212  693 -0.031220861 -0.030217353
5  12        landscape1 -0.025089289 0.011598971  901 -0.025846654 -0.024331924
6   0               age -0.017842848 0.007605843  280 -0.018733722 -0.016951974
7   8       street_wid1 -0.016092681 0.006263928  754 -0.016539786 -0.015645577
8  23       street_wid2 -0.015337236 0.010386292  848 -0.016036290 -0.014638182
9  21    bairro1_centro -0.015163116 0.011624904  253 -0.016595558 -0.013730673
10 29            trees2 -0.014394044 0.010712022  784 -0.015143872 -0.013644216
11 16       diff_build1 -0.014357465 0.008616117  406 -0.015195566 -0.013519363
12 24         mov_cars2 -0.013972664 0.005458829  823 -0.014345612 -0.013599717
13 20    bairro1_catole -0.013352688 0.005084663  467 -0.013813848 -0.012891528
14 10        park_cars1 -0.013278168 0.009264797  460 -0.014124820 -0.012431515
15 36    bairro2_centro -0.011722111 0.005253404  750 -0.012098085 -0.011346137
16 13      build_ident1 -0.011341828 0.006126308  493 -0.011882612 -0.010801045
17  5        media alta -0.007432106 0.005068751  155 -0.008230070 -0.006634142
18  2             baixa -0.007376879 0.007623515  258 -0.008307116 -0.006446642
19 17           people1 -0.006659238 0.004553722  482 -0.007065767 -0.006252710
20 35    bairro2_catole -0.006355968 0.003889962  590 -0.006669850 -0.006042085
21  4             media -0.006098962 0.003998293  853 -0.006367279 -0.005830645
22 32           people2 -0.006045016 0.004968226  640 -0.006429927 -0.005660106
23 19     graffiti1_Yes -0.005896661 0.003975853 1216 -0.006120127 -0.005673195
24  3       media baixa -0.005789817 0.003345423  998 -0.005997372 -0.005582262
25 15     build_height1 -0.005216951 0.002878470  786 -0.005418184 -0.005015719
26 26      mov_ciclyst2 -0.005182282 0.003251242 1085 -0.005375738 -0.004988826
27  7            casado -0.004166582 0.002489138 1247 -0.004304737 -0.004028428
28 25        park_cars2 -0.004088237 0.002858293  978 -0.004267374 -0.003909100
29 28      build_ident2 -0.003496838 0.002535493  975 -0.003655989 -0.003337688
30 30     build_height2 -0.003284230 0.002011950 1083 -0.003404056 -0.003164404
31 37 bairro2_liberdade -0.003071176 0.002383666  651 -0.003254282 -0.002888070
32 31       diff_build2 -0.002999585 0.002158105  784 -0.003150650 -0.002848521
33 14            trees1 -0.002907802 0.002058485  873 -0.003044351 -0.002771253
34 11      mov_ciclyst1 -0.002834558 0.002334885  624 -0.003017756 -0.002651359
35  1         masculino  0.000000000 0.000000000 1600  0.000000000  0.000000000
36  6          solteiro  0.000000000 0.000000000 1600  0.000000000  0.000000000
37 18      graffiti1_No  0.000000000 0.000000000 1600  0.000000000  0.000000000
38 33      graffiti2_No  0.000000000 0.000000000 1600  0.000000000  0.000000000
[1] "## Safety feminino"
   V1                V2          V3          V4  V5          V6          V7
1  34     graffiti2_Yes 0.042783634 0.009155456 468 0.041954156 0.043613113
2   3       media baixa 0.042413285 0.008401775 508 0.041682672 0.043143897
3  24         mov_cars2 0.032974014 0.019313967 231 0.030483359 0.035464669
4  27        landscape2 0.031034794 0.013476830 298 0.029504667 0.032564922
5   9         mov_cars1 0.027166828 0.015141938 439 0.025750391 0.028583265
6  29            trees2 0.020681581 0.009222218 299 0.019636264 0.021726898
7  25        park_cars2 0.018891150 0.014187203 272 0.017205139 0.020577161
8  12        landscape1 0.016344201 0.005510147 266 0.015682029 0.017006372
9  35    bairro2_catole 0.014391363 0.004009434 424 0.014009728 0.014772998
10 32           people2 0.013141523 0.013536613 274 0.011538710 0.014744336
11  2             baixa 0.012653989 0.007388975 503 0.012008263 0.013299715
12  5        media alta 0.012300605 0.015997923  68 0.008498210 0.016103000
13 19     graffiti1_Yes 0.011339626 0.006829207  42 0.009274276 0.013404976
14 36    bairro2_centro 0.011190421 0.005538560 365 0.010622225 0.011758618
15  8       street_wid1 0.011047790 0.006883030 310 0.010281581 0.011813998
16  7            casado 0.009275032 0.006099297 367 0.008651017 0.009899047
17 22 bairro1_liberdade 0.008967032 0.002720738 321 0.008669399 0.009264666
18 21    bairro1_centro 0.008646284 0.003497519 493 0.008337550 0.008955018
19 11      mov_ciclyst1 0.008587497 0.003725691 474 0.008252094 0.008922899
20 28      build_ident2 0.008545026 0.007538673 212 0.007530238 0.009559813
21 23       street_wid2 0.008519774 0.004670384 297 0.007988618 0.009050931
22  6          solteiro 0.007466211 0.004891729 384 0.006976945 0.007955477
23 31       diff_build2 0.005964070 0.004446962 313 0.005471419 0.006456721
24 13      build_ident1 0.005620593 0.003195786 375 0.005297141 0.005944045
25  4             media 0.005559729 0.003999540 335 0.005131441 0.005988017
26 10        park_cars1 0.005231749 0.003128458 336 0.004897240 0.005566259
27 17           people1 0.004867050 0.002830781 410 0.004593043 0.005141058
28  0               age 0.003943012 0.002595200 376 0.003680695 0.004205328
29 16       diff_build1 0.003865814 0.002156243 439 0.003664110 0.004067517
30 20    bairro1_catole 0.003688506 0.002320202 396 0.003459985 0.003917027
31 37 bairro2_liberdade 0.003258076 0.002974830 122 0.002730202 0.003785950
32 26      mov_ciclyst2 0.002593609 0.001690937 376 0.002422694 0.002764525
33 15     build_height1 0.002006208 0.001482653 315 0.001842477 0.002169940
34 14            trees1 0.001854747 0.001452102 292 0.001688193 0.002021301
35 30     build_height2 0.001850261 0.001463753 302 0.001685174 0.002015348
   V1                V2           V3          V4  V5           V6           V7
1   9         mov_cars1 -0.060098080 0.018548870 167 -0.062911323 -0.057284837
2  27        landscape2 -0.043961833 0.008321560 308 -0.044891180 -0.043032487
3   3       media baixa -0.043180934 0.022184643  98 -0.047573189 -0.038788680
4  34     graffiti2_Yes -0.036369645 0.010869367 138 -0.038183125 -0.034556165
5  29            trees2 -0.023854029 0.017907605 307 -0.025857193 -0.021850866
6  24         mov_cars2 -0.022431807 0.010850310 375 -0.023529990 -0.021333625
7  19     graffiti1_Yes -0.017330342 0.009436253 564 -0.018109110 -0.016551574
8  25        park_cars2 -0.014093960 0.005737292 334 -0.014709253 -0.013478667
9   2             baixa -0.012893268 0.011226648 103 -0.015061369 -0.010725166
10 35    bairro2_catole -0.012620346 0.004432799 182 -0.013264353 -0.011976339
11  8       street_wid1 -0.012094562 0.007069553 296 -0.012899930 -0.011289194
12 12        landscape1 -0.011502129 0.005306180 340 -0.012066144 -0.010938114
13 36    bairro2_centro -0.011412576 0.006512828 241 -0.012234836 -0.010590316
14  7            casado -0.009443971 0.011585114 239 -0.010912726 -0.007975216
15  5        media alta -0.009292115 0.006699279 538 -0.009858204 -0.008726025
16 16       diff_build1 -0.009240717 0.006021650 167 -0.010154000 -0.008327434
17 32           people2 -0.008899223 0.007553780 332 -0.009711760 -0.008086685
18 22 bairro1_liberdade -0.008860725 0.002925854 285 -0.009200412 -0.008521039
19 11      mov_ciclyst1 -0.008467599 0.004110537 132 -0.009168828 -0.007766370
20 23       street_wid2 -0.008399590 0.004228038 309 -0.008871009 -0.007928170
21 21    bairro1_centro -0.008398221 0.003191133 113 -0.008986596 -0.007809847
22  4             media -0.008365175 0.006213327 271 -0.009104930 -0.007625421
23  0               age -0.007111263 0.009600936 230 -0.008352051 -0.005870474
24 13      build_ident1 -0.006961072 0.004660818 231 -0.007562113 -0.006360031
25 17           people1 -0.006820932 0.004852834 196 -0.007500316 -0.006141547
26 10        park_cars1 -0.006771242 0.004978633 270 -0.007365091 -0.006177393
27 37 bairro2_liberdade -0.006452048 0.003790849 484 -0.006789772 -0.006114324
28 31       diff_build2 -0.006296871 0.004360301 293 -0.006796136 -0.005797607
29 28      build_ident2 -0.005211637 0.003626004 394 -0.005569674 -0.004853600
30 20    bairro1_catole -0.003328667 0.002265261 210 -0.003635045 -0.003022290
31 15     build_height1 -0.001989632 0.001580354 291 -0.002171207 -0.001808057
32 26      mov_ciclyst2 -0.001900858 0.001550984 230 -0.002101302 -0.001700415
33 14            trees1 -0.001797547 0.001411321 314 -0.001953650 -0.001641445
34  6          solteiro -0.001757644 0.002884977 222 -0.002137146 -0.001378142
35 30     build_height2 -0.001653422 0.001240377 304 -0.001792855 -0.001513989
36  1          feminino  0.000000000 0.000000000 606  0.000000000  0.000000000
37 18      graffiti1_No  0.000000000 0.000000000 606  0.000000000  0.000000000
38 33      graffiti2_No  0.000000000 0.000000000 606  0.000000000  0.000000000

[1] "## Pleasantness baixa"
   V1                V2          V3          V4   V5          V6          V7
1  11        landscape1 0.059230315 0.038600711 3000 0.057849032 0.060611599
2  21 bairro1_liberdade 0.036334117 0.007490540 1848 0.035992602 0.036675632
3   8         mov_cars1 0.032357747 0.008159008 2934 0.032062521 0.032652974
4  18     graffiti1_Yes 0.027124830 0.007135292  660 0.026580468 0.027669193
5  13            trees1 0.024640357 0.011756670 2940 0.024215387 0.025065328
6   7       street_wid1 0.021879897 0.011608323 3150 0.021474517 0.022285277
7  20    bairro1_centro 0.017193133 0.006501102 3524 0.016978490 0.017407776
8   9        park_cars1 0.016346070 0.006205233 3439 0.016138679 0.016553461
9  35    bairro2_centro 0.014399207 0.003052855 3432 0.014297071 0.014501344
10  4       media baixa 0.011160927 0.003622408 3359 0.011038425 0.011283428
11  3             baixa 0.010753807 0.003887183 3356 0.010622293 0.010885322
12 12      build_ident1 0.010171454 0.005484060 4675 0.010014251 0.010328656
13 19    bairro1_catole 0.008711691 0.004110229 4146 0.008586579 0.008836803
14 26        landscape2 0.007971686 0.004272463 3731 0.007834593 0.008108778
15 15       diff_build1 0.006809867 0.003697632 3994 0.006695192 0.006924542
16 14     build_height1 0.005851756 0.003590190 2840 0.005719715 0.005983796
17 33     graffiti2_Yes 0.005040995 0.002981684 4530 0.004954166 0.005127823
18 16           people1 0.004682239 0.002937851 3196 0.004580386 0.004784092
19 10      mov_ciclyst1 0.004589953 0.003104266 1595 0.004437608 0.004742297
20 36 bairro2_liberdade 0.004589537 0.002617931 1955 0.004473490 0.004705584
21 22       street_wid2 0.004219901 0.002627724 3593 0.004133980 0.004305822
22 28            trees2 0.003738029 0.002571358 3103 0.003647556 0.003828502
23  6            casado 0.003507061 0.003002744 1530 0.003356601 0.003657521
24  1         masculino 0.003330513 0.002541478 2329 0.003227296 0.003433729
25 34    bairro2_catole 0.003221562 0.002511142 1884 0.003108171 0.003334953
26 25      mov_ciclyst2 0.003001185 0.002006783 3857 0.002937853 0.003064517
27 23         mov_cars2 0.002814345 0.002102593 2531 0.002732431 0.002896258
28  0               age 0.002740898 0.001939560 3000 0.002671493 0.002810302
29 31           people2 0.002687339 0.001795812 3406 0.002627029 0.002747649
30  2          feminino 0.002489999 0.001975112 2077 0.002405057 0.002574941
31 24        park_cars2 0.002084489 0.001530367 2957 0.002029330 0.002139648
32 30       diff_build2 0.001958793 0.001551299 2873 0.001902068 0.002015518
33 29     build_height2 0.001920438 0.001503256 2863 0.001865373 0.001975502
34 27      build_ident2 0.001916771 0.001515702 3122 0.001863604 0.001969939
   V1                V2           V3          V4   V5           V6           V7
1  11        landscape1 -0.066489301 0.011765936 2847 -0.066921497 -0.066057105
2  21 bairro1_liberdade -0.038824593 0.007731638 3999 -0.039064225 -0.038584962
3  12      build_ident1 -0.029160274 0.012121126 1172 -0.029854223 -0.028466326
4   8         mov_cars1 -0.027874715 0.013521833 2913 -0.028365751 -0.027383679
5  18     graffiti1_Yes -0.024964166 0.006485030 5187 -0.025140648 -0.024787683
6   9        park_cars1 -0.022515498 0.015432995 2408 -0.023131908 -0.021899087
7   7       street_wid1 -0.022093339 0.011841722 2697 -0.022540252 -0.021646427
8  13            trees1 -0.021530432 0.015294935 2907 -0.022086430 -0.020974434
9  20    bairro1_centro -0.017528123 0.006629359 2323 -0.017797707 -0.017258538
10 26        landscape2 -0.015294140 0.008564718 2116 -0.015659065 -0.014929215
11 35    bairro2_centro -0.014371383 0.003050309 2415 -0.014493038 -0.014249727
12 15       diff_build1 -0.013241389 0.008816561 1853 -0.013642819 -0.012839959
13  3             baixa -0.010990975 0.003536637 2491 -0.011129859 -0.010852091
14  4       media baixa -0.010460681 0.003079926 2488 -0.010581703 -0.010339659
15 19    bairro1_catole -0.008813742 0.004534251 1701 -0.009029219 -0.008598264
16 22       street_wid2 -0.006718002 0.004367359 2254 -0.006898299 -0.006537704
17  6            casado -0.005561894 0.003748676 4317 -0.005673718 -0.005450070
18 14     build_height1 -0.005444941 0.003146560 3007 -0.005557406 -0.005332476
19 10      mov_ciclyst1 -0.005435589 0.002967632 4252 -0.005524788 -0.005346389
20 16           people1 -0.004843698 0.003593042 2651 -0.004980473 -0.004706923
21 36 bairro2_liberdade -0.004828320 0.002535080 3892 -0.004907964 -0.004748676
22 28            trees2 -0.004602291 0.003330525 2744 -0.004726906 -0.004477677
23 34    bairro2_catole -0.003945543 0.002500112 3963 -0.004023381 -0.003867704
24 31           people2 -0.003657595 0.002873633 2441 -0.003771593 -0.003543598
25  1         masculino -0.003621816 0.002366984 3518 -0.003700032 -0.003543600
26 33     graffiti2_Yes -0.003605213 0.002906579 1317 -0.003762190 -0.003448236
27  0               age -0.003317876 0.002383519 2847 -0.003405429 -0.003230322
28  2          feminino -0.003166390 0.002171997 3770 -0.003235723 -0.003097058
29 23         mov_cars2 -0.002602638 0.001800321 3316 -0.002663914 -0.002541362
30 25      mov_ciclyst2 -0.002354693 0.001861716 1990 -0.002436490 -0.002272897
31 24        park_cars2 -0.002125400 0.001671259 2890 -0.002186331 -0.002064468
32 27      build_ident2 -0.002003732 0.001652186 2725 -0.002065765 -0.001941699
33 29     build_height2 -0.001931058 0.001486006 2984 -0.001984376 -0.001877741
34 30       diff_build2 -0.001930021 0.001485119 2974 -0.001983396 -0.001876646
35  5          solteiro  0.000000000 0.000000000 5847  0.000000000  0.000000000
36 17      graffiti1_No  0.000000000 0.000000000 5847  0.000000000  0.000000000
37 32      graffiti2_No  0.000000000 0.000000000 5847  0.000000000  0.000000000
[1] "## Pleasantness media"
   V1                V2          V3          V4   V5          V6          V7
1  11        landscape1 0.106218570 0.033751907 3167 0.105043071 0.107394069
2  21 bairro1_liberdade 0.047208790 0.011352971 2196 0.046733956 0.047683623
3  19    bairro1_catole 0.033679211 0.010019037 4538 0.033387709 0.033970713
4  13            trees1 0.028603205 0.013898748 3382 0.028134783 0.029071626
5   7       street_wid1 0.023511092 0.014610586 3357 0.023016850 0.024005335
6  34    bairro2_catole 0.020566394 0.003799295 1930 0.020396893 0.020735895
7  26        landscape2 0.017634506 0.007644734 3458 0.017379707 0.017889305
8  35    bairro2_centro 0.015511233 0.003621686 3965 0.015398503 0.015623962
9   9        park_cars1 0.014126786 0.005377482 4055 0.013961273 0.014292299
10  8         mov_cars1 0.013323056 0.006140627 3850 0.013129088 0.013517024
11 18     graffiti1_Yes 0.010331621 0.006259690  806 0.009899472 0.010763769
12 10      mov_ciclyst1 0.010241768 0.004157498 1361 0.010020891 0.010462645
13 20    bairro1_centro 0.008108144 0.004977181 4067 0.007955178 0.008261110
14 12      build_ident1 0.007629743 0.004055078 5297 0.007520540 0.007738945
15 28            trees2 0.007330254 0.004953815 3490 0.007165902 0.007494606
16 15       diff_build1 0.005592248 0.003659796 3845 0.005476568 0.005707928
17 16           people1 0.005065012 0.003187964 4020 0.004966464 0.005163560
18 33     graffiti2_Yes 0.004519414 0.002832950 5053 0.004441303 0.004597525
19 22       street_wid2 0.004468669 0.003236640 3375 0.004359474 0.004577865
20 14     build_height1 0.004463382 0.002991122 3494 0.004364203 0.004562561
21  0               age 0.003267742 0.002110862 3954 0.003201947 0.003333536
22 25      mov_ciclyst2 0.003204000 0.002106322 4500 0.003142459 0.003265541
23 36 bairro2_liberdade 0.003188651 0.002359799 3706 0.003112676 0.003264626
24  4        media alta 0.002617185 0.002010975 3171 0.002547192 0.002687179
25 31           people2 0.002513326 0.001812764 3586 0.002453995 0.002572657
26  6            casado 0.002494385 0.001813237 3784 0.002436612 0.002552159
27 23         mov_cars2 0.002451254 0.002012728 3007 0.002379315 0.002523193
28 24        park_cars2 0.002357858 0.001760731 3440 0.002299019 0.002416696
29 27      build_ident2 0.002300620 0.001977021 3086 0.002230867 0.002370373
30 30       diff_build2 0.002080499 0.001563421 3280 0.002026995 0.002134003
31  1         masculino 0.002029210 0.001572361 2691 0.001969802 0.002088617
32 29     build_height2 0.002025708 0.001532184 3420 0.001974357 0.002077059
33  2          feminino 0.001885189 0.001435937 2837 0.001832350 0.001938028
   V1                V2           V3          V4   V5           V6           V7
1  11        landscape1 -0.081164038 0.024951366 3448 -0.081996873 -0.080331204
2  21 bairro1_liberdade -0.051893814 0.011998791 4419 -0.052247586 -0.051540042
3  19    bairro1_catole -0.034437223 0.009734849 2077 -0.034855881 -0.034018566
4  13            trees1 -0.027782664 0.018646108 3233 -0.028425401 -0.027139927
5  26        landscape2 -0.024799516 0.010473499 3157 -0.025164861 -0.024434172
6   7       street_wid1 -0.022626393 0.009455340 3258 -0.022951068 -0.022301717
7  12      build_ident1 -0.021869276 0.011686807 1318 -0.022500214 -0.021238339
8  34    bairro2_catole -0.020822723 0.003930182 4685 -0.020935263 -0.020710183
9   9        park_cars1 -0.020288508 0.013948219 2560 -0.020828822 -0.019748193
10 35    bairro2_centro -0.016100545 0.003738957 2650 -0.016242901 -0.015958189
11  8         mov_cars1 -0.014147163 0.010370710 2765 -0.014533716 -0.013760610
12 18     graffiti1_Yes -0.011407251 0.005807826 5809 -0.011556603 -0.011257899
13 10      mov_ciclyst1 -0.010309277 0.004147639 5254 -0.010421428 -0.010197126
14 28            trees2 -0.007981561 0.005450704 3125 -0.008172668 -0.007790454
15 20    bairro1_centro -0.007779489 0.005324158 2548 -0.007986217 -0.007572761
16 15       diff_build1 -0.007175302 0.005954488 2770 -0.007397047 -0.006953558
17 16           people1 -0.005964190 0.004787728 2595 -0.006148399 -0.005779982
18 22       street_wid2 -0.004675208 0.003267230 3240 -0.004787709 -0.004562707
19 14     build_height1 -0.004414194 0.002930083 3121 -0.004516991 -0.004311397
20  0               age -0.003904320 0.002653608 2661 -0.004005144 -0.003803497
21 33     graffiti2_Yes -0.003098350 0.002681091 1562 -0.003231309 -0.002965390
22  4        media alta -0.002804299 0.002131927 3444 -0.002875500 -0.002733097
23 31           people2 -0.002672444 0.002110393 3029 -0.002747600 -0.002597288
24 36 bairro2_liberdade -0.002597923 0.002113395 2909 -0.002674722 -0.002521123
25 25      mov_ciclyst2 -0.002579689 0.002052190 2115 -0.002667149 -0.002492229
26  1         masculino -0.002508461 0.001827282 3924 -0.002565634 -0.002451288
27 24        park_cars2 -0.002374925 0.001822567 3175 -0.002438321 -0.002311529
28 23         mov_cars2 -0.002369593 0.001775040 3608 -0.002427512 -0.002311674
29  2          feminino -0.002226666 0.001645368 3778 -0.002279133 -0.002174200
30 27      build_ident2 -0.002224695 0.001713007 3529 -0.002281212 -0.002168178
31  6            casado -0.002168015 0.001704162 2831 -0.002230791 -0.002105240
32 30       diff_build2 -0.002085526 0.001580072 3335 -0.002139152 -0.002031899
33 29     build_height2 -0.002041807 0.001541035 3195 -0.002095242 -0.001988372
34  3             media  0.000000000 0.000000000 6615  0.000000000  0.000000000
35  5          solteiro  0.000000000 0.000000000 6615  0.000000000  0.000000000
36 17      graffiti1_No  0.000000000 0.000000000 6615  0.000000000  0.000000000
37 32      graffiti2_No  0.000000000 0.000000000 6615  0.000000000  0.000000000
