[1] "# Modal leave user out from Nov15 data"
# Pleasantness
   V1                V2          V3          V4    V5          V6          V7
1  13        landscape1 0.071383013 0.047238237  6534 0.072528400 0.070237626
2  23 bairro1_liberdade 0.041654189 0.006191029  4156 0.041842412 0.041465966
3  15            trees1 0.027589933 0.013025119  6431 0.027908272 0.027271593
4  10         mov_cars1 0.023931191 0.006477017  6744 0.024085775 0.023776607
5   9       street_wid1 0.023665125 0.013605966  6690 0.023991160 0.023339090
6  21    bairro1_catole 0.020765816 0.005070970  8912 0.020871098 0.020660535
7  20     graffiti1_Yes 0.019678111 0.005698765  1366 0.019980318 0.019375905
8  37    bairro2_centro 0.017997858 0.003618448  7558 0.018079435 0.017916281
9  11        park_cars1 0.016640272 0.006402959  7754 0.016782789 0.016497756
10 28        landscape2 0.014927739 0.008201676  7786 0.015109916 0.014745562
11 36    bairro2_catole 0.012436339 0.003306535  3557 0.012545002 0.012327677
12 12      mov_ciclyst1 0.010510522 0.004242866  2765 0.010668668 0.010352375
13  3             baixa 0.010162471 0.003159167  3427 0.010268242 0.010056701
14 14      build_ident1 0.009309695 0.003915384 10481 0.009384654 0.009234737
15 22    bairro1_centro 0.008702788 0.005000663  7892 0.008813115 0.008592461
16 17       diff_build1 0.007147273 0.004228879  8307 0.007238212 0.007056334
17 30            trees2 0.006426716 0.004499017  6906 0.006532825 0.006320607
18 24       street_wid2 0.006103889 0.004048129  7392 0.006196172 0.006011606
19 35     graffiti2_Yes 0.005521121 0.003102676 10360 0.005580866 0.005461376
20 16     build_height1 0.005368374 0.003497562  6337 0.005454488 0.005282261
21 18           people1 0.004856731 0.003252147  7568 0.004930001 0.004783461
22 27      mov_ciclyst2 0.004046199 0.002434120  9010 0.004096460 0.003995938
23  4       media baixa 0.003886138 0.002503068  9112 0.003937532 0.003834744
24 25         mov_cars2 0.003801017 0.002834728  5398 0.003876638 0.003725396
25  6        media alta 0.003541674 0.002790294  5737 0.003613877 0.003469471
26 33           people2 0.003103202 0.002088615  7517 0.003150417 0.003055987
27 38 bairro2_liberdade 0.002762123 0.002160071  5038 0.002821769 0.002702476
28  8            casado 0.002701692 0.002132797  5649 0.002757310 0.002646075
29  0               age 0.002648336 0.001917918  6877 0.002693666 0.002603007
30  1         masculino 0.002604971 0.002011546  5094 0.002660210 0.002549731
31 26        park_cars2 0.002591904 0.001879435  6663 0.002637031 0.002546776
32 32       diff_build2 0.002524530 0.001985476  6141 0.002574188 0.002474871
33 29      build_ident2 0.002445964 0.002044082  6090 0.002497301 0.002394626
34  5             media 0.002270174 0.001715395  6257 0.002312678 0.002227670
35 31     build_height2 0.002236823 0.001707836  6363 0.002278785 0.002194860
36  2          feminino 0.002215392 0.001758156  4783 0.002265218 0.002165566
   V1                V2           V3          V4    V5           V6
1  13        landscape1 -0.079419620 0.014606218  6280 -0.079058372
2  23 bairro1_liberdade -0.041193230 0.006177500  8658 -0.041063107
3  14      build_ident1 -0.029851468 0.009703142  2333 -0.029457734
4  28        landscape2 -0.024846361 0.016133019  5028 -0.024400432
5  15            trees1 -0.024746885 0.017481570  6383 -0.024318024
6   9       street_wid1 -0.023769251 0.011099595  6124 -0.023491255
7  11        park_cars1 -0.023298557 0.016145499  5060 -0.022853696
8  10         mov_cars1 -0.020873435 0.014346209  6070 -0.020512532
9  21    bairro1_catole -0.020609888 0.005113915  3902 -0.020449432
10 20     graffiti1_Yes -0.018755405 0.005566486 11448 -0.018653437
11 37    bairro2_centro -0.017610253 0.003768108  5256 -0.017508384
12 36    bairro2_catole -0.012409456 0.003344591  9257 -0.012341323
13 17       diff_build1 -0.011625010 0.008723680  4507 -0.011370324
14  3             baixa -0.010681021 0.003378932  9387 -0.010612667
15 12      mov_ciclyst1 -0.010428019 0.003986714 10049 -0.010350071
16 24       street_wid2 -0.008601819 0.005720331  5422 -0.008449558
17 30            trees2 -0.007895828 0.005416108  5908 -0.007757721
18 22    bairro1_centro -0.007826904 0.004917248  4922 -0.007689531
19 18           people1 -0.005886777 0.004578032  5246 -0.005762894
20 16     build_height1 -0.004796089 0.003073232  6477 -0.004721245
21 35     graffiti2_Yes -0.004152023 0.003281915  2454 -0.004022174
22  6        media alta -0.003898066 0.002919393  7077 -0.003830049
23 33           people2 -0.003891431 0.002977735  5297 -0.003811241
24 27      mov_ciclyst2 -0.003434151 0.002555346  3804 -0.003352947
25 38 bairro2_liberdade -0.003212088 0.002237074  7776 -0.003162366
26 25         mov_cars2 -0.003202680 0.002128048  7416 -0.003154247
27  4       media baixa -0.003127010 0.002466686  3702 -0.003047551
28  8            casado -0.003116113 0.002316823  7165 -0.003062468
29  1         masculino -0.002982406 0.001985739  7720 -0.002938110
30  2          feminino -0.002845321 0.001995730  8031 -0.002801673
31  0               age -0.002726389 0.002094086  5937 -0.002673122
32 26        park_cars2 -0.002685242 0.002074194  6151 -0.002633406
33 32       diff_build2 -0.002467327 0.001827998  6673 -0.002423468
34  5             media -0.002389744 0.001773519  6557 -0.002346817
35 29      build_ident2 -0.002372644 0.001829144  6724 -0.002328923
36 31     build_height2 -0.002244306 0.001700296  6451 -0.002202815
37  7          solteiro  0.000000000 0.000000000 12814  0.000000000
38 19      graffiti1_No  0.000000000 0.000000000 12814  0.000000000
39 34      graffiti2_No  0.000000000 0.000000000 12814  0.000000000
             V7
1  -0.079780869
2  -0.041323352
3  -0.030245203
4  -0.025292291
5  -0.025175745
6  -0.024047246
7  -0.023743418
8  -0.021234339
9  -0.020770345
10 -0.018857373
11 -0.017712122
12 -0.012477589
13 -0.011879695
14 -0.010749375
15 -0.010505966
16 -0.008754080
17 -0.008033935
18 -0.007964276
19 -0.006010661
20 -0.004870933
21 -0.004281872
22 -0.003966083
23 -0.003971620
24 -0.003515355
25 -0.003261810
26 -0.003251114
27 -0.003206469
28 -0.003169759
29 -0.003026702
30 -0.002888969
31 -0.002779656
32 -0.002737077
33 -0.002511187
34 -0.002432671
35 -0.002416364
36 -0.002285798
37  0.000000000
38  0.000000000
39  0.000000000
# Safety
   V1                V2          V3          V4   V5          V6          V7
1  35     graffiti2_Yes 0.065818558 0.010210894 1937 0.066273281 0.065363835
2  28        landscape2 0.055851281 0.021262404 1093 0.057111803 0.054590760
3  13        landscape1 0.039357215 0.028210547 1047 0.041065995 0.037648434
4  23 bairro1_liberdade 0.031268103 0.005211082 1257 0.031556180 0.030980026
5  10         mov_cars1 0.028087141 0.014155533 1734 0.028753411 0.027420872
6  25         mov_cars2 0.022607960 0.012546871 1077 0.023357294 0.021858625
7   9       street_wid1 0.022344675 0.015028630 1191 0.023198191 0.021491159
8  30            trees2 0.020777989 0.014055232 1278 0.021548575 0.020007404
9  24       street_wid2 0.020589665 0.009916752 1065 0.021185248 0.019994081
10  1         masculino 0.017169969 0.004879446 1627 0.017407065 0.016932872
11  2          feminino 0.016500903 0.003970104 1627 0.016693814 0.016307993
12 26        park_cars2 0.016189651 0.010470896  815 0.016908526 0.015470777
13 21    bairro1_catole 0.014404424 0.004464359 1606 0.014622765 0.014186084
14 22    bairro1_centro 0.014380105 0.005294132 1920 0.014616911 0.014143300
15 20     graffiti1_Yes 0.013486734 0.008410778  154 0.014815119 0.012158350
16 14      build_ident1 0.012620592 0.006384041 1629 0.012930608 0.012310577
17 37    bairro2_centro 0.012018119 0.005028344 1253 0.012296537 0.011739701
18 36    bairro2_catole 0.011417210 0.004555970 1547 0.011644240 0.011190180
19 11        park_cars1 0.011308896 0.006035369 1464 0.011618055 0.010999737
20 16     build_height1 0.010610747 0.004151676 1159 0.010849765 0.010371730
21  6        media alta 0.010105613 0.004938879 2041 0.010319880 0.009891346
22  5             media 0.009905632 0.008989507 1090 0.010439300 0.009371965
23  3             baixa 0.008821022 0.004106437 1964 0.009002633 0.008639411
24 12      mov_ciclyst1 0.008509624 0.003921657 1817 0.008689942 0.008329305
25 29      build_ident2 0.008432831 0.006454803  747 0.008895714 0.007969949
26 18           people1 0.008160115 0.004049313 1712 0.008351928 0.007968302
27 17       diff_build1 0.008109671 0.004061175 1682 0.008303754 0.007915589
28 31     build_height2 0.007555580 0.005503408  800 0.007936939 0.007174220
29  0               age 0.006603963 0.003336536 1830 0.006756831 0.006451094
30  4       media baixa 0.006401234 0.003862479 1603 0.006590315 0.006212154
31 32       diff_build2 0.005643699 0.003667497 1220 0.005849495 0.005437902
32 15            trees1 0.004772664 0.003344860 1104 0.004969971 0.004575358
33 33           people2 0.004524719 0.003387463 1046 0.004730004 0.004319434
34 27      mov_ciclyst2 0.003976753 0.003554900  781 0.004226069 0.003727437
35 38 bairro2_liberdade 0.003378966 0.002751858  969 0.003552232 0.003205700
36  8            casado 0.003078425 0.002530315  793 0.003254536 0.002902314
   V1                V2           V3          V4   V5           V6           V7
1  35     graffiti2_Yes -0.064178966 0.010593682  337 -0.063047921 -0.065310012
2  10         mov_cars1 -0.061855420 0.011072207  540 -0.060921552 -0.062789288
3  28        landscape2 -0.053361635 0.041038857 1181 -0.051021083 -0.055702188
4  13        landscape1 -0.031850724 0.013547598 1227 -0.031092691 -0.032608757
5  23 bairro1_liberdade -0.031192377 0.005346644 1017 -0.030863776 -0.031520978
6  30            trees2 -0.026958555 0.020578149  996 -0.025680573 -0.028236537
7  25         mov_cars2 -0.024507952 0.008042330 1197 -0.024052353 -0.024963552
8   9       street_wid1 -0.022618283 0.010831920 1083 -0.021973164 -0.023263401
9  14      build_ident1 -0.022397429 0.008388945  645 -0.021750025 -0.023044833
10 17       diff_build1 -0.022011892 0.010578238  592 -0.021159772 -0.022864011
11 24       street_wid2 -0.020151167 0.011650044 1209 -0.019494474 -0.020807860
12 11        park_cars1 -0.020041833 0.015225443  810 -0.018993316 -0.021090350
13 18           people1 -0.019560106 0.007690531  562 -0.018924283 -0.020195929
14  2          feminino -0.016359729 0.006058186  647 -0.015892921 -0.016826537
15  1         masculino -0.016342221 0.005192578  647 -0.015942111 -0.016742330
16 20     graffiti1_Yes -0.014840053 0.006218783 2120 -0.014575334 -0.015104772
17 21    bairro1_catole -0.013969568 0.004629669  668 -0.013618485 -0.014320651
18 22    bairro1_centro -0.013806894 0.005632125  354 -0.013220190 -0.014393598
19 37    bairro2_centro -0.012682988 0.004689034 1021 -0.012395368 -0.012970608
20  0               age -0.012677407 0.006718074  444 -0.012052520 -0.013302294
21 36    bairro2_catole -0.010689783 0.004259321  727 -0.010380169 -0.010999398
22 26        park_cars2 -0.010460219 0.005788741 1459 -0.010163186 -0.010757252
23  6        media alta -0.009245151 0.006591469  233 -0.008398796 -0.010091505
24  3             baixa -0.009051018 0.005485030  310 -0.008440432 -0.009661603
25 16     build_height1 -0.008895320 0.004928904 1115 -0.008606012 -0.009184629
26 12      mov_ciclyst1 -0.008282331 0.004152389  457 -0.007901626 -0.008663035
27 32       diff_build2 -0.006826531 0.004903964 1054 -0.006530474 -0.007122587
28  5             media -0.006652547 0.003251270 1184 -0.006467354 -0.006837740
29  4       media baixa -0.005365762 0.004496721  671 -0.005025524 -0.005706000
30 29      build_ident2 -0.005349317 0.003174879 1527 -0.005190076 -0.005508558
31 33           people2 -0.004504915 0.003071142 1228 -0.004333144 -0.004676686
32 27      mov_ciclyst2 -0.004495899 0.002893299 1493 -0.004349138 -0.004642661
33 38 bairro2_liberdade -0.004077113 0.003067872 1305 -0.003910665 -0.004243562
34 31     build_height2 -0.003946761 0.002448556 1474 -0.003821761 -0.004071761
35 15            trees1 -0.003944643 0.003009253 1170 -0.003772212 -0.004117073
36  8            casado -0.003603562 0.002586274 1481 -0.003471844 -0.003735280
37  7          solteiro  0.000000000 0.000000000 2274  0.000000000  0.000000000
38 19      graffiti1_No  0.000000000 0.000000000 2274  0.000000000  0.000000000
39 34      graffiti2_No  0.000000000 0.000000000 2274  0.000000000  0.000000000
