[]
512
513
514
515
516
518
522
2
537
549
593
599
600
601
602
605
606
610
611
612
614
615
617
618
622
624
625
629
630
634
639
641
642
643
646
653
656
659
663
666
667
668
670
671
672
674
676
677
678
679
681
682
683
684
687
688
691
692
693
694
695
696
697
698
700
702
714
718
729
742
746
748
752
774
775
777
779
783
784
785
787
788
790
792
794
797
799
803
806
807
808
810
814
817
819
820
822
828
832
835
837
840
845
848
849
853
855
862
876
884
908
917
918
922
923
925
930
931
936
937
940
942
943
944
945
949
950
953
958
959
963
966
967
974
976
987
993
719
596
865
873
604
723
751
946
720
736
928
709
724
938
608
801
813
854
868
722
521
844
741
929
850
685
754
872
740
631
881
893
951
508
721
633
727
576
939
725
802
904
778
661
652
644
900
877
846
680
875
935
927
920
933
