
Attaching package: ‘dplyr’

The following objects are masked from ‘package:stats’:

    filter, lag

The following objects are masked from ‘package:base’:

    intersect, setdiff, setequal, union


Attaching package: ‘reshape’

The following object is masked from ‘package:dplyr’:

    rename

There were 13 warnings (use warnings() to see them)
Version:  1.35.5
Date:     2015-07-26
Author:   Philip Leifeld (University of Konstanz)

Please cite the JSS article in your publications -- see citation("texreg").
[1] "################### Young x Adult - Pleasantness"
[1] 0.1746279
[1] ">>>> Kendall Distance  0.174627898926964"
$movCars
$movCars[[1]]
  [1] 190.0776 169.3010 165.4978 292.6016 285.4283 238.5722 270.6522 264.4888
  [9] 265.1343 277.6228 270.6080 253.1623 254.5509 266.0465 242.2899 236.6998
 [17] 244.5041 249.1844 226.3848 240.3999 231.5996 232.7926 244.8017 242.1045
 [25] 250.0457 231.5312 235.7973 250.6300 255.3339 251.3784 251.3655 242.2736
 [33] 243.6774 256.2043 261.3897 246.2042 246.9422 248.6369 243.6769 245.4861
 [41] 245.5603 253.5475 251.7396 246.0330 249.9107 251.9107 238.4330 242.9330
 [49] 254.9330 255.8861 263.6668 250.7502 256.3011 245.1178 248.9297 255.3463
 [57] 256.4297 251.4297 250.8030 250.1860 246.7630 249.2630 246.2902 256.8030
 [65] 254.8030 250.0316 248.0316 250.4410 246.7124 254.2252 258.4538 254.3252
 [73] 253.3252 253.3252 251.3030 252.3030 252.8305 249.2419 256.7419 251.4252
 [81] 254.8419 258.0705 254.1757 250.1744 254.2419 259.3471 256.3135 261.9305
 [89] 264.5433 270.8429 275.6885 275.6885 260.6885 263.1757 262.0885 264.0885
 [97] 257.4587 256.0757 258.0885 257.8324


$parkCars
$parkCars[[1]]
  [1]  128.4921 -208.0089 -406.4096 -512.6349 -486.3833 -443.0574 -522.0511
  [8] -562.7029 -542.3124 -602.0852 -620.1992 -611.0634 -600.2900 -564.8481
 [15] -579.3028 -607.8724 -606.3053 -562.7458 -582.6657 -576.9903 -617.4676
 [22] -598.7880 -624.1135 -616.5486 -612.2853 -628.4238 -626.9873 -626.9340
 [29] -616.7908 -622.3241 -602.5518 -606.2551 -629.9456 -645.1055 -634.8360
 [36] -621.6610 -631.3087 -616.0232 -618.1346 -613.0133 -626.3748 -638.8802
 [43] -644.9707 -632.6585 -618.1444 -657.0029 -637.7888 -648.2888 -658.0555
 [50] -645.4714 -655.5865 -666.2993 -622.2577 -632.8077 -641.8873 -622.5886
 [57] -630.1720 -621.7053 -648.5150 -629.1614 -647.7467 -644.7831 -651.6901
 [64] -639.6312 -633.6009 -635.7010 -635.8374 -637.7408 -634.9265 -618.2120
 [71] -604.3929 -616.4786 -625.7786 -631.4786 -624.8009 -638.8009 -636.6960
 [78] -631.3544 -637.7786 -635.3453 -615.5953 -618.3459 -623.3957 -628.8448
 [85] -623.1094 -613.9814 -593.2096 -616.8905 -577.6891 -569.0638 -576.2589
 [92] -584.7589 -601.7033 -598.0623 -604.8033 -590.8033 -580.5648 -590.2457
 [99] -596.8867 -594.3501


$movCicly
$movCicly[[1]]
  [1] 223.4128 215.9434 196.7239 194.5623 198.5633 192.9336 204.8689 198.2726
  [9] 187.0393 190.0674 190.7832 189.5418 190.1920 189.2672 196.6180 189.7164
 [17] 185.9004 190.0713 192.2241 194.5836 189.0172 181.1262 186.5429 188.6331
 [25] 184.0592 188.8788 190.2691 189.2494 193.3397 192.0397 192.0234 188.1254
 [33] 190.4587 187.1359 185.1021 184.7566 185.3604 182.9130 183.0130 186.7506
 [41] 182.2862 180.0699 185.3699 185.1033 188.8033 186.9033 187.1033 189.1033
 [49] 184.9033 183.3506 182.5130 182.5130 184.3709 183.3709 182.4566 182.4566
 [57] 183.4566 182.4566 185.5566 184.7906 184.4566 182.9566 183.3130 185.2566
 [65] 185.7566 183.8423 184.8423 184.5987 186.0130 186.7566 187.8423 186.7566
 [73] 187.2566 186.2566 186.2566 186.2566 185.9767 185.5293 186.2566 185.2566
 [81] 187.2566 186.3423 185.7897 189.0942 186.2566 188.7040 190.4107 190.1767
 [89] 189.6476 189.8816 189.7333 189.7333 188.2333 188.4897 188.2333 190.2333
 [97] 189.7237 190.4897 190.2333 191.6235


$buildId
$buildId[[1]]
  [1] -250.4698 -365.0788 -438.6359 -415.9815 -370.3091 -393.6797 -398.2337
  [8] -437.7022 -436.7287 -441.7117 -471.5935 -459.0131 -450.3226 -447.7548
 [15] -415.2607 -456.1369 -410.3324 -399.1665 -389.0514 -372.5840 -374.0697
 [22] -426.0369 -422.4099 -439.3543 -442.1043 -442.2194 -440.5448 -386.6186
 [29] -386.6787 -407.6837 -403.7284 -414.1337 -427.6972 -402.5250 -386.7059
 [36] -366.1901 -411.3901 -383.3901 -387.5234 -388.0567 -387.3424 -382.3901
 [43] -406.1901 -404.3901 -396.9109 -407.3871 -406.3871 -405.0538 -402.6371
 [50] -400.6371 -400.0538 -404.3395 -376.9440 -401.5136 -402.6728 -396.6898
 [57] -399.3088 -389.3921 -390.1921 -384.8588 -389.3395 -387.0588 -409.8588
 [64] -386.5255 -382.1921 -385.5895 -390.2562 -402.2921 -424.5255 -396.8421
 [71] -391.2921 -375.5088 -393.0326 -375.3660 -395.3660 -396.3660 -398.0017
 [78] -392.7160 -390.6041 -401.8538 -393.7586 -394.5419 -397.6848 -401.5731
 [85] -392.9541 -394.2874 -390.1921 -396.1921 -393.8012 -381.5681 -388.4943
 [92] -388.4943 -391.9705 -390.6371 -391.0231 -393.0231 -382.6371 -389.3038
 [99] -392.3564 -390.3038


$buildNRec
$buildNRec[[1]]
  [1] -318.3603 -308.0240 -366.2742 -285.7009 -267.3111 -281.2256 -295.2777
  [8] -320.0242 -290.5546 -312.2504 -330.5369 -309.1685 -306.8518 -303.0784
 [15] -271.0749 -295.2582 -260.1964 -266.9718 -256.5964 -243.8322 -239.5655
 [22] -277.4860 -283.2669 -303.2003 -305.1669 -293.5503 -302.8947 -259.9971
 [29] -254.6953 -275.3971 -277.2512 -271.4471 -286.8836 -269.7003 -254.5860
 [36] -233.4907 -266.8907 -251.6685 -251.9352 -256.5574 -257.2717 -245.8907
 [43] -266.4907 -259.8907 -259.6147 -253.6147 -249.5925 -250.6147 -255.1814
 [50] -256.4036 -255.9480 -258.8845 -234.8439 -249.1331 -249.8290 -250.3831
 [57] -251.4307 -228.3641 -235.9641 -233.9641 -231.3290 -229.0307 -248.5196
 [64] -233.3196 -236.8530 -237.7457 -233.7457 -257.2974 -276.2641 -262.3363
 [71] -264.6863 -240.5030 -260.3363 -239.7030 -258.2030 -258.2030 -262.4006
 [78] -246.4863 -246.2887 -254.9845 -246.6036 -254.2869 -256.6203 -266.1530
 [85] -252.7720 -257.7720 -272.5339 -270.8673 -275.1161 -264.7703 -268.1203
 [92] -268.1203 -265.5869 -263.9203 -265.9553 -268.9553 -261.9203 -261.5869
 [99] -260.9553 -261.5869


$tree
$tree[[1]]
  [1] -312.09117647  -49.34166667  -21.09803922  -40.75343137  -88.10245098
  [6]  -49.81568627    2.95098039  -40.15000000   18.63186275   22.04117647
 [11]    3.50686275   -0.41764706   31.33235294   33.19068627    5.16519608
 [16]   -5.66764706   15.72401961   18.80735294   -3.95147059    3.99852941
 [21]   14.59852941    5.01617647    5.43970588    9.94852941   13.64852941
 [26]    0.09852941  -16.95833333   -2.12598039  -13.62598039   -0.66715686
 [31]  -11.26715686  -18.13382353  -23.23529412  -26.54411765  -26.34411765
 [36]  -33.10882353  -16.87549020  -26.20931373  -23.33480392  -22.41813725
 [41]  -26.33480392  -22.83480392  -13.66764706  -15.37598039  -26.64264706
 [46]  -20.57598039  -18.74264706  -25.74264706  -20.74264706  -21.74264706
 [51]  -21.54264706  -27.62500000  -21.70147059  -29.14264706  -18.82500000
 [56]  -25.94264706  -20.77598039  -29.53480392  -24.15833333  -27.00147059
 [61]  -13.00147059  -12.15833333  -15.76617647  -18.35833333  -12.09166667
 [66]  -12.35833333  -13.09166667  -17.88284314  -24.37401961  -11.08284314
 [71]  -10.08284314   -5.34166667  -18.08284314   -7.34166667  -12.08284314
 [76]  -15.68284314   -9.03284314  -14.59950980  -21.24950980  -14.69950980
 [81]  -15.34950980  -15.74950980   -2.74950980   -7.84950980   -5.14950980
 [86]   -2.34950980   -3.24950980   -6.84950980   -0.84950980    4.05049020
 [91]    6.05049020    5.05049020    4.05049020    4.05049020    5.05049020
 [96]   -3.94950980   -5.99950980   -6.99950980   14.00049020   14.00049020


$smallPla
$smallPla[[1]]
  [1]  17.233333  16.105882  30.072549   2.800000  -5.827451  -6.098039
  [7] -10.064706  -5.294118  -4.594118  -4.760784  -7.692157  -7.892157
 [13]  -7.525490  -5.392157  -4.858824  -5.358824  -6.192157  -3.892157
 [19]  -4.092157  -7.258824  -5.592157  -9.525490 -12.490196 -10.123529
 [25] -11.790196  -8.490196 -12.058824 -10.558824 -10.558824  -9.892157
 [31] -10.558824 -10.358824  -9.990196 -11.790196 -11.790196 -12.025490
 [37] -10.692157 -11.358824 -10.790196  -9.123529  -9.790196  -9.790196
 [43]  -9.123529  -9.123529  -8.456863  -8.123529  -6.790196  -7.790196
 [49]  -9.790196  -7.790196  -7.790196  -8.790196  -8.590196  -8.590196
 [55]  -8.590196  -8.590196  -7.923529  -7.923529  -7.858824  -7.290196
 [61]  -9.290196  -9.858824 -10.525490 -10.358824 -11.192157 -11.358824
 [67] -10.192157 -12.192157  -9.692157 -11.692157  -9.692157 -11.692157
 [73] -11.692157 -11.692157 -11.692157 -11.192157 -11.192157 -11.858824
 [79] -10.858824 -11.358824  -9.358824  -9.858824  -8.858824  -8.358824
 [85]  -8.358824  -6.358824  -6.858824  -6.358824  -8.858824  -6.358824
 [91]  -6.358824  -6.358824  -6.358824  -8.358824  -6.358824  -6.358824
 [97]  -5.858824  -5.858824  -5.858824  -7.858824


$diffBuild
$diffBuild[[1]]
  [1] 252.50187  45.34113  34.34740 141.24395 162.17345 165.76070 144.69903
  [8] 158.10264 151.49755 138.12762 147.25469 135.46440 117.71375 132.62934
 [15] 132.26139 137.11139 141.68802 140.00793 138.56550 131.78217 141.34169
 [22] 143.24169 144.57503 156.14169 141.24169 147.00924 145.40836 157.79169
 [29] 167.14884 156.95836 165.12503 158.47503 148.07200 150.76485 162.74819
 [36] 166.89448 160.29448 165.91829 161.72782 163.11829 160.72782 161.97782
 [43] 157.21115 157.56115 156.64448 156.47782 155.72782 159.72782 163.59819
 [50] 159.22782 159.16485 152.24819 175.66485 160.97782 159.51485 171.87200
 [57] 175.49819 174.30533 164.58152 165.10533 157.87782 167.96115 160.96115
 [64] 171.08152 170.33152 171.83152 172.83152 176.83152 167.71115 170.21115
 [71] 175.21115 174.46115 168.81829 170.96115 168.81829 174.31829 166.71115
 [78] 164.81829 181.31829 176.31829 175.85163 179.22200 179.72200 170.35163
 [85] 177.85163 178.61485 174.11485 173.36485 179.13866 186.28152 186.28152
 [92] 185.53152 182.53152 186.78152 180.03152 178.13866 186.60533 180.96247
 [99] 181.93240 180.78954


$streeFur
$streeFur[[1]]
  [1] 45.84497 39.42642 58.04599 64.84220 60.52389 78.80291 66.31569 67.98176
  [9] 67.11348 66.04964 55.65686 52.73530 65.25156 65.49714 68.36028 60.08511
 [17] 56.01560 61.11513 62.52061 61.18355 60.16810 59.47380 59.05531 72.28133
 [25] 65.66328 67.43404 64.15705 72.33348 74.97763 72.19757 70.11632 72.04723
 [33] 65.53432 67.12580 70.44149 69.71787 71.10917 69.50694 68.27541 71.03792
 [41] 68.47458 70.39446 70.83633 74.07718 71.72331 73.55984 73.58484 74.00151
 [49] 75.81854 77.80249 73.31854 71.46753 71.15259 70.78176 70.68007 70.09604
 [57] 74.69326 70.78374 71.80454 70.75097 71.81455 73.75830 73.06445 74.89778
 [65] 75.30850 75.01574 73.08241 75.87854 75.56902 80.11445 83.51445 82.01921
 [73] 79.13350 81.90492 78.21921 78.81921 80.93591 78.95175 83.18350 77.06871
 [81] 79.88538 79.38657 81.67806 81.99920 83.60988 86.82539 88.86229 88.83729
 [89] 80.96527 87.53997 86.31497 86.92211 86.03640 86.03640 86.92181 85.20753
 [97] 90.96100 86.62172 89.26904 86.73600


$basCol
$basCol[[1]]
  [1]  -24.81209 -117.33017 -143.21870 -146.77364 -132.05951 -116.18232
  [7] -127.30654 -120.05654 -110.47058 -112.85632 -124.18515 -115.46234
 [13]  -98.36147 -110.83528 -103.44305 -100.67462 -110.21322 -102.06773
 [19] -108.28824 -111.21773 -107.77287 -102.63001 -111.08954 -105.24601
 [25] -104.27287 -101.64480 -114.07901 -105.37726 -103.07462 -103.32462
 [31] -107.32462 -114.32462 -115.49458 -112.30708 -108.42550 -106.94217
 [37] -109.39041 -102.14041 -106.10883 -100.99041 -106.17462 -103.17462
 [43] -104.85883 -104.84129 -103.89392 -100.60971 -105.87638 -102.60971
 [49] -103.52726 -100.54480 -100.29480 -102.56147  -99.05796 -102.77726
 [55]  -98.71059  -98.11059  -95.93110  -97.43110 -102.79952 -103.63286
 [61] -103.43110 -102.43110 -104.79952 -100.46619 -101.29952 -103.96619
 [67]  -98.96619 -104.51882  -99.01882 -103.29263 -101.29263 -103.24000
 [73] -104.21619 -107.04952 -105.54952 -104.28286 -103.44831 -104.06234
 [79] -105.94952 -105.07638 -104.34305 -107.84305 -104.84305 -104.31234
 [85] -102.71619 -102.08615 -101.41949 -100.56234 -101.13352  -96.96685
 [91]  -95.63352  -96.38352  -95.52638  -95.05019  -96.57901  -95.10282
 [97]  -90.82333  -92.49000  -95.49000  -95.74000


$ligh
$ligh[[1]]
  [1]  69.71557 -17.88377  15.58531  18.52566  20.53662  35.99276  24.94539
  [8]  32.77873  35.74013  26.41601  26.41996  21.88311  22.88750  23.48750
 [15]  22.87785  23.02873  22.65329  20.78136  20.14803  17.06469  19.64364
 [22]  20.97697  20.42697  19.04890  18.31031  20.02697  18.93048  16.44803
 [29]  14.64539  15.72873  18.06206  18.06206  17.28355  18.15855  18.72434
 [36]  15.35768  17.57522  16.15855  17.52434  16.79189  18.52873  18.52873
 [43]  20.10768  18.02873  20.80066  22.09715  19.56382  19.43048  18.53399
 [50]  18.77083  20.02083  19.73750  21.17873  21.61732  19.00066  19.95066
 [57]  20.61732  18.61732  20.93311  16.93311  18.28399  20.28399  19.59978
 [64]  19.26645  20.59978  17.76645  19.26645  18.20504  20.20504  19.45504
 [71]  18.45504  19.34978  17.34978  19.68311  19.34978  19.21645  20.28838
 [78]  17.84978  17.71645  18.44452  18.41118  19.41118  17.41118  17.93311
 [85]  19.34978  21.18311  20.68311  20.68311  20.21118  19.04452  17.04452
 [92]  17.29452  17.96118  16.62785  18.06645  15.06645  14.43311  15.43311
 [99]  18.18311  16.09978


$accenCol
$accenCol[[1]]
  [1]  96.750824   6.909601 -40.693672 -31.905316  -6.258449  14.583656
  [7]  18.899378  17.632712  13.485343  15.774817   2.391416  19.689662
 [13]  25.992293  20.280388  26.208960  25.148434  19.119486  30.776880
 [19]  31.107649  31.876880  29.480890  26.718985  30.664223  27.475694
 [25]  28.647556  21.152820  26.915977  34.038784  37.065100  27.815100
 [31]  30.315100  28.315100  26.551942  34.051942  36.762469  43.979135
 [37]  36.051942  43.968609  38.479135  39.768609  36.531767  39.031767
 [43]  31.312469  35.865100  30.312469  29.149311  32.049311  32.649311
 [49]  34.512469  33.442293  34.275627  34.075627  38.065100  36.012469
 [55]  41.312469  38.012469  39.243238  39.743238  32.953764  38.620431
 [61]  41.243238  41.243238  39.453764  40.953764  38.453764  40.453764
 [67]  36.953764  34.901133  39.401133  40.389228  37.889228  39.441859
 [73]  38.203764  36.203764  38.203764  39.303764  38.420363  40.472995
 [79]  38.803764  38.625627  36.525627  30.525627  34.525627  33.972995
 [85]  36.203764  33.711090  36.377757  34.972995  40.163722  40.830388
 [91]  40.663722  40.413722  40.175627  46.413722  39.122995  42.861090
 [97]  48.858526  44.691859  41.191859  43.691859


$peop
$peop[[1]]
  [1] -863.3131 -776.5191 -623.1738 -571.6818 -493.3837 -496.8981 -464.3217
  [8] -465.8892 -482.6363 -480.1865 -491.2171 -475.0108 -486.8266 -472.1465
 [15] -457.6655 -450.1814 -465.8009 -453.7227 -426.2810 -453.1505 -459.1729
 [22] -447.4205 -441.4075 -434.0131 -454.8575 -446.2423 -431.5520 -458.4679
 [29] -448.9180 -457.7736 -443.7867 -463.1895 -475.8135 -484.5024 -470.2346
 [36] -482.0006 -474.9402 -464.6423 -464.2234 -464.1311 -459.1534 -457.1534
 [43] -452.7518 -442.8023 -446.1648 -444.2521 -458.5394 -456.7728 -432.4303
 [50] -443.6728 -435.1319 -439.8748 -437.2814 -454.2208 -458.1591 -439.3557
 [57] -435.0021 -442.8992 -446.0532 -456.6900 -467.9421 -458.7942 -457.6532
 [64] -459.4310 -446.2984 -454.2227 -450.4310 -426.0497 -441.2719 -447.1195
 [71] -440.2405 -445.8127 -439.7762 -446.0984 -442.7095 -443.7095 -448.1151
 [78] -449.4317 -444.2651 -449.6817 -448.7484 -435.5262 -441.7262 -447.5317
 [85] -447.2651 -444.4127 -434.7460 -436.5317 -436.9960 -438.3960 -437.6738
 [92] -439.6738 -445.5595 -438.6071 -447.1429 -442.6905 -436.5238 -437.8571
 [99] -452.8571 -447.3571


$graff
$graff[[1]]
  [1]  24  -3 -16 -32 -29 -23 -26 -23 -22 -22 -23 -27 -33 -33 -35 -32 -32 -32
 [19] -32 -31 -29 -26 -25 -23 -20 -21 -22 -24 -24 -25 -25 -22 -24 -25 -26 -26
 [37] -26 -23 -24 -24 -23 -23 -25 -25 -24 -25 -24 -24 -24 -24 -25 -24 -23 -23
 [55] -23 -22 -24 -22 -25 -24 -25 -25 -25 -25 -25 -23 -24 -23 -24 -24 -23 -24
 [73] -22 -23 -22 -21 -24 -23 -22 -21 -22 -20 -21 -23 -23 -23 -24 -24 -21 -23
 [91] -23 -23 -21 -23 -22 -25 -24 -23 -24 -23


$buildDiffAges
$buildDiffAges[[1]]
  [1] -22 -13 -22 -41 -41 -55 -50 -41 -45 -46 -44 -50 -57 -58 -58 -55 -55 -57
 [19] -61 -59 -56 -56 -54 -52 -53 -55 -56 -56 -54 -57 -58 -56 -57 -58 -56 -59
 [37] -56 -57 -56 -56 -54 -54 -56 -58 -56 -58 -57 -58 -60 -59 -61 -60 -61 -60
 [55] -60 -61 -63 -65 -65 -63 -61 -65 -64 -66 -66 -63 -66 -66 -64 -63 -61 -63
 [73] -61 -63 -62 -62 -62 -61 -62 -61 -60 -60 -62 -62 -62 -62 -62 -63 -58 -60
 [91] -61 -61 -60 -61 -61 -63 -63 -62 -63 -62


$streetWid
$streetWid[[1]]
  [1] -359.24015 -208.26535 -244.57268  -17.56738  114.04068  321.43179
  [7]  390.52286  201.51511  335.38357  291.96004  319.98179  259.88861
 [13]  326.46095  314.23341  254.70734  250.97989  306.55051  290.42667
 [19]  220.88196  324.96734  277.21400  221.96870  239.18618  250.06414
 [25]  262.66168  228.26663  196.10234  290.70610  280.55769  286.73943
 [31]  299.88931  297.92515  282.75848  304.08325  293.91659  271.53356
 [37]  266.32973  238.92007  218.43912  267.78101  266.06544  263.45579
 [43]  256.81951  252.25284  239.52904  218.98518  205.36237  209.73518
 [49]  237.94132  243.07114  240.27465  198.87227  183.96274  175.51513
 [55]  195.30560  219.58179  189.25798  181.25798  198.75798  187.51092
 [61]  197.71513  221.25798  215.67465  242.55798  252.89132  215.53179
 [67]  216.06513  193.10798  202.37465  267.09132  257.75798  260.69132
 [73]  226.12465  242.52465  235.52465  219.81412  261.26832  246.57477
 [79]  230.48079  214.79508  209.65633  233.32299  263.21654  250.85940
 [85]  249.14204  275.85940  280.65532  275.30238  303.40088  296.73001
 [91]  320.44373  320.44373  294.61040  301.14373  305.65326  324.48659
 [97]  314.14495  316.45867  360.40153  366.42534


$sidewalkWid
$sidewalkWid[[1]]
  [1] -153.99888  -54.67055  -59.97736  -73.90532  -94.48352 -116.53794
  [7] -110.15323 -113.17074 -110.99560 -117.49578 -127.63852 -133.09433
 [13] -115.98709 -108.94018 -112.98381 -114.95213 -118.56534 -117.67072
 [19] -124.85333 -108.65403 -120.34464 -115.74933 -118.31645 -121.86175
 [25] -113.78166 -117.35257 -121.60879 -110.89338 -107.98231 -107.02748
 [31] -105.82578 -109.41287 -105.91882 -101.33611  -98.76111  -98.26235
 [37] -105.93429 -103.03517 -100.80540  -94.02561  -96.79027  -96.02624
 [43]  -96.32281  -99.63114  -98.39007  -96.65586 -101.45257 -102.13919
 [49] -103.91331 -100.51661 -106.62165 -112.00558 -110.21331 -110.00617
 [55] -112.27641 -112.46450 -111.06927 -114.46093 -112.12760 -118.08936
 [61] -113.13117 -111.34427 -112.19010 -108.69010 -106.59843 -112.77284
 [67] -113.10617 -114.86093 -108.32760 -104.23177 -105.33177 -104.01510
 [73] -112.79010 -106.84010 -112.75677 -113.23922 -102.42840 -109.48271
 [79] -110.50589 -111.50470 -107.17116 -108.78782 -105.56685 -102.16328
 [85] -101.48068  -94.53828  -94.81408  -96.44398  -99.07964  -89.81283
 [91]  -91.81773  -92.48440 -101.70106 -100.59273  -99.82249  -95.17249
 [97]  -99.40947 -101.03937  -98.26080 -102.81437


$debris
$debris[[1]]
  [1] -0.14905928 -0.19786496 -0.17253613 -0.09939646 -0.09857939 -0.07893871
  [7] -0.08561720 -0.08981389 -0.08185903 -0.09557375 -0.08981095 -0.10704805
 [13] -0.10528135 -0.10631250 -0.11079568 -0.11022109 -0.10497597 -0.10172215
 [19] -0.10327543 -0.10668943 -0.10392673 -0.11325379 -0.10944487 -0.11062409
 [25] -0.10932307 -0.11893748 -0.11054821 -0.10912881 -0.11380216 -0.11071727
 [31] -0.11016406 -0.10661627 -0.11292346 -0.10458911 -0.10620575 -0.11158716
 [37] -0.10954520 -0.10977613 -0.11371696 -0.11701961 -0.11088962 -0.11645265
 [43] -0.11190836 -0.11131487 -0.11226256 -0.11331802 -0.11292478 -0.11383148
 [49] -0.10986022 -0.11456773 -0.10993417 -0.11195226 -0.10769823 -0.10621631
 [55] -0.10942380 -0.10425471 -0.10412278 -0.10728718 -0.10503451 -0.10603777
 [61] -0.10880741 -0.10371519 -0.10799854 -0.10449350 -0.10266732 -0.10651058
 [67] -0.10666408 -0.10358465 -0.10475402 -0.09841342 -0.09946638 -0.10285204
 [73] -0.10086902 -0.10080461 -0.09868142 -0.09848659 -0.09908272 -0.10052969
 [79] -0.09935640 -0.10059908 -0.10223935 -0.09876423 -0.10240519 -0.10604743
 [85] -0.10234815 -0.10168266 -0.10045726 -0.10069086 -0.09716263 -0.09902296
 [91] -0.09983631 -0.09864600 -0.09999946 -0.10238573 -0.09882082 -0.10324941
 [97] -0.10332761 -0.10426729 -0.10028649 -0.10044665


$pavement
$pavement[[1]]
  [1] -0.13150565 -0.14988788 -0.14058056 -0.11332015 -0.11553098 -0.09680480
  [7] -0.10361652 -0.11001202 -0.10086920 -0.10602779 -0.09574737 -0.11395691
 [13] -0.11158597 -0.11546198 -0.11673032 -0.11433764 -0.11485566 -0.11150681
 [19] -0.11869368 -0.11545184 -0.11744042 -0.12248549 -0.11750912 -0.11807225
 [25] -0.11919091 -0.12492280 -0.11687179 -0.11677274 -0.11835000 -0.11941127
 [31] -0.12051768 -0.12010017 -0.12529546 -0.11962782 -0.11831721 -0.12104822
 [37] -0.12191975 -0.12305877 -0.12297084 -0.12510870 -0.12168530 -0.12575532
 [43] -0.12051474 -0.12203399 -0.12000911 -0.12198623 -0.12392873 -0.12523578
 [49] -0.12242875 -0.12538316 -0.12503928 -0.12494520 -0.12683013 -0.12180544
 [55] -0.12121452 -0.12341752 -0.12421116 -0.12438985 -0.12551626 -0.12602670
 [61] -0.12630443 -0.12625407 -0.12601751 -0.12022768 -0.11965902 -0.12062502
 [67] -0.12354563 -0.12514940 -0.11977688 -0.12246785 -0.12426152 -0.12578870
 [73] -0.12409650 -0.12392937 -0.12301048 -0.12259133 -0.11833189 -0.12133973
 [79] -0.12234621 -0.12123413 -0.12297895 -0.12360424 -0.12568923 -0.12464515
 [85] -0.12304151 -0.12178906 -0.12067700 -0.11929528 -0.11862045 -0.11834410
 [91] -0.12109733 -0.12058037 -0.12282937 -0.12395972 -0.12195743 -0.12106909
 [97] -0.12262811 -0.12313878 -0.12145423 -0.12167895


$landscape
$landscape[[1]]
  [1] -0.042673777 -0.039781535 -0.019615966  0.019206683  0.014033702
  [6]  0.022172456  0.023096797  0.021714464  0.033112820  0.030210692
 [11]  0.030066419  0.023767650  0.027793718  0.023864684  0.021170983
 [16]  0.026102977  0.023478159  0.019059715  0.016599436  0.014000496
 [21]  0.015998818  0.013236494  0.010679603  0.014714192  0.016958769
 [26]  0.009186322  0.015214218  0.013298937  0.010304862  0.010450523
 [31]  0.007687969  0.011728687  0.009375141  0.016285702  0.016531015
 [36]  0.012297420  0.012551350  0.012518613  0.011405091  0.011763456
 [41]  0.015104511  0.013422509  0.017809952  0.016711128  0.014701663
 [46]  0.018077241  0.015403789  0.014079075  0.016963613  0.013556904
 [51]  0.015535694  0.012274261  0.011643981  0.013786959  0.012143385
 [56]  0.011545586  0.016414073  0.011383623  0.014525698  0.012283438
 [61]  0.013979809  0.015906164  0.014137138  0.016198853  0.016418619
 [66]  0.013915236  0.013596962  0.011695277  0.014718543  0.018662571
 [71]  0.015696226  0.015348386  0.014871143  0.016355676  0.016285052
 [76]  0.016288156  0.017901465  0.015549922  0.016139331  0.014746400
 [81]  0.015008562  0.015491478  0.013132585  0.012612305  0.015394170
 [86]  0.017532968  0.018783102  0.018973903  0.020047581  0.020453872
 [91]  0.018493446  0.019467163  0.016647185  0.015726718  0.018083784
 [96]  0.016644237  0.015359789  0.014690660  0.017749196  0.016051754


$propStreetWall
$propStreetWall[[1]]
  [1] 0.04072188 0.03556990 0.01919218 0.02154688 0.01993622 0.02510240
  [7] 0.01959593 0.02200805 0.02553819 0.02136266 0.02073805 0.02354905
 [13] 0.02287883 0.02152655 0.02141915 0.02300870 0.02079476 0.02147661
 [19] 0.02359792 0.02164304 0.02303806 0.02432870 0.02356158 0.02527993
 [25] 0.02608854 0.02539877 0.02399794 0.02380356 0.02324131 0.02294222
 [31] 0.02082530 0.02259415 0.02184660 0.02227199 0.02183551 0.02282299
 [37] 0.02168335 0.02343263 0.02351697 0.02344405 0.02348984 0.02317199
 [43] 0.02363777 0.02345990 0.02200394 0.02407484 0.02233334 0.02261639
 [49] 0.02234395 0.02177130 0.02151880 0.02210053 0.02253397 0.02246367
 [55] 0.02267693 0.02185818 0.02370643 0.02418320 0.02407776 0.02384198
 [61] 0.02431321 0.02425782 0.02389481 0.02419472 0.02433910 0.02454489
 [67] 0.02559434 0.02407208 0.02505983 0.02509210 0.02405305 0.02425355
 [73] 0.02394950 0.02378736 0.02441588 0.02467386 0.02369485 0.02368094
 [79] 0.02332912 0.02385116 0.02320119 0.02299979 0.02322256 0.02319730
 [85] 0.02447490 0.02309616 0.02319527 0.02232637 0.02340851 0.02310685
 [91] 0.02253208 0.02264200 0.02335215 0.02363727 0.02297775 0.02309090
 [97] 0.02448419 0.02454721 0.02423713 0.02484531


$propWind
$propWind[[1]]
  [1]  0.0107456866 -0.0078158572  0.0011142551 -0.0013831596 -0.0015009852
  [6] -0.0032995325 -0.0056979316 -0.0036493808 -0.0058327673 -0.0048634055
 [11] -0.0042719118 -0.0038861850 -0.0038518833 -0.0026321251 -0.0028230730
 [16] -0.0033935156 -0.0034728208 -0.0032776114 -0.0052504210 -0.0036167243
 [21] -0.0034645621 -0.0034029982 -0.0023704513 -0.0018353764 -0.0026540473
 [26] -0.0031622122 -0.0020308663 -0.0016723240 -0.0012713308 -0.0019216240
 [31] -0.0009541709 -0.0024494474 -0.0021794658 -0.0020950019 -0.0012565559
 [36] -0.0010840162 -0.0008403497 -0.0007928554 -0.0012813242 -0.0012683804
 [41] -0.0017988207 -0.0011766654 -0.0014048024 -0.0016730752 -0.0017398844
 [46] -0.0021424978 -0.0021064593 -0.0020377949 -0.0025620087 -0.0015534435
 [51] -0.0017050660 -0.0026466042 -0.0019692850 -0.0026806012 -0.0028123482
 [56] -0.0029581053 -0.0031003923 -0.0028081535 -0.0026811092 -0.0023369703
 [61] -0.0024701560 -0.0019924329 -0.0017683673 -0.0021220501 -0.0022680601
 [66] -0.0031628203 -0.0031012578 -0.0028152753 -0.0024211778 -0.0022056203
 [71] -0.0019798815 -0.0017720602 -0.0016960531 -0.0016919730 -0.0019860742
 [76] -0.0021842138 -0.0018698322 -0.0018824611 -0.0012139365 -0.0014094503
 [81] -0.0008695596 -0.0016191829 -0.0015614272 -0.0014661473 -0.0012544831
 [86] -0.0017730608 -0.0013449015 -0.0010227900 -0.0014216211 -0.0006662900
 [91] -0.0008629124 -0.0008620563 -0.0016699237 -0.0011291921 -0.0019200926
 [96] -0.0019303790 -0.0014203467 -0.0021838445 -0.0025579839 -0.0026959795


$longSight
$longSight[[1]]
  [1]  -48.33853 -101.84134 -100.54394  -63.69827  -46.79740  -47.93615
  [7]  -32.51710  -32.03918  -40.23463  -48.56147  -46.22251  -39.77251
 [13]  -43.18918  -36.62403  -43.47251  -46.00433  -44.20433  -42.53766
 [19]  -42.17100  -36.10433  -36.85281  -38.00281  -40.06948  -41.72100
 [25]  -43.38615  -40.00433  -35.17100  -37.53766  -37.37100  -36.37100
 [31]  -32.70433  -39.97100  -38.47100  -32.78918  -36.53766  -35.45584
 [37]  -39.87100  -32.37100  -35.37100  -38.37100  -32.77100  -35.80433
 [43]  -36.13766  -35.87100  -36.07100  -38.80433  -36.70433  -37.60433
 [49]  -34.08766  -37.12100  -34.70433  -32.67100  -30.75433  -27.50433
 [55]  -32.50433  -30.42100  -31.25433  -31.93766  -30.43766  -31.77100
 [61]  -33.93766  -30.60433  -34.93766  -34.93766  -30.83766  -32.83766
 [67]  -32.93766  -28.93766  -30.43766  -33.43766  -32.83766  -34.33766
 [73]  -30.83766  -29.83766  -29.83766  -30.13766  -29.50433  -30.50433
 [79]  -32.63766  -29.63766  -28.33766  -25.33766  -30.33766  -34.67100
 [85]  -34.33766  -33.83766  -32.50433  -33.50433  -30.93766  -29.30433
 [91]  -31.80433  -31.80433  -31.43766  -34.93766  -31.43766  -36.43766
 [97]  -38.83766  -39.83766  -35.83766  -36.67100


$propSkyAhead
$propSkyAhead[[1]]
  [1] 0.05846721 0.06112194 0.04522951 0.03747414 0.04827321 0.06466647
  [7] 0.05219033 0.05235722 0.04985834 0.04836622 0.04642410 0.04791034
 [13] 0.04289833 0.04367670 0.04655964 0.04347117 0.04196689 0.04496866
 [19] 0.04568849 0.04659187 0.04829082 0.04468487 0.04438984 0.04905291
 [25] 0.04778996 0.04773125 0.04738282 0.05173922 0.05154926 0.05185280
 [31] 0.05157239 0.05235855 0.05342414 0.05257143 0.05274829 0.05288117
 [37] 0.05170498 0.05305041 0.05261893 0.05239025 0.05086851 0.05092121
 [43] 0.05050324 0.04993465 0.04934677 0.05061033 0.05149086 0.05173072
 [49] 0.05202263 0.05300554 0.05068420 0.05108013 0.05181082 0.05057459
 [55] 0.05165159 0.05247089 0.05169196 0.05195299 0.05201097 0.05330029
 [61] 0.05057561 0.05190029 0.05060583 0.05233704 0.05125265 0.05475042
 [67] 0.05434888 0.05586840 0.05367759 0.05563876 0.05572254 0.05557955
 [73] 0.05443541 0.05370016 0.05387052 0.05384313 0.05460420 0.05543125
 [79] 0.05414755 0.05316545 0.05274952 0.05305917 0.05401627 0.05375265
 [85] 0.05324425 0.05446181 0.05489570 0.05345863 0.05353562 0.05325034
 [91] 0.05305173 0.05299910 0.05521327 0.05495525 0.05526815 0.05351114
 [97] 0.05599516 0.05619871 0.05488448 0.05581747


$propSkyAcross
$propSkyAcross[[1]]
  [1] 0.07733272 0.09542944 0.07086071 0.04981515 0.06204220 0.07104638
  [7] 0.06790235 0.06295322 0.06035580 0.05837130 0.05901614 0.05866461
 [13] 0.05846067 0.05360952 0.05786467 0.05499203 0.05699643 0.05833882
 [19] 0.05605368 0.05623459 0.05778225 0.05392653 0.05280810 0.05522647
 [25] 0.05612817 0.05725058 0.05459380 0.05844316 0.05703155 0.06002405
 [31] 0.05882834 0.05680977 0.05788164 0.05824041 0.05842052 0.05942568
 [37] 0.05808587 0.05718068 0.05759804 0.05677890 0.05572159 0.05571583
 [43] 0.05594519 0.05502580 0.05318042 0.05452170 0.05510658 0.05507443
 [49] 0.05471068 0.05618506 0.05427632 0.05397670 0.05493506 0.05326586
 [55] 0.05417598 0.05348292 0.05363661 0.05416197 0.05548409 0.05601484
 [61] 0.05472302 0.05485944 0.05376919 0.05533309 0.05443892 0.05723942
 [67] 0.05776898 0.05756182 0.05616658 0.05674876 0.05652450 0.05687785
 [73] 0.05497797 0.05508705 0.05437957 0.05421792 0.05582034 0.05547867
 [79] 0.05491979 0.05439867 0.05404162 0.05268919 0.05466939 0.05505723
 [85] 0.05437915 0.05472335 0.05520210 0.05456335 0.05356383 0.05489217
 [91] 0.05507837 0.05502373 0.05657092 0.05688567 0.05632894 0.05597568
 [97] 0.05854286 0.05736553 0.05748411 0.05784691


$buildHeight
$buildHeight[[1]]
  [1] 3949.859 4541.558 4756.181 6122.909 5977.175 5511.204 5772.115 6030.660
  [9] 5880.380 5866.147 5966.237 5856.805 5896.444 6005.302 5853.233 5676.344
 [17] 5691.186 5811.011 5847.986 5788.822 5799.931 5964.325 5960.075 5869.387
 [25] 5893.542 5769.479 5886.443 5801.502 5851.284 5748.795 5660.545 5677.367
 [33] 5599.890 5619.804 5685.392 5699.568 5948.788 5810.159 5860.735 5681.484
 [41] 5801.146 5777.146 5747.269 5802.612 5958.040 5861.815 5789.159 5798.909
 [49] 5830.602 5848.277 5934.244 5911.494 5916.208 6062.040 6042.612 6069.112
 [57] 6006.791 5976.601 5902.242 5978.492 6075.844 6066.844 6106.503 6051.367
 [65] 6045.742 6084.283 5983.825 5903.200 5919.128 5911.753 5952.336 5964.336
 [73] 5954.336 5959.586 6062.336 6074.661 5912.619 6014.919 6055.828 6046.161
 [81] 5932.836 5909.617 5862.483 5852.286 6030.753 5869.025 5896.400 5880.942
 [89] 5981.389 5913.181 5873.431 5873.431 5851.264 5969.442 5849.264 5846.598
 [97] 5877.858 5850.442 5841.442 5928.442


$propActiveUse
$propActiveUse[[1]]
  [1] -0.06266240 -0.07592536 -0.08723988 -0.07772553 -0.07290678 -0.06985626
  [7] -0.07127665 -0.07337030 -0.07013789 -0.07095625 -0.07508176 -0.07098829
 [13] -0.07031242 -0.07105722 -0.07218459 -0.07149540 -0.07070546 -0.07140006
 [19] -0.07198392 -0.07390608 -0.06976878 -0.07144108 -0.07037904 -0.06806950
 [25] -0.06786613 -0.06894976 -0.07101756 -0.07021932 -0.07047199 -0.06931064
 [31] -0.06969736 -0.07060175 -0.07063805 -0.07058032 -0.07095536 -0.07133731
 [37] -0.07107743 -0.07124045 -0.07230312 -0.07076980 -0.07162619 -0.07187323
 [43] -0.07087714 -0.07070272 -0.07117690 -0.06904038 -0.07044187 -0.06999182
 [49] -0.06979132 -0.06964748 -0.07068521 -0.07066342 -0.06993467 -0.07062149
 [55] -0.07066000 -0.07029933 -0.06835779 -0.06823734 -0.06902345 -0.06942353
 [61] -0.06919978 -0.06764355 -0.06902853 -0.06795002 -0.06737032 -0.06857577
 [67] -0.06739610 -0.06712520 -0.06786293 -0.06640698 -0.06702212 -0.06643774
 [73] -0.06717300 -0.06673749 -0.06690214 -0.06696748 -0.06767268 -0.06793671
 [79] -0.06736399 -0.06800817 -0.06831548 -0.06861414 -0.06758444 -0.06798013
 [85] -0.06674263 -0.06771409 -0.06772339 -0.06759113 -0.06800256 -0.06773376
 [91] -0.06809540 -0.06812705 -0.06699134 -0.06820514 -0.06695853 -0.06792737
 [97] -0.06777680 -0.06750040 -0.06708867 -0.06738276


$movCarsN
$movCarsN[[1]]
[1] 8804.795


$parkCarsN
$parkCarsN[[1]]
[1] 22714.58


$movCiclyN
$movCiclyN[[1]]
[1] 2662.119


$buildIdN
$buildIdN[[1]]
[1] 10307.54


$buildNRecN
$buildNRecN[[1]]
[1] 10367.03


$treeN
$treeN[[1]]
[1] 15723.24


$smallPlaN
$smallPlaN[[1]]
[1] 939.5333


$diffBuildN
$diffBuildN[[1]]
[1] 12321.84


$streeFurN
$streeFurN[[1]]
[1] 5737.34


$basColN
$basColN[[1]]
[1] 5094.668


$lighN
$lighN[[1]]
[1] 1985.973


$accenColN
$accenColN[[1]]
[1] 5897.676


$peopN
$peopN[[1]]
[1] 13767.32


$graffN
$graffN[[1]]
[1] 1152


$buildDiffAgesN
$buildDiffAgesN[[1]]
[1] 1760


$streetWidN
$streetWidN[[1]]
[1] 49113.32


$sidewalkWidN
$sidewalkWidN[[1]]
[1] 6385.188


$debrisN
$debrisN[[1]]
[1] 0.8615015


$pavementN
$pavementN[[1]]
[1] 0.837261


$landscapeN
$landscapeN[[1]]
[1] 0.8501494


$propStreetWallN
$propStreetWallN[[1]]
[1] 0.2187537


$propWindN
$propWindN[[1]]
[1] 0.12055


$longSightN
$longSightN[[1]]
[1] 4914.278


$propSkyAheadN
$propSkyAheadN[[1]]
[1] 0.3589732


$propSkyAcrossN
$propSkyAcrossN[[1]]
[1] 0.3581896


$buildHeightN
$buildHeightN[[1]]
[1] 63664.4


$propActiveUseN
$propActiveUseN[[1]]
[1] 0.248248


[1] ">>>> Cars"
feature realS lowerS higherS normS normS2
propActiveUse -0.0696577846804531 -0.0705409875233739 -0.0687745818375323 -0.280597527634387 -0.280104964026493
propSkyAcross 0.0570557820042276 0.0553772948685504 0.0587342691399049 0.159289333372207 0.156231325068118
pavement -0.120738679969027 -0.122881846249152 -0.118595513688901 -0.144206737773166 -0.145399317619889
propSkyAhead 0.0516538161712593 0.0504273117713431 0.0528803205711755 0.14389324916863 0.145824628023655
debris -0.106769367553157 -0.111125630150626 -0.102413104955689 -0.123934047374197 -0.121886307543332
propStreetWall 0.0234865285856815 0.0227096483451858 0.0242634088261773 0.107365170658627 0.106879704511952
buildHeight 5846.40994762144 5757.57268701639 5935.2472082265 0.0918316942397607 0.0924173038484597
movCicly 188.38740787693 186.503992126026 190.270823627834 0.0707659505814289 0.0702897009673082
buildId -400.034832915622 -408.133699622736 -391.935966208507 -0.0388099148380123 -0.038397034535535
peop -462.525346320347 -480.428875742451 -444.621816898242 -0.0335958814559683 -0.0326013427762483
buildDiffAges -57.27 -59.9427111941311 -54.5972888058689 -0.0325397727272727 -0.0340909090909091
movCars 250.869197335338 245.515657589009 256.222737081666 0.0284923388739722 0.0286009147779056
parkCars -599.188885573408 -628.087537199952 -570.290233946864 -0.0263790440083233 -0.0272632201619148
buildNRec -265.499481203007 -273.027934278534 -257.971028127481 -0.0256099957019032 -0.0251052118677499
graff -23.65 -25.5478392934646 -21.7521607065354 -0.0205295138888889 -0.0208333333333333
basCol -104.565960550414 -108.293574239289 -100.83834686154 -0.0205245891757294 -0.0203129603376756
propWind -0.00212786125425082 -0.00268086743962293 -0.00157485506887871 -0.0176512792601107 -0.0165014849039916
landscape 0.0147169022188478 0.0116575667279017 0.017776237709794 0.0173109607520152 0.018170493442494
sidewalkWid -106.552587630641 -110.380568317516 -102.724606943767 -0.0166874633648174 -0.016847857206123
diffBuild 161.135693679743 153.520780834163 168.750606525322 0.0130772391542403 0.0133169889087738
streeFur 72.9469464817327 69.9566861139629 75.9372068495024 0.0127144188946347 0.0126029490141783
ligh 19.7563311403507 17.5233541395434 21.9893081411581 0.00994793748036521 0.00963390711277055
smallPla -7.73098039215687 -9.52344948881892 -5.93851129549481 -0.00822853231266256 -0.00914304556705251
longSight -37.0225367965368 -40.3811642043608 -33.6639093887128 -0.00753366735722157 -0.0071094189935547
accenCol 32.5807100925391 27.9463272528857 37.2150929321925 0.00552433030204589 0.00610956004961131
streetWid 238.150264444394 205.314026025835 270.986502862952 0.00484899546200132 0.00512317980714827
tree -14.2594313725493 -25.0750137965806 -3.44384894851795 -0.000906901419526442 -0.000829763214188353
feature value norm
imageability -1232.62562098939 -0.0311768569521092
complexity -809.01379880525 -0.00742704283676079
coherence -499.077319156139 -0.0145745881381848
linkage 451.996924983195 0.00719369270874725
legibility -437.057369712159 -0.0287125561537933
humanScale 248.571852397155 0.00239823281440881
enclosure 206.624627415658 0.00288031510692622
transparency -106.552587630641 -0.0166874633648174
tidiness 49.0841553364293 0.00712201758189058
     feature     value         norm
1 complexity -809.0138 -0.007427043
         feature      realS      lowerS     higherS         normS        normS2
1        movCars  250.86920  245.515658  256.222737  0.0284923389  0.0286009148
2       parkCars -599.18889 -628.087537 -570.290234 -0.0263790440 -0.0272632202
3       movCicly  188.38741  186.503992  190.270824  0.0707659506  0.0702897010
4      buildNRec -265.49948 -273.027934 -257.971028 -0.0256099957 -0.0251052119
5           tree  -14.25943  -25.075014   -3.443849 -0.0009069014 -0.0008297632
6       smallPla   -7.73098   -9.523449   -5.938511 -0.0082285323 -0.0091430456
7      diffBuild  161.13569  153.520781  168.750607  0.0130772392  0.0133169889
8       streeFur   72.94695   69.956686   75.937207  0.0127144189  0.0126029490
9         basCol -104.56596 -108.293574 -100.838347 -0.0205245892 -0.0203129603
10          ligh   19.75633   17.523354   21.989308  0.0099479375  0.0096339071
11      accenCol   32.58071   27.946327   37.215093  0.0055243303  0.0061095600
12          peop -462.52535 -480.428876 -444.621817 -0.0335958815 -0.0326013428
13         graff  -23.65000  -25.547839  -21.752161 -0.0205295139 -0.0208333333
14 buildDiffAges  -57.27000  -59.942711  -54.597289 -0.0325397727 -0.0340909091
     feature    value        norm
1 humanScale 248.5719 0.002398233
       feature      realS      lowerS     higherS         normS        normS2
1      movCars  250.86920  245.515658  256.222737  0.0284923389  0.0286009148
2     movCicly  188.38741  186.503992  190.270824  0.0707659506  0.0702897010
3         tree  -14.25943  -25.075014   -3.443849 -0.0009069014 -0.0008297632
4     smallPla   -7.73098   -9.523449   -5.938511 -0.0082285323 -0.0091430456
5     streeFur   72.94695   69.956686   75.937207  0.0127144189  0.0126029490
6         ligh   19.75633   17.523354   21.989308  0.0099479375  0.0096339071
7         peop -462.52535 -480.428876 -444.621817 -0.0335958815 -0.0326013428
8    streetWid  238.15026  205.314026  270.986503  0.0048489955  0.0051231798
9  buildHeight 5846.40995 5757.572687 5935.247208  0.0918316942  0.0924173038
10   longSight  -37.02254  -40.381164  -33.663909 -0.0075336674 -0.0071094190
       feature     value        norm
1 imageability -1232.626 -0.03117686
    feature     realS    lowerS   higherS       normS      normS2
1   buildId -400.0348 -408.1337 -391.9360 -0.03880991 -0.03839703
2 buildNRec -265.4995 -273.0279 -257.9710 -0.02561000 -0.02510521
3    basCol -104.5660 -108.2936 -100.8383 -0.02052459 -0.02031296
4      peop -462.5253 -480.4289 -444.6218 -0.03359588 -0.03260134
    feature    value        norm
1 enclosure 206.6246 0.002880315
      feature      realS     lowerS     higherS         normS        normS2
1        tree  -14.25943  -25.07501   -3.443849 -0.0009069014 -0.0008297632
2        ligh   19.75633   17.52335   21.989308  0.0099479375  0.0096339071
3   streetWid  238.15026  205.31403  270.986503  0.0048489955  0.0051231798
4 buildHeight 5846.40995 5757.57269 5935.247208  0.0918316942  0.0924173038
5   longSight  -37.02254  -40.38116  -33.663909 -0.0075336674 -0.0071094190
    feature     value        norm
1 coherence -499.0773 -0.01457459
        feature      realS     lowerS    higherS        normS       normS2
1      streeFur   72.94695   69.95669   75.93721  0.012714419  0.012602949
2        basCol -104.56596 -108.29357 -100.83835 -0.020524589 -0.020312960
3          ligh   19.75633   17.52335   21.98931  0.009947937  0.009633907
4      accenCol   32.58071   27.94633   37.21509  0.005524330  0.006109560
5          peop -462.52535 -480.42888 -444.62182 -0.033595881 -0.032601343
6 buildDiffAges  -57.27000  -59.94271  -54.59729 -0.032539773 -0.034090909
7   buildHeight 5846.40995 5757.57269 5935.24721  0.091831694  0.092417304
  feature    value        norm
1 linkage 451.9969 0.007193693
    feature     realS    lowerS   higherS        normS       normS2
1   movCars 250.86920 245.51566 256.22274  0.028492339  0.028600915
2 streetWid 238.15026 205.31403 270.98650  0.004848995  0.005123180
3 longSight -37.02254 -40.38116 -33.66391 -0.007533667 -0.007109419
     feature     value        norm
1 legibility -437.0574 -0.02871256
    feature      realS     lowerS    higherS        normS       normS2
1   buildId -400.03483 -408.13370 -391.93597 -0.038809915 -0.038397035
2 longSight  -37.02254  -40.38116  -33.66391 -0.007533667 -0.007109419
       feature     value        norm
1 transparency -106.5526 -0.01668746
      feature     realS    lowerS   higherS       normS      normS2
1 sidewalkWid -106.5526 -110.3806 -102.7246 -0.01668746 -0.01684786
2 buildHeight 5846.4099 5757.5727 5935.2472  0.09183169  0.09241730
   feature    value        norm
1 tidiness 49.08416 0.007122018
    feature       realS       lowerS      higherS       normS      normS2
1  streeFur  72.9469465  69.95668611  75.93720685  0.01271442  0.01260295
2     graff -23.6500000 -25.54783929 -21.75216071 -0.02052951 -0.02083333
3    debris  -0.1067694  -0.11112563  -0.10241310 -0.12393405 -0.12188631
4  pavement  -0.1207387  -0.12288185  -0.11859551 -0.14420674 -0.14539932
5 landscape   0.0147169   0.01165757   0.01777624  0.01731096  0.01817049
[1] "################### Young x Adult - Safety"
[1] 0.1960886
[1] ">>>> Kendall Distance  0.196088611976462"
$movCars
$movCars[[1]]
  [1] 166.45017  79.08298 104.65352 133.43024 132.86567 139.14474 136.43461
  [8] 133.42103 180.09424 193.37155 173.81861 173.90360 195.06064 178.06339
 [15] 163.83642 158.09268 161.25574 167.10674 167.88146 160.34458 148.09504
 [22] 137.83950 139.51444 126.73635 130.95624 123.22383 129.56414 134.29812
 [29] 140.76382 152.50142 137.45051 150.74055 140.78717 146.41441 147.26212
 [36] 147.63545 154.01635 144.84832 158.48287 160.09602 135.11259 139.96330
 [43] 148.90502 154.01784 143.21668 147.04482 140.23241 156.90525 136.14194
 [50] 135.98253 148.67264 118.32378 128.77218 129.17847 121.33451 133.10374
 [57] 128.51962 129.76082 133.78866 128.04036 128.66222 136.47746 140.08783
 [64] 132.61259 144.90675 127.33427 132.48929 134.12838 127.08803 134.63047
 [71] 137.14426 138.78222 142.76072 143.15344 147.03173 138.05737 137.15651
 [78] 142.36195 141.24810 141.71230 152.88085 153.24217 140.52088 141.00386
 [85] 142.00386 150.20321 149.98690 153.43178 148.86063 145.76052 149.26052
 [92] 152.26052 151.62648 148.65106 146.77334 147.50477 150.60897 149.83754
 [99] 150.83754 150.48270


$parkCars
$parkCars[[1]]
  [1] -495.1493 -643.6839 -544.8050 -555.8238 -569.2425 -628.3295 -631.1064
  [8] -616.9669 -527.8932 -518.8391 -528.6735 -582.3527 -616.4097 -640.0901
 [15] -658.7231 -675.7551 -629.6806 -689.1808 -737.5846 -689.4241 -654.6341
 [22] -731.2117 -715.7998 -720.8172 -707.6896 -673.7934 -655.5515 -705.5304
 [29] -690.2739 -699.1656 -722.9511 -687.9750 -678.7208 -678.8463 -664.0892
 [36] -664.2151 -648.6210 -673.1135 -681.4548 -665.0401 -650.4711 -659.3951
 [43] -680.0043 -708.9317 -697.5118 -664.8421 -658.5381 -702.4828 -637.7605
 [50] -696.7285 -691.6539 -664.9675 -681.8619 -662.9487 -679.7344 -660.1835
 [57] -641.7200 -622.4781 -643.7266 -644.5854 -625.9361 -638.7896 -634.6115
 [64] -640.7497 -649.6676 -655.6353 -658.5520 -638.1604 -666.0880 -634.1231
 [71] -626.2925 -645.1103 -652.2877 -630.5696 -638.8296 -628.0036 -633.1776
 [78] -644.5944 -656.7469 -653.1372 -625.0291 -605.5728 -620.0398 -621.3423
 [85] -632.6042 -620.3357 -621.6832 -594.6119 -603.5416 -606.7429 -606.1882
 [92] -617.2882 -591.7221 -595.0751 -607.5868 -598.5373 -616.4862 -619.6914
 [99] -619.7866 -633.4640


$movCicly
$movCicly[[1]]
  [1] -216.8051 -263.1286 -202.2847 -170.2733 -170.8716 -182.7676 -201.6182
  [8] -201.4204 -194.4091 -184.6572 -186.1594 -187.9808 -166.8152 -167.4869
 [15] -177.2051 -184.6592 -185.7359 -186.1382 -189.9973 -185.7509 -183.7509
 [22] -183.2688 -188.1819 -190.2731 -188.5783 -187.2340 -187.5867 -179.2267
 [29] -175.7517 -182.5447 -173.9127 -186.4654 -184.8825 -183.5818 -179.9513
 [36] -179.8513 -176.8886 -173.4646 -183.2122 -190.0433 -183.3646 -178.2211
 [43] -179.4599 -182.0496 -182.5042 -181.3354 -183.2894 -183.9373 -186.6328
 [50] -182.3282 -190.2425 -176.9232 -182.9811 -183.0308 -183.1165 -189.5730
 [57] -190.6587 -191.3794 -187.2651 -189.1173 -183.0030 -178.0998 -181.5230
 [64] -183.7100 -183.8132 -186.5198 -185.5253 -182.2980 -185.0383 -186.4168
 [71] -180.0123 -180.6476 -183.6111 -184.9469 -189.6311 -189.3747 -183.7987
 [78] -182.4085 -181.5649 -180.6425 -186.3749 -183.5905 -188.3769 -188.1429
 [85] -188.1429 -189.8120 -188.3794 -189.7263 -188.3905 -194.8646 -193.8646
 [92] -193.8646 -192.6692 -191.6070 -196.3937 -194.5794 -196.2843 -198.4713
 [99] -198.4713 -197.5681


$buildId
$buildId[[1]]
  [1] -309.0556 -438.7278 -441.9990 -424.5579 -447.3444 -464.3534 -484.3968
  [8] -492.3373 -463.4881 -420.2302 -452.6325 -404.6934 -414.0728 -421.3617
 [15] -407.9894 -420.3188 -405.2617 -415.8339 -429.8333 -423.3254 -412.7976
 [22] -432.6780 -431.6447 -434.2114 -424.1614 -404.8003 -404.7169 -406.9695
 [29] -413.8034 -409.5227 -414.8034 -420.7508 -426.9452 -415.9619 -427.6119
 [36] -417.2690 -419.1050 -417.5772 -422.7465 -435.3799 -430.9132 -426.4799
 [43] -439.3799 -444.0465 -442.7082 -436.9328 -436.5304 -435.2444 -436.7944
 [50] -439.6828 -440.7995 -437.1328 -437.4495 -441.6137 -433.4971 -431.1637
 [57] -429.3804 -436.2114 -430.0947 -436.6614 -424.8780 -430.8780 -436.4780
 [64] -443.9280 -437.9280 -449.3447 -438.1590 -432.3280 -442.9090 -444.0590
 [71] -433.7256 -428.3449 -426.6256 -423.1973 -425.9280 -427.5947 -431.9114
 [78] -431.9114 -433.0447 -435.1921 -437.4921 -427.0373 -430.1873 -432.8540
 [85] -432.9066 -430.2399 -431.6259 -427.9706 -427.3040 -429.5897 -429.6423
 [92] -427.6423 -426.9706 -429.6373 -435.0233 -428.1066 -428.3923 -432.8899
 [99] -433.8899 -433.8899


$buildNRec
$buildNRec[[1]]
  [1] -437.9670 -436.1905 -565.3120 -615.9111 -554.9079 -609.1152 -637.4579
  [8] -727.2913 -720.6516 -684.1579 -710.9444 -685.1292 -723.9982 -703.9205
 [15] -693.3927 -694.9316 -675.5316 -694.2149 -702.3421 -685.0833 -683.4500
 [22] -705.2240 -693.7240 -681.0740 -687.7351 -687.9684 -657.6462 -704.2757
 [29] -731.4295 -701.0202 -727.9851 -709.5611 -726.0667 -704.8389 -690.8333
 [36] -664.7667 -665.5406 -684.8129 -679.1980 -696.9480 -692.8480 -685.8313
 [43] -697.8646 -714.8646 -727.2819 -708.3129 -704.0264 -729.7579 -704.4079
 [50] -715.4740 -721.4906 -708.1573 -716.1073 -714.4097 -724.7264 -726.7264
 [57] -703.3764 -709.3454 -741.6621 -732.3621 -738.9010 -733.2343 -736.8787
 [64] -733.5621 -736.5621 -733.3287 -730.9145 -732.9454 -734.3478 -724.4145
 [71] -726.5645 -738.4995 -725.7978 -709.5805 -713.0621 -715.8954 -724.0343
 [78] -720.8121 -728.7454 -730.4437 -715.5270 -726.0651 -724.3817 -725.3817
 [85] -720.7502 -723.7502 -723.1186 -725.0651 -727.7317 -725.4460 -723.1478
 [92] -719.1478 -722.5651 -721.5651 -720.9335 -723.3168 -722.1978 -724.1668
 [99] -723.1668 -719.8335


$tree
$tree[[1]]
  [1] 546.3825 739.1433 667.3810 592.1582 451.7201 434.3127 464.5000 406.9100
  [9] 432.4560 430.6913 425.8109 448.0580 433.7330 406.9271 441.1673 430.7007
 [17] 414.9595 429.9987 431.1345 417.7065 392.7575 411.9408 415.8507 422.8908
 [25] 421.5908 420.0673 407.5757 425.2257 404.5173 414.3408 400.7580 385.9992
 [33] 384.9575 382.0663 379.0075 378.3575 368.2580 381.3144 370.6928 384.0908
 [41] 393.9688 396.4075 408.0565 418.6399 407.1310 408.0065 398.9889 405.0639
 [49] 405.8389 399.3389 425.3399 417.9830 412.4663 410.2801 411.5815 425.8472
 [57] 412.9531 412.4531 414.0531 416.2879 410.2212 402.2046 407.0448 418.0448
 [65] 420.2379 426.7379 426.7379 422.7379 434.7379 413.2379 412.5379 411.6879
 [73] 409.4879 411.5712 404.9879 402.7056 395.0556 404.5889 412.5565 401.7379
 [81] 401.3879 387.4997 392.2997 390.0997 393.3320 390.8654 396.7154 398.0977
 [89] 400.2154 402.3889 406.2712 409.0712 401.5389 400.2056 413.4879 412.4056
 [97] 409.4889 414.6624 416.5448 420.5448


$smallPla
$smallPla[[1]]
  [1]  15.809804 -12.888235  -6.529412  -3.890196  -2.729412  -9.503922
  [7] -16.162745 -16.168627 -19.364706 -20.298039 -22.331373 -24.564706
 [13] -21.631373 -22.498039 -26.331373 -27.131373 -28.131373 -30.396078
 [19] -31.131373 -29.562745 -30.096078 -28.429412 -28.664706 -29.929412
 [25] -33.429412 -35.464706 -34.064706 -33.464706 -31.964706 -31.729412
 [31] -32.229412 -33.629412 -36.629412 -37.429412 -35.629412 -35.629412
 [37] -34.329412 -34.529412 -36.364706 -35.229412 -37.464706 -36.929412
 [43] -36.629412 -37.929412 -38.429412 -35.929412 -34.694118 -36.894118
 [49] -33.694118 -37.694118 -38.760784 -36.396078 -37.396078 -38.425490
 [55] -37.160784 -38.760784 -40.325490 -39.325490 -38.525490 -38.760784
 [61] -37.960784 -38.460784 -35.725490 -35.725490 -35.794118 -36.294118
 [67] -37.294118 -34.794118 -36.794118 -34.294118 -34.294118 -35.794118
 [73] -36.294118 -35.760784 -35.594118 -35.594118 -36.594118 -35.260784
 [79] -34.960784 -34.794118 -36.094118 -36.329412 -37.329412 -39.329412
 [85] -39.329412 -38.496078 -36.496078 -35.496078 -35.996078 -35.260784
 [91] -33.260784 -34.260784 -35.260784 -36.594118 -36.394118 -37.394118
 [97] -37.060784 -36.825490 -36.825490 -37.325490


$diffBuild
$diffBuild[[1]]
  [1] -681.3521 -737.5413 -782.8524 -810.5230 -782.5377 -786.8115 -776.0576
  [8] -732.7658 -682.3060 -696.1313 -711.6102 -738.4365 -734.1433 -726.5126
 [15] -749.1256 -749.2083 -743.9916 -751.4280 -763.1825 -767.2380 -743.8068
 [22] -774.0793 -774.8945 -763.4306 -786.3618 -779.7618 -781.0787 -802.1750
 [29] -801.9925 -781.3611 -795.9055 -789.0397 -788.5897 -778.1897 -769.5564
 [36] -762.0193 -752.1026 -769.5390 -757.1193 -771.7172 -771.4131 -752.6631
 [43] -760.8425 -759.0955 -764.5492 -763.3200 -764.3663 -759.1289 -770.5163
 [50] -775.1601 -766.1758 -770.3592 -784.1789 -788.5138 -789.4638 -787.9638
 [57] -788.6813 -787.1813 -800.0480 -791.8313 -781.3168 -776.9835 -791.9646
 [64] -794.2146 -783.1471 -800.5471 -795.9638 -800.4209 -805.9638 -788.2051
 [71] -786.2542 -790.4542 -787.9209 -777.3876 -776.3051 -780.7218 -776.6384
 [78] -778.9718 -785.8376 -782.6718 -789.9718 -766.1384 -785.3051 -785.1146
 [85] -788.4480 -788.1146 -783.1384 -786.9718 -781.8884 -790.2646 -789.6847
 [92] -787.5644 -779.6609 -776.8276 -786.9109 -786.9109 -785.4109 -783.2443
 [99] -784.2443 -785.2443


$streeFur
$streeFur[[1]]
  [1]  -87.92882  -20.94485  -62.94110  -63.76848  -50.73875  -60.84487
  [7]  -80.12478  -93.16186  -94.47141 -102.13399 -107.72643 -105.88352
 [13]  -85.76976  -89.51253 -101.44439 -101.79327 -103.57981 -108.30356
 [19] -111.41331 -109.11441 -110.61205 -103.20624 -104.58875 -101.94315
 [25] -108.16952 -107.11968  -94.04868 -100.25413  -91.96903  -93.99510
 [31]  -93.93507  -93.18961  -99.60273  -93.57252  -92.67415  -91.45886
 [37]  -90.63873  -90.46872  -91.16284  -97.82365  -88.04250  -85.39498
 [43]  -87.84026  -93.17259  -90.39690  -93.36058  -92.56198  -94.07879
 [49]  -86.57419  -96.19743  -86.03086  -92.01987  -97.23058 -105.68652
 [55] -100.88890  -96.81864 -103.41346 -102.68226 -103.48324 -106.60705
 [61]  -94.57995  -99.22958  -98.02573  -96.13623  -94.15803  -98.31634
 [67]  -97.50098  -97.13944  -97.13944  -94.35171  -89.87398  -98.15402
 [73]  -95.40098  -92.86850  -91.03047  -89.23365  -82.16187  -78.95354
 [79]  -84.26960  -79.05546  -87.30940  -82.96120  -90.89012  -93.09845
 [85]  -94.39081  -95.02486  -95.86445  -86.90620  -85.52449  -82.11038
 [91]  -82.34340  -89.20055  -89.63052  -91.40993  -87.71476  -88.63306
 [97]  -86.87234  -89.31107  -89.42218  -89.98372


$basCol
$basCol[[1]]
  [1]  -41.82616 -155.99746 -160.73971 -176.04515 -165.43903 -170.35096
  [7] -144.26275 -138.12903 -127.61461 -133.21371 -138.02809 -145.65063
 [13] -147.50506 -152.56145 -157.61583 -158.71145 -155.32970 -162.81303
 [19] -165.84064 -173.07397 -162.34064 -175.41115 -176.47607 -177.05018
 [25] -177.52519 -173.15348 -173.30732 -183.59304 -183.01597 -183.10557
 [31] -183.44287 -181.73715 -182.10085 -178.81756 -177.19429 -181.72938
 [37] -182.74738 -184.44563 -182.21229 -175.43452 -186.64387 -187.62662
 [43] -186.99833 -189.87662 -187.72107 -179.87662 -179.15440 -181.08861
 [49] -177.86931 -185.20265 -185.55265 -189.21931 -191.10528 -185.90352
 [55] -186.07107 -189.05352 -186.45352 -187.22107 -187.38773 -186.20352
 [61] -183.78686 -181.75265 -182.79212 -185.52458 -181.34124 -187.10791
 [67] -184.94124 -181.62545 -189.37545 -179.02458 -180.75703 -181.93795
 [73] -182.42458 -180.05286 -174.57370 -178.25703 -178.65528 -180.23861
 [79] -180.45703 -178.44124 -176.02458 -170.61602 -172.42633 -175.37370
 [85] -177.27370 -175.79124 -175.60374 -172.69124 -171.66953 -171.16439
 [91] -174.06439 -175.49387 -170.94509 -170.76088 -175.96351 -174.05879
 [97] -173.24300 -173.05879 -174.45879 -174.77458


$ligh
$ligh[[1]]
  [1] -130.8004 -131.8353 -134.1741 -124.9327 -112.2189 -110.0559 -126.6013
  [8] -114.6178 -105.9695 -102.4583 -101.8430 -105.2013 -110.4507 -119.1708
 [15] -115.4230 -113.6373 -113.3441 -119.1627 -118.7487 -120.9029 -121.2695
 [22] -122.6862 -118.3895 -119.5803 -117.7596 -116.1215 -119.4132 -119.6007
 [29] -123.9088 -121.1664 -119.1456 -115.2224 -115.3726 -114.4110 -112.9553
 [36] -114.9728 -113.6281 -110.8064 -109.7772 -107.9439 -112.2763 -114.2711
 [43] -116.7009 -115.2086 -119.2586 -115.3127 -113.3127 -120.7316 -116.7118
 [50] -118.6285 -116.9118 -116.0785 -112.9305 -117.1542 -114.5298 -114.1833
 [57] -112.0250 -108.5382 -111.4965 -111.4000 -111.7333 -111.8535 -110.8447
 [64] -110.8316 -107.4649 -108.8316 -111.3316 -108.5947 -109.3447 -108.9357
 [71] -109.5147 -110.5531 -110.9857 -112.1184 -113.2434 -111.2768 -114.6259
 [78] -115.3759 -115.0726 -117.1331 -112.4873 -115.6000 -113.9048 -114.3434
 [85] -113.3934 -111.6566 -110.2816 -111.5399 -114.2684 -113.3846 -112.4346
 [92] -111.6846 -112.4899 -111.2268 -111.5882 -110.7838 -113.0469 -113.2838
 [99] -113.3338 -115.4039


$accenCol
$accenCol[[1]]
  [1]  162.186138   -2.076253    3.693542  -49.768484  -60.604694  -63.959779
  [7]  -53.693474  -57.783010  -52.326186  -59.310401  -69.986283  -55.050386
 [13]  -46.517481  -46.828075  -48.015226  -57.591103  -47.768358  -54.820551
 [19]  -65.024504  -69.032837  -59.066170  -69.502068  -69.604261  -75.822113
 [25]  -73.100752  -70.697243  -68.716474  -85.900998  -83.651938  -82.302000
 [31]  -86.331762  -85.027877  -84.269612  -80.369983  -86.122238  -84.911712
 [37]  -90.330509  -88.782702  -90.791035  -90.291035  -99.401562 -103.369105
 [43] -103.422614 -109.394105  -93.194105  -96.435772  -90.269105  -90.532263
 [49]  -87.312965  -88.062965  -91.679632  -99.346298 -103.681825  -98.708141
 [55]  -97.053316  -99.883141  -96.433141 -100.253316  -99.669983 -103.349807
 [61] -101.433141 -100.679632 -100.135772 -106.815597 -102.298930 -103.148930
 [67]  -96.232263  -98.969105 -100.969105 -104.690597 -100.804632  -97.802439
 [73]  -95.590597  -98.645421  -91.978755  -95.095421  -95.155948  -95.489281
 [79]  -97.853755  -94.716912  -96.925246  -87.983141  -90.781386  -89.728755
 [85]  -92.528755  -91.598930  -96.098930  -90.065597  -88.278755  -87.004126
 [91]  -91.637459  -94.118228  -90.284827  -94.547985  -97.650617  -93.528755
 [97]  -89.265597  -91.028755  -91.828755  -92.091912


$peop
$peop[[1]]
  [1] -871.7734 -856.4862 -897.7677 -957.9977 -872.7611 -883.7920 -940.4296
  [8] -884.1306 -863.4186 -912.0130 -867.4927 -908.4179 -852.6298 -846.2736
 [15] -867.0162 -885.9250 -866.1711 -870.8000 -865.6429 -892.1505 -865.2423
 [22] -895.5844 -905.2033 -902.4961 -874.1957 -872.9618 -875.5036 -902.6559
 [29] -872.9427 -871.0988 -876.4710 -859.6111 -867.5296 -857.4003 -863.1911
 [36] -872.7481 -864.1775 -875.9513 -858.9346 -892.2105 -879.0894 -876.9528
 [43] -888.3465 -893.5763 -901.0904 -896.7303 -888.0272 -891.3383 -905.6934
 [50] -909.0529 -909.1272 -883.5409 -876.1311 -894.6311 -894.8894 -907.2429
 [57] -916.4929 -913.2691 -916.6100 -920.8156 -898.2894 -895.9267 -905.6767
 [64] -912.7767 -910.7350 -929.3196 -909.8338 -911.7672 -917.7196 -925.8596
 [71] -909.8786 -892.9672 -893.9102 -904.1104 -914.9104 -893.1861 -882.7778
 [78] -894.3968 -902.8968 -900.6620 -919.8019 -882.2277 -885.8854 -885.1610
 [85] -894.8929 -901.8263 -898.0929 -902.7020 -888.7778 -900.5873 -908.2893
 [92] -908.4798 -905.2484 -899.9151 -925.1326 -909.7322 -898.6433 -904.3766
 [99] -911.9675 -911.3675


$graff
$graff[[1]]
  [1] -12 -17 -26   0   2  14  18  20  25  28  29  33  26  30  35  35  33  36
 [19]  33  35  37  38  35  35  33  31  29  30  31  31  32  31  30  27  26  26
 [37]  28  27  27  27  27  28  27  25  27  28  29  29  31  29  29  27  28  29
 [55]  30  30  29  29  30  30  30  31  30  30  29  31  30  29  30  29  30  28
 [73]  29  30  31  31  30  30  30  30  30  30  28  28  28  29  28  29  28  30
 [91]  31  31  32  31  32  32  32  32  32  32


$buildDiffAges
$buildDiffAges[[1]]
  [1] -73 -82 -76 -47 -50 -37 -36 -39 -37 -36 -43 -42 -43 -38 -40 -43 -44 -43
 [19] -45 -39 -38 -39 -44 -44 -44 -47 -51 -51 -47 -45 -45 -47 -48 -50 -51 -50
 [37] -49 -47 -51 -52 -49 -48 -48 -54 -48 -47 -47 -47 -46 -47 -47 -49 -50 -46
 [55] -47 -47 -47 -50 -47 -48 -45 -48 -48 -49 -50 -50 -49 -49 -49 -49 -47 -51
 [73] -50 -48 -46 -48 -47 -45 -45 -45 -46 -47 -53 -53 -53 -51 -52 -51 -52 -49
 [91] -50 -51 -50 -51 -51 -50 -48 -48 -48 -48


$streetWid
$streetWid[[1]]
  [1]  -302.4216  -539.3100  -503.0100  -430.4646  -788.9349  -666.7589
  [7]  -699.5368  -640.8644  -567.2646  -643.9987  -783.6381  -598.3400
 [13]  -486.0911  -549.1215  -547.5828  -532.2505  -574.5287  -588.5223
 [19]  -646.3652  -705.1803  -670.6947  -718.4446  -695.5962  -718.3159
 [25]  -743.6988  -786.4213  -825.4732  -802.6936  -814.2617  -766.9478
 [31]  -878.4205  -920.2474  -887.4141  -940.2641  -904.5369  -904.9035
 [37]  -947.9398  -902.4413  -919.7655  -927.6312  -954.9591  -951.3484
 [43]  -880.4076  -918.9844  -897.2207  -876.0782  -888.7478  -913.6628
 [49]  -904.2119  -959.7988  -927.5850  -890.3090  -936.6302  -997.3019
 [55] -1003.7125  -994.0519 -1092.3519 -1031.2382 -1014.1708  -995.8382
 [61]  -943.2384  -973.0018 -1021.4647 -1015.4243  -981.8849  -984.4881
 [67] -1000.9477  -980.1381  -980.9023 -1012.2144  -968.0137  -957.1375
 [73]  -971.0408  -978.9550 -1033.0812 -1038.5479  -991.4040  -988.9873
 [79]  -937.8873  -989.2302 -1031.1534 -1003.3343  -986.4676 -1016.2131
 [85] -1020.9036 -1008.7369  -987.6607  -968.9575  -959.6575 -1001.9203
 [91]  -992.5281  -986.6948 -1025.6195 -1034.6797 -1030.2767 -1013.9767
 [97]  -992.4170 -1005.6545 -1003.6545 -1011.9878


$sidewalkWid
$sidewalkWid[[1]]
  [1] 590.0163 469.2056 456.0973 472.2167 411.2958 392.5877 422.8618 363.9595
  [9] 394.3456 367.9794 378.8126 396.5733 405.2841 403.7542 390.6009 385.3240
 [17] 376.0858 392.5731 391.3170 412.4348 393.5793 395.8823 406.1283 394.2692
 [25] 417.4276 418.2960 419.7074 426.4637 427.3229 431.0790 433.4996 428.5078
 [33] 430.0703 441.8994 437.3277 433.7111 430.5959 436.3421 434.5046 438.6461
 [41] 432.0252 440.5730 432.4880 439.6800 438.1933 449.9789 447.2699 435.7347
 [49] 444.5879 440.5202 433.0486 448.0135 430.7249 435.2525 424.9427 439.5668
 [57] 439.8002 439.5869 436.1463 437.7036 432.2429 427.9495 425.4163 426.2053
 [65] 424.5062 423.8185 425.1576 424.9519 422.1273 432.0409 425.0587 425.5789
 [73] 428.8095 440.7741 441.7288 442.9288 442.3238 440.9196 429.4196 431.0244
 [81] 432.9658 426.6662 429.1995 424.6798 424.1084 421.0167 426.1120 439.1326
 [89] 444.5743 441.3573 440.7264 438.1431 435.0008 439.0215 439.4377 438.2460
 [97] 437.8237 441.8405 440.8405 440.4655


$debris
$debris[[1]]
  [1] -0.17922810 -0.10041059 -0.09963143 -0.11562041 -0.11948380 -0.08139984
  [7] -0.08852778 -0.09142499 -0.09917158 -0.09197771 -0.10078779 -0.09538517
 [13] -0.09700057 -0.10066950 -0.09438339 -0.09495802 -0.08713227 -0.09332518
 [19] -0.08960169 -0.08807348 -0.09293829 -0.08740310 -0.08422978 -0.09003946
 [25] -0.08717420 -0.08360102 -0.08412515 -0.07737382 -0.08211419 -0.08729211
 [31] -0.08105644 -0.08329733 -0.08092348 -0.08299672 -0.08335325 -0.08378808
 [37] -0.08350842 -0.08400493 -0.08021859 -0.07772491 -0.08634193 -0.08514776
 [43] -0.08235890 -0.08080932 -0.08575985 -0.08535742 -0.08341391 -0.08456108
 [49] -0.08339162 -0.08371860 -0.08159357 -0.08668018 -0.08672337 -0.08828584
 [55] -0.08255899 -0.08229638 -0.08433113 -0.08245105 -0.08244492 -0.07980554
 [61] -0.08334417 -0.08126680 -0.08388057 -0.08257761 -0.08191469 -0.08190075
 [67] -0.08456812 -0.08042852 -0.08393906 -0.08417420 -0.08350638 -0.08291963
 [73] -0.08252071 -0.08046681 -0.08250415 -0.08608995 -0.08712937 -0.08716467
 [79] -0.08605861 -0.08820533 -0.08443145 -0.08920692 -0.08677754 -0.08632440
 [85] -0.08460646 -0.08282290 -0.08156918 -0.08310779 -0.08572264 -0.08645749
 [91] -0.08075344 -0.08035699 -0.08516449 -0.08454077 -0.08118715 -0.08280939
 [97] -0.08383777 -0.08456916 -0.08350018 -0.08380928


$pavement
$pavement[[1]]
  [1] 0.1334297 0.1799573 0.1845541 0.1521423 0.1619143 0.1792989 0.1724126
  [8] 0.1690760 0.1618563 0.1700740 0.1649295 0.1658936 0.1690484 0.1638116
 [15] 0.1681097 0.1672644 0.1663362 0.1588938 0.1621236 0.1609174 0.1578525
 [22] 0.1629043 0.1683775 0.1611274 0.1679413 0.1683356 0.1683781 0.1721996
 [29] 0.1672820 0.1632974 0.1677408 0.1649252 0.1662939 0.1660666 0.1654848
 [36] 0.1675614 0.1651321 0.1676007 0.1679820 0.1699523 0.1659126 0.1628731
 [43] 0.1593771 0.1562039 0.1562067 0.1557041 0.1573896 0.1532339 0.1587644
 [50] 0.1600025 0.1579488 0.1527851 0.1534169 0.1523403 0.1581975 0.1562207
 [57] 0.1526379 0.1533081 0.1529072 0.1564940 0.1570050 0.1552708 0.1552853
 [64] 0.1558543 0.1573611 0.1596833 0.1608454 0.1615421 0.1621187 0.1601049
 [71] 0.1585387 0.1605442 0.1628669 0.1597031 0.1600517 0.1593107 0.1573754
 [78] 0.1564825 0.1569901 0.1556745 0.1544193 0.1531495 0.1596210 0.1590568
 [85] 0.1583338 0.1579679 0.1579566 0.1575337 0.1565263 0.1565289 0.1587837
 [92] 0.1576672 0.1565484 0.1562587 0.1579699 0.1565683 0.1555680 0.1541229
 [99] 0.1539946 0.1531792


$landscape
$landscape[[1]]
  [1] 0.2190140 0.2080144 0.1876886 0.1610948 0.1558988 0.1641535 0.1691118
  [8] 0.1645577 0.1580803 0.1618677 0.1525829 0.1578468 0.1533989 0.1487873
 [15] 0.1580614 0.1581051 0.1582166 0.1568281 0.1611889 0.1599667 0.1531777
 [22] 0.1607526 0.1619507 0.1579791 0.1547945 0.1550319 0.1558493 0.1630303
 [29] 0.1571624 0.1595252 0.1598728 0.1564130 0.1586114 0.1569941 0.1560391
 [36] 0.1564278 0.1537268 0.1591323 0.1574531 0.1637182 0.1569526 0.1562464
 [43] 0.1603680 0.1636069 0.1652468 0.1597280 0.1610942 0.1607713 0.1614577
 [50] 0.1611176 0.1633265 0.1573577 0.1569009 0.1565445 0.1600651 0.1577940
 [57] 0.1543326 0.1559087 0.1577954 0.1611599 0.1583840 0.1578512 0.1586822
 [64] 0.1604213 0.1623039 0.1645191 0.1639135 0.1641036 0.1641780 0.1620084
 [71] 0.1588785 0.1620427 0.1619559 0.1583777 0.1605934 0.1567305 0.1569037
 [78] 0.1549874 0.1569592 0.1583176 0.1584839 0.1539154 0.1583211 0.1576240
 [85] 0.1597373 0.1590740 0.1596441 0.1596521 0.1571933 0.1583437 0.1619196
 [92] 0.1591539 0.1568535 0.1565804 0.1613344 0.1559570 0.1540780 0.1547592
 [99] 0.1568303 0.1566366


$propStreetWall
$propStreetWall[[1]]
  [1] 0.02575897 0.04718298 0.02908662 0.03174133 0.03513707 0.03009344
  [7] 0.03706890 0.02920815 0.02927602 0.03051123 0.03118002 0.02680727
 [13] 0.02831207 0.02875132 0.03157010 0.03205343 0.03342378 0.03249929
 [19] 0.03278196 0.03176081 0.03195240 0.03129195 0.02956673 0.03089208
 [25] 0.02990094 0.03006467 0.03088966 0.03065435 0.02886177 0.02899670
 [31] 0.02930049 0.03010242 0.03119449 0.03250067 0.03189545 0.03220140
 [37] 0.03244238 0.03272131 0.03291235 0.03345377 0.03398527 0.03300263
 [43] 0.03192348 0.03296474 0.03287974 0.03181438 0.03234581 0.03156917
 [49] 0.03223685 0.03157631 0.03187160 0.03209026 0.03141102 0.03139546
 [55] 0.03110627 0.03065936 0.03108874 0.03039177 0.02994471 0.03102391
 [61] 0.03186981 0.03244262 0.03093050 0.03111377 0.03214063 0.03313842
 [67] 0.03272350 0.03197097 0.03273625 0.03199010 0.03155320 0.03169244
 [73] 0.03164054 0.03116764 0.03214881 0.03190697 0.03249218 0.03137968
 [79] 0.03147224 0.03187325 0.03236533 0.03230223 0.03179618 0.03246527
 [85] 0.03213779 0.03157641 0.03114267 0.03153851 0.03129655 0.03117234
 [91] 0.03082774 0.03073850 0.03096863 0.03157585 0.03129533 0.03060728
 [97] 0.02993211 0.03037555 0.03044024 0.03075293


$propWind
$propWind[[1]]
  [1] -0.01146246 -0.03980603 -0.03934942 -0.03692185 -0.03756700 -0.04137668
  [7] -0.04439052 -0.04190244 -0.03952387 -0.04036351 -0.03910318 -0.03845674
 [13] -0.03846816 -0.03878697 -0.03935880 -0.04038471 -0.04065829 -0.04184218
 [19] -0.04181991 -0.04184302 -0.04119633 -0.04209671 -0.04082603 -0.04045538
 [25] -0.04036227 -0.04015315 -0.04055247 -0.04094834 -0.04088625 -0.03982353
 [31] -0.04134829 -0.04005258 -0.04074142 -0.04037419 -0.03992994 -0.04006178
 [37] -0.03997829 -0.04011998 -0.04020460 -0.04053118 -0.04062404 -0.03985998
 [43] -0.03953063 -0.04012463 -0.03927373 -0.03926933 -0.03918043 -0.03945144
 [49] -0.03890944 -0.03931734 -0.03981380 -0.04012860 -0.04000707 -0.04001085
 [55] -0.03942949 -0.03982254 -0.03953543 -0.03939531 -0.03962133 -0.04012694
 [61] -0.03955732 -0.04013900 -0.03978842 -0.03998657 -0.03950527 -0.04009194
 [67] -0.03965829 -0.03931969 -0.03971259 -0.03985058 -0.03881127 -0.03855980
 [73] -0.03820406 -0.03869483 -0.03892340 -0.03845465 -0.03884144 -0.03902321
 [79] -0.03908051 -0.03923546 -0.03945445 -0.03858401 -0.03878363 -0.03856407
 [85] -0.03882828 -0.03879160 -0.03866404 -0.03891809 -0.03887720 -0.03919386
 [91] -0.03947630 -0.03969465 -0.03876340 -0.03890151 -0.03945693 -0.03901012
 [97] -0.03908530 -0.03962990 -0.03971073 -0.04006177


$longSight
$longSight[[1]]
  [1] -316.7463 -219.4305 -168.5703 -187.6695 -200.4632 -162.1684 -183.5197
  [8] -158.1851 -154.7918 -180.6816 -158.1210 -140.0444 -146.4697 -150.4082
 [15] -150.0030 -155.9918 -158.2645 -153.1446 -154.3556 -162.9890 -160.8359
 [22] -150.9264 -149.8446 -150.0279 -144.9764 -143.2264 -149.3431 -151.0264
 [29] -151.7916 -152.8154 -150.1396 -159.3011 -163.4344 -165.4587 -168.3859
 [36] -174.4011 -179.7015 -173.8682 -175.2682 -170.5939 -176.4182 -178.7677
 [43] -181.8011 -177.4859 -170.6253 -177.2011 -172.8071 -173.0071 -172.3405
 [50] -171.7920 -179.2920 -171.7253 -168.0435 -172.9310 -170.5643 -170.3310
 [57] -171.8310 -170.4500 -168.9500 -170.4652 -170.9652 -165.3890 -169.6833
 [64] -174.6833 -171.6262 -169.2667 -167.9810 -166.6238 -165.0405 -174.2667
 [71] -168.6833 -167.7071 -167.8643 -173.7128 -174.8556 -174.8556 -178.2071
 [78] -178.5405 -179.5405 -177.5405 -180.9905 -175.0738 -171.7405 -173.5738
 [85] -173.2405 -176.7167 -176.2167 -174.2167 -174.7405 -175.5652 -173.0652
 [92] -173.7318 -173.8985 -171.5652 -170.2470 -167.2470 -170.2470 -170.2470
 [99] -170.2470 -169.7708


$propSkyAhead
$propSkyAhead[[1]]
  [1] -0.02545419 -0.05881045 -0.04692164 -0.05279239 -0.04573108 -0.05059170
  [7] -0.04826516 -0.05549131 -0.05268082 -0.05335425 -0.05192340 -0.05086196
 [13] -0.04984096 -0.05100431 -0.05203033 -0.04843168 -0.04907933 -0.04928326
 [19] -0.04968442 -0.04797655 -0.04667135 -0.04494393 -0.04553377 -0.04822015
 [25] -0.04915808 -0.04901490 -0.04674096 -0.04816707 -0.04663931 -0.04856799
 [31] -0.04632195 -0.04607131 -0.04726690 -0.04842468 -0.04790897 -0.04583668
 [37] -0.04517628 -0.04664309 -0.04880588 -0.05124989 -0.05055815 -0.04864540
 [43] -0.04891631 -0.04942388 -0.04855180 -0.04853160 -0.04664850 -0.04621535
 [49] -0.04549748 -0.04781626 -0.04950495 -0.04979119 -0.05200976 -0.04955854
 [55] -0.04902959 -0.04834946 -0.04837885 -0.04679486 -0.04816905 -0.04837601
 [61] -0.05078822 -0.04931527 -0.04695876 -0.04614349 -0.04762210 -0.04660804
 [67] -0.04872494 -0.04919950 -0.04921429 -0.04760975 -0.04967354 -0.05042132
 [73] -0.04921553 -0.04855430 -0.04767771 -0.04666948 -0.04706654 -0.04652248
 [79] -0.04696450 -0.04645733 -0.04757004 -0.04907352 -0.04695055 -0.04686767
 [85] -0.04613216 -0.04639692 -0.04780647 -0.04571460 -0.04614687 -0.04544926
 [91] -0.04428162 -0.04446715 -0.04542446 -0.04654540 -0.04493504 -0.04592849
 [97] -0.04642633 -0.04666694 -0.04654674 -0.04634272


$propSkyAcross
$propSkyAcross[[1]]
  [1]  0.0395832281 -0.0019041276  0.0292426245  0.0181794953  0.0162824577
  [6]  0.0069679561  0.0115032711  0.0089681047  0.0117200731  0.0093568208
 [11]  0.0081696897  0.0091931971  0.0100937313  0.0089393055  0.0060017047
 [16]  0.0063567440  0.0063961095  0.0048716305  0.0061492035  0.0073612509
 [21]  0.0068601372  0.0097240810  0.0088816468  0.0066391985  0.0072970212
 [26]  0.0065459199  0.0075757366  0.0043697015  0.0056871207  0.0037994934
 [31]  0.0046143225  0.0053646123  0.0065636235  0.0046947519  0.0054841200
 [36]  0.0069298865  0.0049547611  0.0045098671  0.0019720800  0.0012685714
 [41]  0.0002073741  0.0012569718  0.0031006332  0.0010962615  0.0033566488
 [46]  0.0036219097  0.0059244779  0.0035306451  0.0067343600  0.0036645765
 [51]  0.0020412285  0.0015413112 -0.0009974607  0.0026352414  0.0034255324
 [56]  0.0024885664  0.0029136564  0.0043019796  0.0034973850  0.0035071226
 [61]  0.0006746236  0.0017959799  0.0050945013  0.0057410111  0.0039900759
 [66]  0.0053310768  0.0033567834  0.0030649254  0.0029407196  0.0038770017
 [71]  0.0021681270  0.0016400025  0.0030841354  0.0030309405  0.0029121029
 [76]  0.0040593169  0.0039099689  0.0043364883  0.0041953053  0.0053839865
 [81]  0.0043556285  0.0032790747  0.0042344322  0.0049036271  0.0046726768
 [86]  0.0041751641  0.0024303413  0.0055491308  0.0059921826  0.0056721455
 [91]  0.0051618888  0.0046826996  0.0052109846  0.0041277743  0.0047899365
 [96]  0.0038905618  0.0032142076  0.0033506208  0.0036833830  0.0039152195


$buildHeight
$buildHeight[[1]]
  [1]  132.83616 1825.54510 1300.10487 1431.16760 1050.82690  988.20572
  [7]  962.98450  671.09215 1018.57151 1143.45164  946.92426  677.12792
 [13]  613.63118  297.15158  293.22361  203.69011  300.97063  168.30840
 [19]  146.48670   60.92382  -15.69766 -224.27007 -310.14449 -253.25867
 [25] -284.08271 -185.20755 -106.18032 -314.81454 -433.19045 -473.48108
 [31] -569.35934 -473.38212 -529.19565 -440.75069 -492.67406 -517.88997
 [37] -372.41870 -353.52763 -207.41469 -271.25398 -210.89133 -489.83137
 [43] -392.02066 -476.92542 -574.49923 -324.45161 -497.63495 -438.64285
 [49] -439.16427 -588.26189 -491.35832 -484.38927 -524.56800 -478.70133
 [55] -386.90951 -262.99419 -248.81666 -259.22991 -397.55372 -257.82633
 [61] -284.14300 -260.78229 -223.41291 -300.14387 -221.12363 -341.79268
 [67] -325.90220 -326.55934 -313.17839 -322.56887 -404.57899 -428.44625
 [73] -394.36053 -321.93895 -280.84728 -334.28062 -518.54090 -411.69090
 [79] -433.47228 -495.77423 -188.98375 -267.74999 -422.33315 -307.64268
 [85] -292.18434 -140.61053 -155.73553 -107.54506 -255.79268 -232.72006
 [91] -250.88672 -155.38672 -134.53553 -201.50934 -334.97601 -318.81367
 [97] -283.22439 -259.73034 -263.73034 -203.14462


$propActiveUse
$propActiveUse[[1]]
  [1] -0.04345254 -0.02973422 -0.04272636 -0.03063829 -0.03863173 -0.04227676
  [7] -0.03920293 -0.04290592 -0.03661662 -0.03728029 -0.03255032 -0.03252583
 [13] -0.03339742 -0.03329378 -0.03029515 -0.02951296 -0.03021843 -0.03103535
 [19] -0.03221156 -0.03209749 -0.03178594 -0.03058757 -0.03016022 -0.02880730
 [25] -0.03015489 -0.02908024 -0.02873433 -0.02625339 -0.03017722 -0.02988753
 [31] -0.03019887 -0.03150428 -0.03007291 -0.02933024 -0.02951581 -0.03039111
 [37] -0.02961008 -0.02838882 -0.02897832 -0.02866752 -0.02754297 -0.02684722
 [43] -0.02807994 -0.02617143 -0.02716746 -0.02598633 -0.02610994 -0.02693876
 [49] -0.02777559 -0.02908694 -0.02875910 -0.02722043 -0.02712779 -0.02806177
 [55] -0.02816332 -0.02745015 -0.02756020 -0.02714141 -0.02805386 -0.02734544
 [61] -0.02654754 -0.02620287 -0.02886528 -0.02825009 -0.02741460 -0.02779592
 [67] -0.02792485 -0.02722634 -0.02795648 -0.02762132 -0.02743543 -0.02729713
 [73] -0.02710074 -0.02723721 -0.02797974 -0.02779142 -0.02788721 -0.02951250
 [79] -0.02932345 -0.02945177 -0.02879539 -0.02930710 -0.02821090 -0.02841075
 [85] -0.02857917 -0.02963749 -0.02928471 -0.02898307 -0.02919162 -0.02882180
 [91] -0.02877700 -0.02907664 -0.02853705 -0.02749789 -0.02709531 -0.02708188
 [97] -0.02863790 -0.02928079 -0.02922659 -0.02940330


$movCarsN
$movCarsN[[1]]
[1] 8804.795


$parkCarsN
$parkCarsN[[1]]
[1] 22714.58


$movCiclyN
$movCiclyN[[1]]
[1] 2662.119


$buildIdN
$buildIdN[[1]]
[1] 10307.54


$buildNRecN
$buildNRecN[[1]]
[1] 10367.03


$treeN
$treeN[[1]]
[1] 15723.24


$smallPlaN
$smallPlaN[[1]]
[1] 939.5333


$diffBuildN
$diffBuildN[[1]]
[1] 12321.84


$streeFurN
$streeFurN[[1]]
[1] 5737.34


$basColN
$basColN[[1]]
[1] 5094.668


$lighN
$lighN[[1]]
[1] 1985.973


$accenColN
$accenColN[[1]]
[1] 5897.676


$peopN
$peopN[[1]]
[1] 13767.32


$graffN
$graffN[[1]]
[1] 1152


$buildDiffAgesN
$buildDiffAgesN[[1]]
[1] 1760


$streetWidN
$streetWidN[[1]]
[1] 49113.32


$sidewalkWidN
$sidewalkWidN[[1]]
[1] 6385.188


$debrisN
$debrisN[[1]]
[1] 0.8615015


$pavementN
$pavementN[[1]]
[1] 0.837261


$landscapeN
$landscapeN[[1]]
[1] 0.8501494


$propStreetWallN
$propStreetWallN[[1]]
[1] 0.2187537


$propWindN
$propWindN[[1]]
[1] 0.12055


$longSightN
$longSightN[[1]]
[1] 4914.278


$propSkyAheadN
$propSkyAheadN[[1]]
[1] 0.3589732


$propSkyAcrossN
$propSkyAcrossN[[1]]
[1] 0.3581896


$buildHeightN
$buildHeightN[[1]]
[1] 63664.4


$propActiveUseN
$propActiveUseN[[1]]
[1] 0.248248


[1] ">>>> Cars"
feature realS lowerS higherS normS normS2
propWind -0.0394534891229704 -0.040388207584158 -0.0385187706617827 -0.327279117895532 -0.328706933147342
pavement 0.160747670287745 0.158612805681782 0.162882534893708 0.191992302241326 0.19031571659338
landscape 0.16018085042381 0.157438732385749 0.16292296846187 0.188414951304071 0.186297673785705
propStreetWall 0.0315497315617444 0.0308740329642887 0.0322254301592001 0.144224903267554 0.14431589387525
propSkyAhead -0.0479541935615235 -0.0489666984786034 -0.0469416886444436 -0.133587123552516 -0.133555267642146
propActiveUse -0.0297213883436664 -0.0308393729788981 -0.0286034037084346 -0.119724566684856 -0.116071611033833
debris -0.0871950339970632 -0.090751160510948 -0.0836389074831785 -0.101212863968746 -0.0977386439842405
movCicly -186.6438482298 -189.978060486386 -183.309635973215 -0.0701109988666877 -0.0695993730437894
buildNRec -701.473647869672 -716.894458435937 -686.052837303406 -0.0676639254643379 -0.0690652637308252
sidewalkWid 428.287636711506 420.332481143894 436.242792279117 0.0670751823691253 0.0675864365456675
peop -893.025549700301 -899.370430755882 -886.68066864472 -0.064865592217951 -0.0650011025645632
diffBuild -773.548776275888 -780.910083326867 -766.187469224909 -0.0627786563846935 -0.0633994200653532
ligh -114.491423245614 -116.15811536549 -112.824731125738 -0.0576500521475458 -0.057156249948239
buildId -429.896444026733 -435.639727550335 -424.153160503131 -0.0417069790154028 -0.0418039148313423
longSight -170.135878787879 -176.001929002938 -164.26982857282 -0.0346207263797316 -0.0347109194363188
smallPla -32.2386470588236 -35.0801044231748 -29.3971896944723 -0.0343134680963851 -0.0379036734966464
basCol -173.703417445859 -179.444664081207 -167.96217081051 -0.0340951420780722 -0.0348790661262037
parkCars -643.581260276788 -657.600945965263 -629.561574588314 -0.028333400028819 -0.0283587030269718
buildDiffAges -47.92 -49.9427441180726 -45.8972558819274 -0.0272272727272727 -0.0272727272727273
tree 419.047802287579 403.595154583101 434.500449992058 0.0266514867819794 0.0261763040597436
graff 27.62 24.6082843130679 30.6317156869321 0.0239756944444444 0.0260416666666667
streetWid -873.293900795606 -926.096888269754 -820.490913321457 -0.0177812028545534 -0.0191750674484434
movCars 144.10120443444 139.101968909819 149.100439959062 0.0163662194980654 0.0161913292665126
streeFur -92.2069603251199 -96.0463331851809 -88.367587465059 -0.0160713775574983 -0.0162411673602024
propSkyAcross 0.00552896297943231 0.00392170733716887 0.00713621862169576 0.0154358558641458 0.0123950676831475
accenCol -81.6680578850974 -91.5706338855532 -71.7654818846417 -0.01384749827743 -0.0153716184409234
buildHeight -125.40414459087 -277.05225408205 26.2439649003093 -0.00196976865557516 -0.00443003976250566
feature value norm
complexity -3149.73258159094 -0.0289156981529415
imageability -2198.09905904256 -0.0555966213612607
humanScale -1798.88720142112 -0.0173557475404545
coherence -1403.01540860199 -0.0409723522729425
linkage -899.328575149044 -0.0143131359003344
enclosure -738.873400541519 -0.0102997800615727
legibility -600.032322814612 -0.0394192226394721
transparency 428.287636711506 0.0670751823691253
tidiness -64.3532268384054 -0.00933753081525187
     feature     value       norm
1 complexity -3149.733 -0.0289157
         feature      realS     lowerS    higherS       normS      normS2
1        movCars  144.10120  139.10197  149.10044  0.01636622  0.01619133
2       parkCars -643.58126 -657.60095 -629.56157 -0.02833340 -0.02835870
3       movCicly -186.64385 -189.97806 -183.30964 -0.07011100 -0.06959937
4      buildNRec -701.47365 -716.89446 -686.05284 -0.06766393 -0.06906526
5           tree  419.04780  403.59515  434.50045  0.02665149  0.02617630
6       smallPla  -32.23865  -35.08010  -29.39719 -0.03431347 -0.03790367
7      diffBuild -773.54878 -780.91008 -766.18747 -0.06277866 -0.06339942
8       streeFur  -92.20696  -96.04633  -88.36759 -0.01607138 -0.01624117
9         basCol -173.70342 -179.44466 -167.96217 -0.03409514 -0.03487907
10          ligh -114.49142 -116.15812 -112.82473 -0.05765005 -0.05715625
11      accenCol  -81.66806  -91.57063  -71.76548 -0.01384750 -0.01537162
12          peop -893.02555 -899.37043 -886.68067 -0.06486559 -0.06500110
13         graff   27.62000   24.60828   30.63172  0.02397569  0.02604167
14 buildDiffAges  -47.92000  -49.94274  -45.89726 -0.02722727 -0.02727273
     feature     value        norm
1 humanScale -1798.887 -0.01735575
       feature      realS     lowerS    higherS        normS      normS2
1      movCars  144.10120  139.10197  149.10044  0.016366219  0.01619133
2     movCicly -186.64385 -189.97806 -183.30964 -0.070110999 -0.06959937
3         tree  419.04780  403.59515  434.50045  0.026651487  0.02617630
4     smallPla  -32.23865  -35.08010  -29.39719 -0.034313468 -0.03790367
5     streeFur  -92.20696  -96.04633  -88.36759 -0.016071378 -0.01624117
6         ligh -114.49142 -116.15812 -112.82473 -0.057650052 -0.05715625
7         peop -893.02555 -899.37043 -886.68067 -0.064865592 -0.06500110
8    streetWid -873.29390 -926.09689 -820.49091 -0.017781203 -0.01917507
9  buildHeight -125.40414 -277.05225   26.24396 -0.001969769 -0.00443004
10   longSight -170.13588 -176.00193 -164.26983 -0.034620726 -0.03471092
       feature     value        norm
1 imageability -2198.099 -0.05559662
    feature     realS    lowerS   higherS       normS      normS2
1   buildId -429.8964 -435.6397 -424.1532 -0.04170698 -0.04180391
2 buildNRec -701.4736 -716.8945 -686.0528 -0.06766393 -0.06906526
3    basCol -173.7034 -179.4447 -167.9622 -0.03409514 -0.03487907
4      peop -893.0255 -899.3704 -886.6807 -0.06486559 -0.06500110
    feature     value        norm
1 enclosure -738.8734 -0.01029978
      feature     realS    lowerS    higherS        normS      normS2
1        tree  419.0478  403.5952  434.50045  0.026651487  0.02617630
2        ligh -114.4914 -116.1581 -112.82473 -0.057650052 -0.05715625
3   streetWid -873.2939 -926.0969 -820.49091 -0.017781203 -0.01917507
4 buildHeight -125.4041 -277.0523   26.24396 -0.001969769 -0.00443004
5   longSight -170.1359 -176.0019 -164.26983 -0.034620726 -0.03471092
    feature     value        norm
1 coherence -1403.015 -0.04097235
        feature      realS     lowerS    higherS        normS      normS2
1      streeFur  -92.20696  -96.04633  -88.36759 -0.016071378 -0.01624117
2        basCol -173.70342 -179.44466 -167.96217 -0.034095142 -0.03487907
3          ligh -114.49142 -116.15812 -112.82473 -0.057650052 -0.05715625
4      accenCol  -81.66806  -91.57063  -71.76548 -0.013847498 -0.01537162
5          peop -893.02555 -899.37043 -886.68067 -0.064865592 -0.06500110
6 buildDiffAges  -47.92000  -49.94274  -45.89726 -0.027227273 -0.02727273
7   buildHeight -125.40414 -277.05225   26.24396 -0.001969769 -0.00443004
  feature     value        norm
1 linkage -899.3286 -0.01431314
    feature     realS    lowerS   higherS       normS      normS2
1   movCars  144.1012  139.1020  149.1004  0.01636622  0.01619133
2 streetWid -873.2939 -926.0969 -820.4909 -0.01778120 -0.01917507
3 longSight -170.1359 -176.0019 -164.2698 -0.03462073 -0.03471092
     feature     value        norm
1 legibility -600.0323 -0.03941922
    feature     realS    lowerS   higherS       normS      normS2
1   buildId -429.8964 -435.6397 -424.1532 -0.04170698 -0.04180391
2 longSight -170.1359 -176.0019 -164.2698 -0.03462073 -0.03471092
       feature    value       norm
1 transparency 428.2876 0.06707518
      feature     realS    lowerS   higherS        normS      normS2
1 sidewalkWid  428.2876  420.3325 436.24279  0.067075182  0.06758644
2 buildHeight -125.4041 -277.0523  26.24396 -0.001969769 -0.00443004
   feature     value         norm
1 tidiness -64.35323 -0.009337531
    feature        realS       lowerS      higherS       normS      normS2
1  streeFur -92.20696033 -96.04633319 -88.36758747 -0.01607138 -0.01624117
2     graff  27.62000000  24.60828431  30.63171569  0.02397569  0.02604167
3    debris  -0.08719503  -0.09075116  -0.08363891 -0.10121286 -0.09773864
4  pavement   0.16074767   0.15861281   0.16288253  0.19199230  0.19031572
5 landscape   0.16018085   0.15743873   0.16292297  0.18841495  0.18629767
