
Attaching package: ‘dplyr’

The following objects are masked from ‘package:stats’:

    filter, lag

The following objects are masked from ‘package:base’:

    intersect, setdiff, setequal, union


Attaching package: ‘reshape’

The following object is masked from ‘package:dplyr’:

    rename

There were 13 warnings (use warnings() to see them)
Version:  1.35.5
Date:     2015-07-26
Author:   Philip Leifeld (University of Konstanz)

Please cite the JSS article in your publications -- see citation("texreg").
[1] "################### Married x Single - Pleasantness"
[1] 0.2386639
[1] ">>>> Kendall Distance  0.238663897542402"
$movCars
$movCars[[1]]
  [1] -603.1826 -491.9913 -365.0534 -404.5851 -427.3431 -457.8390 -466.0419
  [8] -483.9417 -485.4046 -500.9138 -484.5490 -510.4691 -508.8022 -503.3725
 [15] -509.1625 -506.4253 -504.5281 -524.6180 -505.3638 -511.5847 -506.3528
 [22] -496.7057 -512.8262 -503.6300 -511.9363 -504.6857 -508.5468 -516.0093
 [29] -524.5191 -524.7252 -517.6316 -518.8208 -525.8608 -525.0766 -523.2995
 [36] -529.3669 -537.7773 -531.0359 -536.3321 -525.2334 -528.0941 -517.1271
 [43] -526.9390 -528.4612 -517.5790 -513.3032 -520.1301 -523.5826 -508.8682
 [50] -510.0860 -516.4821 -515.2479 -507.4599 -509.2507 -510.8170 -506.8207
 [57] -502.2873 -524.9236 -519.3869 -517.3207 -522.7303 -519.6261 -519.0595
 [64] -510.7817 -502.7817 -509.3421 -510.8374 -510.2237 -521.7864 -527.6565
 [71] -517.0898 -517.9309 -519.6753 -518.7647 -516.7870 -520.7647 -522.9262
 [78] -522.2870 -521.8092 -519.2092 -521.8092 -519.7314 -517.2707 -518.3041
 [85] -516.8951 -511.1096 -516.4459 -520.7681 -512.0382 -514.3382 -508.3382
 [92] -514.4904 -516.4904 -515.1237 -515.1237 -514.4904 -517.4279 -503.4056
 [99] -503.4279 -499.4279


$parkCars
$parkCars[[1]]
  [1] 1150.820 1302.337 1118.100 1420.560 1284.430 1286.171 1226.963 1177.585
  [9] 1180.243 1138.321 1135.762 1129.875 1167.173 1086.999 1125.974 1102.991
 [17] 1163.560 1210.693 1196.654 1145.851 1134.272 1142.361 1112.194 1114.433
 [25] 1106.342 1126.403 1156.987 1141.140 1103.664 1105.348 1095.111 1082.574
 [33] 1105.498 1095.408 1086.111 1081.804 1055.004 1040.204 1028.361 1041.034
 [41] 1051.881 1024.335 1012.404 1034.598 1068.832 1055.418 1051.756 1048.913
 [49] 1044.648 1059.092 1062.490 1071.422 1085.867 1067.618 1052.227 1043.261
 [57] 1060.873 1075.598 1058.771 1056.516 1043.001 1067.159 1068.059 1072.189
 [65] 1077.289 1052.798 1089.126 1063.725 1070.422 1094.922 1074.488 1062.344
 [73] 1072.767 1066.403 1073.381 1050.103 1056.740 1065.381 1083.359 1072.859
 [81] 1084.159 1080.337 1094.515 1094.915 1096.188 1088.410 1088.280 1093.724
 [89] 1081.624 1085.924 1074.352 1070.931 1077.431 1085.135 1086.135 1084.835
 [97] 1082.877 1092.622 1100.766 1086.766


$movCicly
$movCicly[[1]]
  [1] 172.4084 192.7746 193.6665 162.3184 179.9658 194.0608 186.1628 187.8372
  [9] 183.1285 162.7222 159.8423 167.9873 163.0711 164.1825 162.7699 156.9699
 [17] 156.8040 155.4016 151.8382 158.6699 155.2063 153.4499 146.9499 146.8625
 [25] 142.5768 143.0792 151.6332 147.5499 144.5181 148.6356 150.4348 139.2514
 [33] 142.3514 146.8087 146.9055 141.7879 141.6912 139.5205 138.2769 140.9912
 [41] 139.7571 143.8944 143.8087 144.3087 144.2087 143.7330 138.1087 133.4746
 [49] 144.5230 147.5230 150.8132 144.8694 143.8132 137.0892 133.1749 132.0408
 [57] 133.7623 128.3496 132.0109 135.5408 134.1506 129.0673 127.0673 130.8237
 [65] 130.8237 129.2139 127.7403 128.7403 127.3501 130.5501 130.5501 128.5501
 [73] 127.5501 128.9403 128.9403 128.9403 132.1744 132.9403 130.9403 132.9403
 [81] 131.9403 131.9403 135.9403 132.9403 132.7713 136.7713 135.6856 135.6856
 [89] 139.6856 137.6856 136.4856 135.4856 135.4856 130.4856 130.4856 134.4856
 [97] 136.5689 134.5689 132.5689 133.5689


$buildId
$buildId[[1]]
  [1] 923.4809 828.7587 551.6201 595.5404 559.0647 569.4754 410.3227 432.1775
  [9] 413.2904 409.9343 402.1238 405.2563 386.7994 296.5782 313.2772 345.7018
 [17] 315.3566 352.0393 357.4727 318.4282 327.9563 321.7785 303.1952 263.0825
 [25] 198.9135 252.8661 226.4518 232.5161 180.0830 193.1782 177.8925 179.5161
 [33] 170.9470 173.2494 149.4994 158.5780 129.9113 145.7947 118.7470 142.0327
 [41] 139.3661 145.7470 141.4827 161.1327 137.1827 161.3716 197.5076 197.6243
 [49] 198.8743 184.6769 145.3936 135.5936 145.4936 174.0436 149.9269 174.4436
 [57] 187.2076 180.9743 150.4436 159.1102 159.1102 160.7769 165.7769 159.8325
 [65] 149.2491 137.1132 141.7798 137.5298 138.8325 146.2491 151.2491 154.4991
 [73] 154.4991 152.4991 153.4991 123.4991 128.7798 139.3563 146.8325 144.6896
 [81] 144.1658 149.4991 147.8325 123.8325 129.9491 130.9491 133.9825 134.3158
 [89] 138.3991 138.0658 132.0658 127.9825 130.9825 134.6491 133.6491 132.9825
 [97] 132.6491 147.0102 144.0658 149.0658


$buildNRec
$buildNRec[[1]]
  [1]  206.36241   80.51825   64.79541  -28.26220  -21.29520 -128.62648
  [7] -255.38221 -274.32982 -245.35664 -263.64616 -286.82331 -236.87807
 [13] -221.73505 -306.52774 -279.93505 -317.76520 -363.62949 -340.38567
 [19] -336.25789 -341.08567 -356.53918 -364.48918 -360.38918 -391.87251
 [25] -442.63363 -410.70965 -422.97632 -419.84854 -430.80313 -414.65234
 [31] -431.38885 -433.82393 -437.49060 -431.93743 -454.59298 -479.50489
 [37] -504.17155 -488.35489 -503.71838 -481.44854 -477.17076 -483.66282
 [43] -480.48743 -461.63743 -495.63743 -489.37076 -474.34678 -493.71345
 [49] -491.15234 -502.35058 -553.46170 -549.83947 -557.93392 -529.39503
 [55] -553.57836 -519.16170 -522.44678 -516.10234 -530.12836 -519.49503
 [61] -501.71725 -520.85058 -521.85058 -505.85058 -525.75058 -523.71901
 [67] -526.68567 -535.78567 -540.51725 -540.95058 -525.43947 -523.37281
 [73] -522.70614 -519.70614 -523.53947 -541.03947 -544.10789 -529.53947
 [79] -520.07281 -531.73947 -521.57281 -523.23947 -503.23947 -525.23947
 [85] -523.02281 -524.02281 -519.93947 -521.60614 -524.00614 -522.00614
 [91] -520.00614 -526.43947 -524.43947 -527.10614 -528.10614 -525.93947
 [97] -522.80614 -522.03947 -528.87281 -527.17281


$tree
$tree[[1]]
  [1]  -933.7685  -848.6636  -918.8928  -895.5492 -1000.4737  -905.3487
  [7]  -935.8158  -900.5075  -895.5580  -844.1830  -823.2085  -794.2757
 [13]  -799.6320  -797.9801  -806.5786  -771.3129  -751.5688  -766.9359
 [19]  -752.2943  -771.7119  -778.9330  -766.8502  -763.2600  -775.7943
 [25]  -746.1178  -743.1178  -765.1766  -759.4590  -795.3658  -778.3923
 [31]  -793.7325  -783.9325  -778.5482  -780.3727  -787.0296  -772.2717
 [37]  -766.2129  -770.6658  -755.3237  -746.8992  -753.6168  -747.2492
 [43]  -756.3168  -772.9257  -764.1761  -769.4938  -757.8526  -747.9109
 [49]  -753.5109  -754.6521  -748.5761  -739.1938  -738.5031  -716.0031
 [55]  -725.4443  -722.0614  -713.4438  -729.8438  -744.7016  -750.1031
 [61]  -748.5938  -756.7271  -754.8271  -760.9771  -759.7266  -756.0443
 [67]  -751.6266  -751.7766  -750.7600  -752.7600  -756.5100  -764.8850
 [73]  -764.6350  -761.8600  -763.6600  -760.2845  -763.7345  -775.2266
 [79]  -771.1600  -768.0350  -762.4114  -761.7350  -780.0350  -776.4095
 [85]  -787.0095  -779.9095  -769.9095  -768.1095  -779.0095  -773.0095
 [91]  -779.3918  -780.2835  -785.6835  -790.8011  -789.8011  -785.4011
 [97]  -791.8011  -786.6011  -789.7678  -781.2011


$smallPla
$smallPla[[1]]
  [1]  5.356863 18.790196 37.558824 49.756863 41.656863 38.294118 37.264706
  [8] 39.996078 40.931373 44.264706 40.398039 44.698039 46.062745 47.796078
 [15] 46.560784 45.427451 45.358824 43.025490 42.925490 43.827451 45.023529
 [22] 42.123529 42.358824 41.960784 44.294118 43.360784 47.027451 44.027451
 [29] 40.527451 44.494118 43.327451 43.327451 42.327451 42.425490 42.258824
 [36] 41.925490 41.425490 41.660784 41.994118 43.827451 43.827451 43.827451
 [43] 43.827451 43.827451 45.027451 42.262745 41.762745 41.762745 44.562745
 [50] 44.562745 40.229412 41.229412 45.429412 40.629412 40.829412 40.829412
 [57] 39.829412 38.629412 38.862745 39.329412 39.729412 38.929412 38.129412
 [64] 38.129412 38.129412 38.129412 38.929412 38.929412 41.729412 41.729412
 [71] 40.729412 39.462745 40.262745 39.129412 39.129412 38.796078 38.796078
 [78] 39.462745 39.129412 39.462745 39.698039 39.462745 39.462745 38.329412
 [85] 38.329412 39.129412 39.129412 39.129412 39.129412 39.129412 39.129412
 [92] 39.129412 39.129412 36.329412 36.329412 37.129412 37.129412 37.129412
 [99] 37.462745 37.129412


$diffBuild
$diffBuild[[1]]
  [1] 273.0610 426.6137 330.0823 385.1851 412.0274 375.2895 379.7192 356.8997
  [9] 359.8532 341.2478 355.3135 326.4404 304.8265 281.8213 285.0274 277.2919
 [17] 271.2192 273.1321 283.1627 280.1032 294.1294 286.1321 272.6646 264.3776
 [25] 246.4988 251.1807 245.9594 245.7928 239.2495 231.3060 228.6631 223.2465
 [33] 211.7227 217.5384 210.5384 222.2465 209.8298 207.3289 199.0227 215.7140
 [41] 212.3261 212.4928 214.6956 216.5289 212.4456 232.3623 238.3789 222.3956
 [49] 231.6456 241.2623 231.2884 225.1884 227.9551 235.9227 233.8384 229.9884
 [57] 242.9393 246.6850 256.3285 243.5618 243.8575 250.0241 256.5241 261.4741
 [65] 269.9741 253.4741 251.1408 254.1908 245.6908 252.0241 263.7741 263.6313
 [73] 256.6313 261.1313 258.5479 252.6908 254.1908 255.5479 253.5479 258.0479
 [81] 250.2146 255.0479 268.0813 265.3313 269.2479 269.4979 262.9979 262.0813
 [89] 276.0813 275.0813 278.4979 272.0813 272.5813 272.4979 271.4979 275.2479
 [97] 274.0813 283.0813 274.9146 279.5813


$streeFur
$streeFur[[1]]
  [1] 261.0964 230.0068 315.7430 356.1152 327.9503 311.9860 331.1729 304.1321
  [9] 305.7886 320.0277 313.3542 326.1370 334.4548 328.0434 330.1298 334.4954
 [17] 333.5756 329.9896 332.2987 328.1046 333.1552 335.2522 329.6282 319.7366
 [25] 322.7985 326.7220 329.6483 325.9380 323.7837 327.9341 323.6954 320.8665
 [33] 322.0177 329.0828 323.3461 321.2793 320.7651 320.6136 321.4219 325.7096
 [41] 328.0687 327.0659 326.2417 326.0971 328.8638 326.3475 330.4587 332.9690
 [49] 338.1027 335.3794 332.4975 331.5113 339.5771 338.2793 337.6478 342.1261
 [57] 343.3310 339.5189 339.5665 339.6144 340.8118 337.7136 341.2379 340.0202
 [65] 342.1083 337.1370 340.6619 338.6276 335.7795 336.0285 339.1737 339.1174
 [73] 337.4265 340.8555 342.7412 341.2339 342.1739 337.0361 338.2184 338.1075
 [81] 336.5280 338.1718 339.7157 339.2649 334.6149 336.5835 332.8655 332.4655
 [89] 336.7941 336.0441 335.1552 335.5228 332.2728 331.1697 332.1697 332.4474
 [97] 332.7808 335.2808 333.8845 338.7808


$basCol
$basCol[[1]]
  [1] 292.4667 392.8999 378.3849 390.4409 411.7572 384.1509 409.5324 402.0798
  [9] 400.0982 404.2485 406.0235 396.3880 399.1592 383.1057 386.9417 381.6381
 [17] 375.9897 384.7652 383.0602 384.0251 381.5918 376.8751 373.1076 375.6251
 [25] 384.5377 378.4502 390.0151 384.5868 386.2080 379.1526 379.2675 373.4054
 [33] 379.4833 375.5701 379.0666 378.0833 377.3333 376.2666 379.2312 379.7145
 [41] 378.8145 375.8988 380.9496 380.1830 383.5988 380.1172 381.2172 380.0470
 [49] 384.1347 384.8847 380.6830 379.0812 382.1988 372.3049 372.6382 376.7996
 [57] 375.3356 378.1689 375.4847 379.3523 375.1689 376.0514 376.9988 380.4189
 [65] 384.9189 376.4356 380.5856 381.0198 381.7172 381.1347 385.9014 382.4365
 [73] 384.5996 384.8496 384.1830 386.9496 384.9496 385.9988 384.7321 384.6180
 [81] 385.0654 381.1005 386.6488 388.8988 387.6488 388.2321 385.7321 383.4821
 [89] 392.9821 390.7321 392.3163 390.7988 388.2988 386.8330 387.3330 388.3988
 [97] 387.0830 392.2496 392.2496 390.5163


$ligh
$ligh[[1]]
  [1] -120.26053 -112.59364 -116.26996  -96.97325 -130.20943 -131.86382
  [7] -136.97478 -141.99408 -144.52083 -139.86732 -143.12982 -148.68531
 [13] -136.56338 -130.52434 -135.63443 -136.63289 -139.63794 -145.63575
 [19] -150.72127 -150.40548 -145.02215 -146.95548 -145.55197 -144.62215
 [25] -144.76689 -147.40987 -145.89408 -144.28268 -139.79408 -138.29583
 [31] -139.46075 -138.07478 -138.17390 -138.56601 -136.67390 -140.89057
 [37] -144.64057 -147.77390 -145.64232 -144.50899 -145.30899 -146.99583
 [43] -146.66601 -146.36601 -144.62654 -145.64232 -144.44232 -148.24978
 [49] -147.00417 -146.85833 -146.89452 -145.56623 -146.25768 -148.82171
 [55] -149.90504 -151.88048 -153.04978 -151.04978 -149.80417 -148.34101
 [61] -149.54101 -148.67083 -148.56557 -145.72851 -147.72851 -146.52851
 [67] -146.72851 -147.61118 -147.31732 -145.92083 -147.05417 -147.86118
 [73] -149.55241 -148.63575 -147.96908 -147.10241 -147.10241 -147.23224
 [79] -148.09890 -151.20417 -149.09890 -149.13399 -148.28640 -149.03640
 [85] -145.28640 -145.03640 -144.36974 -145.61974 -147.78640 -147.36974
 [91] -148.05658 -149.31974 -146.31974 -146.35658 -147.35658 -147.36974
 [97] -146.10658 -147.10658 -147.10658 -147.23991


$accenCol
$accenCol[[1]]
  [1] 193.5955 322.9364 291.1511 267.7835 313.6217 280.3293 282.9116 277.9099
  [9] 282.5257 278.2669 278.8086 279.2980 265.9573 246.4951 250.5213 251.6489
 [17] 245.5771 259.0262 256.8464 259.2235 248.5235 243.0735 236.4200 232.1569
 [25] 238.4779 242.4947 242.2385 242.5673 239.2433 231.5805 231.5647 223.8003
 [33] 224.6279 218.6173 216.9612 219.8279 221.0779 222.2779 216.2411 217.1411
 [41] 218.1744 218.5446 220.5814 224.4814 223.2516 228.3411 226.8578 225.4025
 [49] 223.5779 226.2863 225.7446 219.1968 216.2411 216.7165 215.8832 223.0709
 [57] 225.3972 229.0639 221.1779 227.2814 219.4148 226.0779 226.0253 225.4564
 [65] 227.6231 218.4898 224.2898 224.3183 229.1078 228.7446 220.3446 220.3183
 [73] 223.9288 220.4288 222.4288 218.5288 223.5288 219.1920 224.5920 225.1446
 [81] 222.0920 221.4078 226.3003 223.0503 224.3003 220.3836 216.3836 217.6336
 [89] 225.6336 223.8836 225.4205 230.1836 226.6836 235.8705 236.8705 233.3836
 [97] 231.6205 230.2872 235.2872 226.3872


$peop
$peop[[1]]
  [1]  936.9622 1112.6597  936.9735 1196.7368 1169.5716 1108.4600 1095.0505
  [8] 1076.3066 1070.2384 1013.6754 1024.9571  994.7941  956.2832  946.5078
 [15]  964.7157  995.7329  996.4412 1007.3835 1027.9495 1001.7047 1017.0457
 [22] 1011.2626 1003.9103  989.6695  973.0680  986.1673  992.2372  992.5043
 [29]  966.9459  952.6298  964.9925  950.9187  947.3822  957.9826  971.6197
 [36]  993.8114  990.6947  972.4090  979.7447  978.7923  959.7257  985.3257
 [43]  970.6019  974.3257  967.8662  984.4340  997.4677  982.6344  993.7404
 [50] 1013.9904 1013.3923 1010.2923  996.4558 1002.8836  996.9558  991.4074
 [57]  987.6408 1005.7684  987.9019  989.5991  995.1188  996.4577  995.8577
 [64] 1010.5160 1023.9466  997.4049 1010.1728 1008.9049 1002.0644 1011.0644
 [71] 1014.0644 1004.5299 1001.3644  998.5160  995.8910  991.1827  992.8493
 [78]  989.7410  993.4077  997.1327  992.2045  999.0755  989.7878  993.8474
 [85]  988.2029  998.3628  997.2628 1000.4851 1003.8962 1006.0184 1014.2089
 [92] 1005.0406 1008.1740  999.1224  999.1224 1004.3962 1005.5073 1015.5406
 [99] 1019.8740 1027.1299


$graff
$graff[[1]]
  [1] 22 52 56 54 54 52 42 35 38 44 46 43 44 42 41 39 42 44 44 42 43 45 44 44 39
 [26] 44 45 44 46 45 44 46 45 44 46 46 46 46 44 42 43 42 42 42 42 42 45 46 44 43
 [51] 45 45 45 45 46 45 44 44 45 44 44 46 46 46 45 45 44 45 46 46 46 45 44 43 44
 [76] 44 43 44 44 44 43 44 43 44 43 43 43 43 43 43 43 43 45 45 44 45 46 44 44 45


$buildDiffAges
$buildDiffAges[[1]]
  [1] 187 209 247 258 253 244 242 233 240 242 249 248 244 242 244 238 245 246
 [19] 245 244 240 240 240 240 234 238 240 241 241 241 241 241 239 235 235 239
 [37] 238 240 236 237 240 238 234 235 234 233 236 239 237 238 239 238 236 235
 [55] 235 235 232 231 236 236 235 238 237 235 235 233 234 235 237 238 235 236
 [73] 234 233 235 231 232 235 236 239 237 238 237 236 236 236 235 235 237 237
 [91] 236 237 238 239 238 238 239 237 238 237


$streetWid
$streetWid[[1]]
  [1] -3249.866 -2654.947 -2934.250 -2722.420 -2733.190 -2848.058 -2776.854
  [8] -2797.874 -2812.564 -2683.845 -2647.212 -2592.551 -2593.142 -2647.527
 [15] -2624.328 -2566.917 -2581.901 -2622.602 -2566.164 -2657.981 -2630.040
 [22] -2651.047 -2671.244 -2722.644 -2646.878 -2641.955 -2739.952 -2699.102
 [29] -2783.738 -2752.047 -2781.604 -2735.012 -2722.895 -2742.771 -2794.719
 [36] -2720.573 -2753.692 -2754.659 -2754.358 -2669.924 -2695.841 -2679.244
 [43] -2695.271 -2704.987 -2666.759 -2632.406 -2637.240 -2658.957 -2676.466
 [50] -2687.647 -2678.844 -2662.195 -2696.139 -2668.304 -2703.570 -2652.403
 [57] -2636.660 -2704.334 -2728.172 -2700.333 -2733.833 -2710.455 -2694.544
 [64] -2707.208 -2714.188 -2735.192 -2740.804 -2772.970 -2723.780 -2725.986
 [71] -2747.113 -2787.835 -2719.936 -2735.658 -2722.158 -2762.821 -2743.400
 [78] -2793.336 -2754.403 -2761.192 -2771.570 -2744.692 -2771.181 -2794.300
 [85] -2809.533 -2762.153 -2787.053 -2778.386 -2761.275 -2761.942 -2771.858
 [92] -2737.358 -2771.525 -2756.136 -2743.970 -2756.025 -2771.525 -2766.005
 [99] -2743.283 -2762.549


$sidewalkWid
$sidewalkWid[[1]]
  [1] -511.8972 -332.7139 -332.2580 -317.7399 -289.2860 -289.4040 -287.0374
  [8] -253.5026 -272.0086 -289.2314 -279.4100 -292.6411 -296.4290 -298.2229
 [15] -296.0914 -308.3403 -289.3398 -301.2258 -294.9040 -299.4499 -300.0247
 [22] -297.8017 -301.1452 -280.9468 -278.3286 -305.5033 -309.5494 -304.3869
 [29] -319.2176 -313.3652 -300.9500 -300.3215 -300.3048 -298.0056 -304.5453
 [36] -306.0272 -311.1161 -304.5745 -306.3683 -308.7427 -305.8468 -302.4892
 [43] -298.5592 -297.6583 -293.4513 -297.5466 -300.0536 -297.2530 -302.0773
 [50] -299.0156 -311.1677 -305.3878 -297.6329 -304.4733 -296.6316 -300.4168
 [57] -301.5140 -314.8979 -310.2404 -309.8626 -310.6126 -313.3385 -311.6496
 [64] -309.5620 -306.7237 -298.9986 -302.9291 -299.2125 -304.2244 -303.8919
 [71] -308.4702 -298.3313 -299.3961 -296.2155 -295.1322 -296.4361 -296.5186
 [78] -300.7044 -301.8025 -302.4886 -298.3859 -304.3636 -295.0581 -300.0804
 [85] -295.3962 -294.8020 -293.0103 -294.4094 -293.2223 -295.5381 -292.0214
 [92] -290.0040 -294.0873 -293.6003 -293.6837 -299.6706 -298.0456 -289.4991
 [99] -289.9713 -293.9906


$debris
$debris[[1]]
  [1] -0.2519333 -0.2439800 -0.3135167 -0.3191587 -0.3344234 -0.3365943
  [7] -0.3365798 -0.3303721 -0.3275348 -0.3233310 -0.3241426 -0.3270440
 [13] -0.3303668 -0.3281196 -0.3274143 -0.3227339 -0.3199387 -0.3245107
 [19] -0.3270639 -0.3299861 -0.3261926 -0.3217056 -0.3298204 -0.3319921
 [25] -0.3358908 -0.3339242 -0.3326024 -0.3346918 -0.3387805 -0.3396014
 [31] -0.3402051 -0.3400423 -0.3435668 -0.3415619 -0.3387252 -0.3352445
 [37] -0.3389794 -0.3374608 -0.3424309 -0.3406295 -0.3414198 -0.3424382
 [43] -0.3443273 -0.3427397 -0.3384462 -0.3376053 -0.3339940 -0.3351193
 [49] -0.3349347 -0.3350385 -0.3385423 -0.3392913 -0.3379786 -0.3399202
 [55] -0.3389520 -0.3386598 -0.3352886 -0.3390677 -0.3392699 -0.3387485
 [61] -0.3398193 -0.3378988 -0.3376049 -0.3364204 -0.3393573 -0.3387647
 [67] -0.3383827 -0.3403184 -0.3389180 -0.3385388 -0.3394377 -0.3386278
 [73] -0.3398443 -0.3392952 -0.3390531 -0.3409363 -0.3387002 -0.3430909
 [79] -0.3400110 -0.3415629 -0.3431945 -0.3413483 -0.3426780 -0.3410662
 [85] -0.3425948 -0.3427674 -0.3426779 -0.3437741 -0.3434959 -0.3429609
 [91] -0.3444946 -0.3443190 -0.3429888 -0.3414598 -0.3416562 -0.3411342
 [97] -0.3395408 -0.3407412 -0.3395367 -0.3390990


$pavement
$pavement[[1]]
  [1] -0.2091762 -0.1517761 -0.2140895 -0.1985058 -0.1902675 -0.2067956
  [7] -0.2043513 -0.1918371 -0.1920810 -0.1934866 -0.1890812 -0.1961998
 [13] -0.1999654 -0.1979714 -0.1936582 -0.1900800 -0.1844289 -0.1908526
 [19] -0.1909954 -0.1939904 -0.1916082 -0.1898796 -0.1957518 -0.1971251
 [25] -0.2033118 -0.2059467 -0.2004657 -0.2046803 -0.2102760 -0.2100039
 [31] -0.2097116 -0.2087089 -0.2107387 -0.2135547 -0.2132983 -0.2065325
 [37] -0.2085295 -0.2067094 -0.2080237 -0.2080348 -0.2111500 -0.2114125
 [43] -0.2099091 -0.2080570 -0.2053156 -0.2045434 -0.2034265 -0.2044088
 [49] -0.2041258 -0.2028145 -0.2050760 -0.2037136 -0.2076449 -0.2094468
 [55] -0.2087691 -0.2076409 -0.2050725 -0.2076041 -0.2070577 -0.2057593
 [61] -0.2086957 -0.2057907 -0.2044682 -0.2055939 -0.2062950 -0.2090060
 [67] -0.2078589 -0.2102113 -0.2089450 -0.2081357 -0.2101387 -0.2076012
 [73] -0.2083634 -0.2068894 -0.2056398 -0.2085826 -0.2053061 -0.2077414
 [79] -0.2058688 -0.2049091 -0.2070846 -0.2062370 -0.2049979 -0.2045719
 [85] -0.2048056 -0.2037400 -0.2038850 -0.2054279 -0.2011529 -0.2020109
 [91] -0.2028160 -0.2008612 -0.2019505 -0.2011046 -0.2010351 -0.2018105
 [97] -0.2007568 -0.2013330 -0.1990182 -0.2010490


$landscape
$landscape[[1]]
  [1] -0.2905499 -0.2975811 -0.3403393 -0.3223663 -0.3302909 -0.3297985
  [7] -0.3218690 -0.3032025 -0.3048469 -0.3029765 -0.3018206 -0.2980425
 [13] -0.3029001 -0.2991244 -0.2987360 -0.2948639 -0.2952552 -0.2981097
 [19] -0.2985613 -0.3003310 -0.2996649 -0.2955194 -0.3009541 -0.2999828
 [25] -0.3010606 -0.3044208 -0.2999256 -0.3029358 -0.3057506 -0.3068135
 [31] -0.3059773 -0.3080821 -0.3096048 -0.3103478 -0.3089920 -0.3046977
 [37] -0.3032461 -0.2998604 -0.3017184 -0.3019227 -0.3001810 -0.3014215
 [43] -0.3015677 -0.3011896 -0.2978654 -0.3001722 -0.2980544 -0.2988186
 [49] -0.2997007 -0.2989202 -0.3008039 -0.3013337 -0.3008057 -0.3015874
 [55] -0.3000202 -0.2989435 -0.2960420 -0.3003402 -0.3036512 -0.2997740
 [61] -0.3026107 -0.3001017 -0.2995873 -0.3003475 -0.3023409 -0.3036135
 [67] -0.3024704 -0.3013459 -0.2995512 -0.2991809 -0.3027078 -0.3019393
 [73] -0.3023108 -0.3006646 -0.2996426 -0.3011856 -0.2981298 -0.3037838
 [79] -0.3001662 -0.3008667 -0.3007459 -0.3017786 -0.3012560 -0.2997827
 [85] -0.3042150 -0.3032326 -0.3039603 -0.3037926 -0.2993589 -0.3001985
 [91] -0.3012375 -0.2997037 -0.3011956 -0.3005665 -0.3002372 -0.3005768
 [97] -0.2994177 -0.3001031 -0.2983329 -0.3002410


$propStreetWall
$propStreetWall[[1]]
  [1] -0.02227025 -0.02139749 -0.01714760 -0.01991241 -0.01780781 -0.01900680
  [7] -0.02064059 -0.01909327 -0.01883037 -0.01865308 -0.01856316 -0.01827743
 [13] -0.01639485 -0.01599800 -0.01526915 -0.01944157 -0.01788109 -0.01665906
 [19] -0.01836305 -0.01701954 -0.01706007 -0.01821399 -0.01739341 -0.01611219
 [25] -0.01492793 -0.01595851 -0.01449221 -0.01455758 -0.01226316 -0.01238178
 [31] -0.01212521 -0.01310490 -0.01243717 -0.01371232 -0.01363633 -0.01509501
 [37] -0.01422411 -0.01406613 -0.01300695 -0.01409302 -0.01442595 -0.01493913
 [43] -0.01455063 -0.01380275 -0.01501123 -0.01534351 -0.01574926 -0.01559269
 [49] -0.01639071 -0.01615605 -0.01631898 -0.01662653 -0.01717780 -0.01604341
 [55] -0.01597631 -0.01511480 -0.01528375 -0.01538814 -0.01605000 -0.01490493
 [61] -0.01521535 -0.01554913 -0.01552056 -0.01511508 -0.01544941 -0.01545850
 [67] -0.01529002 -0.01433881 -0.01497388 -0.01464458 -0.01573882 -0.01530375
 [73] -0.01607574 -0.01523314 -0.01473331 -0.01444997 -0.01390750 -0.01486546
 [79] -0.01418858 -0.01446065 -0.01433778 -0.01504607 -0.01464718 -0.01416373
 [85] -0.01472402 -0.01520330 -0.01621289 -0.01603228 -0.01518806 -0.01532953
 [91] -0.01520282 -0.01543537 -0.01574261 -0.01538673 -0.01534816 -0.01572234
 [97] -0.01553180 -0.01604790 -0.01630801 -0.01587120


$propWind
$propWind[[1]]
  [1] 0.04001641 0.04753567 0.03848823 0.04071129 0.03727580 0.03745875
  [7] 0.03726123 0.03618133 0.03563490 0.03540759 0.03707191 0.03567550
 [13] 0.03463580 0.03424854 0.03386233 0.03462833 0.03616378 0.03591592
 [19] 0.03620977 0.03569712 0.03670042 0.03684729 0.03589234 0.03569586
 [25] 0.03557576 0.03556117 0.03562088 0.03522694 0.03340300 0.03300498
 [31] 0.03346528 0.03345923 0.03316537 0.03391285 0.03392934 0.03518038
 [37] 0.03442208 0.03398276 0.03424200 0.03491566 0.03505462 0.03515353
 [43] 0.03438283 0.03440094 0.03449520 0.03494643 0.03537081 0.03497483
 [49] 0.03586585 0.03623396 0.03627734 0.03624281 0.03701200 0.03673958
 [55] 0.03666415 0.03616161 0.03645828 0.03600444 0.03676602 0.03614790
 [61] 0.03629974 0.03614953 0.03616177 0.03648151 0.03733769 0.03699879
 [67] 0.03671085 0.03577443 0.03576133 0.03552849 0.03653779 0.03635791
 [73] 0.03630833 0.03617773 0.03593041 0.03577746 0.03553637 0.03609944
 [79] 0.03567438 0.03615103 0.03567665 0.03654168 0.03691515 0.03662049
 [85] 0.03721596 0.03733754 0.03765608 0.03749332 0.03746760 0.03743035
 [91] 0.03751721 0.03714862 0.03731706 0.03685158 0.03682470 0.03731124
 [97] 0.03713696 0.03787568 0.03746148 0.03796031


$longSight
$longSight[[1]]
  [1] -209.6870 -143.8113 -193.9353 -195.6154 -185.1504 -179.1818 -183.8208
  [8] -185.1284 -202.7825 -186.8348 -185.8976 -192.0548 -187.8920 -189.0465
 [15] -192.3284 -185.8329 -196.4784 -195.4284 -193.0117 -193.7950 -195.0299
 [22] -192.1950 -198.4147 -196.4799 -196.7799 -204.8132 -204.9132 -213.0799
 [29] -207.0632 -210.2299 -213.2299 -217.1117 -221.0284 -220.5950 -215.7545
 [36] -221.8212 -220.4965 -223.1632 -217.3299 -218.2394 -223.9061 -217.5662
 [43] -222.9662 -223.3996 -219.8314 -222.8829 -220.5996 -217.3314 -211.4829
 [50] -212.1996 -214.4829 -211.6981 -214.4481 -209.9481 -210.7814 -215.0147
 [57] -212.0147 -211.3147 -214.3147 -211.9147 -212.0814 -209.0814 -211.5814
 [64] -211.9481 -211.1981 -205.8147 -204.8147 -205.5647 -203.6147 -206.4647
 [71] -208.0314 -210.7814 -212.1481 -213.3147 -213.2147 -208.2147 -209.2147
 [78] -216.2481 -213.8481 -217.2481 -218.8481 -216.7481 -220.0147 -218.5147
 [85] -216.5147 -219.9147 -215.8314 -214.4981 -222.2481 -220.2481 -217.5814
 [92] -217.1647 -213.1647 -211.1647 -212.1647 -211.9981 -209.6647 -212.8147
 [99] -209.8147 -207.6147


$propSkyAhead
$propSkyAhead[[1]]
  [1] -0.10082706 -0.09267525 -0.08396145 -0.08878028 -0.09233457 -0.09588554
  [7] -0.09543493 -0.09901757 -0.09355035 -0.09266854 -0.09487229 -0.09095678
 [13] -0.08771703 -0.09200118 -0.09375273 -0.09268529 -0.09392834 -0.09138938
 [19] -0.09265729 -0.09304820 -0.09116566 -0.09203491 -0.09336149 -0.09447245
 [25] -0.09493065 -0.09379524 -0.09451658 -0.09389491 -0.09504277 -0.09320811
 [31] -0.09441657 -0.09416817 -0.09409499 -0.09364363 -0.09404462 -0.09456016
 [37] -0.09494585 -0.09489294 -0.09627110 -0.09569903 -0.09533109 -0.09565605
 [43] -0.09467930 -0.09439566 -0.09603146 -0.09364134 -0.09293656 -0.09180841
 [49] -0.09182816 -0.09341191 -0.09396555 -0.09445138 -0.09453015 -0.09452545
 [55] -0.09349009 -0.09345323 -0.09355807 -0.09218904 -0.09351713 -0.09441531
 [61] -0.09357734 -0.09477308 -0.09429549 -0.09448399 -0.09402873 -0.09374596
 [67] -0.09367998 -0.09461618 -0.09469063 -0.09522375 -0.09480559 -0.09404777
 [73] -0.09395187 -0.09413530 -0.09407749 -0.09463858 -0.09489660 -0.09392604
 [79] -0.09462751 -0.09428776 -0.09464309 -0.09463826 -0.09405760 -0.09482222
 [85] -0.09504317 -0.09604039 -0.09597367 -0.09559443 -0.09647520 -0.09615213
 [91] -0.09648374 -0.09606475 -0.09605616 -0.09628795 -0.09643654 -0.09585906
 [97] -0.09614759 -0.09631469 -0.09710690 -0.09646389


$propSkyAcross
$propSkyAcross[[1]]
  [1] -0.04800252 -0.06091849 -0.05374150 -0.05401527 -0.05706985 -0.05748991
  [7] -0.06260169 -0.06178320 -0.05806352 -0.05697838 -0.06039704 -0.05609917
 [13] -0.05537060 -0.05694407 -0.05652630 -0.05614800 -0.05970303 -0.05571390
 [19] -0.05712418 -0.05743763 -0.05605781 -0.05825989 -0.05919779 -0.06023169
 [25] -0.05790137 -0.05918457 -0.05979164 -0.05952248 -0.06108361 -0.05933034
 [31] -0.06113753 -0.06077655 -0.05984811 -0.05967660 -0.06161246 -0.06175456
 [37] -0.06209816 -0.06191418 -0.06209279 -0.06069739 -0.06082873 -0.06132637
 [43] -0.06090563 -0.05995291 -0.06035795 -0.05880234 -0.05970161 -0.05832455
 [49] -0.05730894 -0.05887575 -0.06031694 -0.06070326 -0.05946427 -0.05969376
 [55] -0.05896214 -0.05936415 -0.05846417 -0.05794539 -0.05931441 -0.05903847
 [61] -0.05920239 -0.05897347 -0.05876223 -0.05913335 -0.05933265 -0.05890608
 [67] -0.05862199 -0.05993262 -0.05837620 -0.05876973 -0.05886039 -0.05903627
 [73] -0.05848774 -0.05798594 -0.05763776 -0.05828500 -0.05846453 -0.05778109
 [79] -0.05806453 -0.05841158 -0.05840372 -0.05850524 -0.05861321 -0.05942341
 [85] -0.05927702 -0.05983714 -0.06008277 -0.05971503 -0.06018231 -0.06012262
 [91] -0.06064561 -0.06031377 -0.06095492 -0.06133180 -0.06106824 -0.06061694
 [97] -0.06151754 -0.06090564 -0.06102332 -0.06013280


$buildHeight
$buildHeight[[1]]
  [1] -4895.246 -5237.314 -4283.656 -4608.015 -5156.078 -5354.613 -5426.000
  [8] -5878.965 -5898.658 -5665.703 -5697.616 -5699.788 -5468.185 -5480.782
 [15] -5565.425 -5362.812 -5256.666 -5250.458 -5157.121 -5232.774 -5471.746
 [22] -5397.231 -5227.495 -5293.900 -5333.127 -5285.506 -5187.003 -5319.503
 [29] -5369.253 -5450.372 -5374.836 -5386.713 -5470.788 -5408.044 -5444.547
 [36] -5407.405 -5455.188 -5472.378 -5456.455 -5414.285 -5486.274 -5384.199
 [43] -5398.050 -5590.152 -5590.738 -5494.981 -5448.439 -5413.352 -5348.128
 [50] -5355.045 -5357.406 -5357.365 -5319.275 -5298.441 -5381.874 -5346.026
 [57] -5355.833 -5348.572 -5325.020 -5372.978 -5358.658 -5351.619 -5355.619
 [64] -5441.558 -5383.008 -5399.308 -5386.758 -5395.548 -5405.905 -5432.108
 [71] -5358.733 -5281.862 -5329.522 -5380.272 -5349.106 -5430.481 -5443.356
 [78] -5368.547 -5460.058 -5359.558 -5413.808 -5365.344 -5432.397 -5484.741
 [85] -5473.314 -5464.325 -5315.908 -5338.658 -5458.908 -5356.908 -5354.133
 [92] -5356.419 -5343.586 -5349.300 -5351.133 -5343.919 -5331.300 -5269.706
 [99] -5246.967 -5223.050


$propActiveUse
$propActiveUse[[1]]
  [1]  0.0079520805  0.0033570979 -0.0102661633 -0.0056611201 -0.0038198740
  [6] -0.0002450129  0.0024590251  0.0033746938  0.0027086907  0.0020122144
 [11]  0.0041972455  0.0041406319  0.0049555148  0.0036669717  0.0034745017
 [16]  0.0021800519  0.0024936569  0.0019696026  0.0025037912  0.0023993838
 [21]  0.0031613093  0.0042725622  0.0039781235  0.0036677472  0.0048689594
 [26]  0.0041756659  0.0024946572  0.0024659180  0.0027824844  0.0018321795
 [31]  0.0026617137  0.0021253383  0.0030411723  0.0030814480  0.0040456036
 [36]  0.0040809730  0.0039749226  0.0037413797  0.0038950401  0.0038975607
 [41]  0.0042669617  0.0043863293  0.0041434608  0.0039827681  0.0046686181
 [46]  0.0045739157  0.0060232073  0.0044508062  0.0046314428  0.0059120044
 [51]  0.0064486133  0.0058662546  0.0067362032  0.0064271705  0.0056424587
 [56]  0.0048858921  0.0063671279  0.0061474457  0.0047365544  0.0041798335
 [61]  0.0051093599  0.0048001880  0.0053255370  0.0057245848  0.0054430588
 [66]  0.0052020204  0.0048752504  0.0050362283  0.0051965591  0.0051175149
 [71]  0.0063311901  0.0056634020  0.0056821454  0.0066946849  0.0063041944
 [76]  0.0067737026  0.0062812700  0.0061987184  0.0059653104  0.0053847971
 [81]  0.0053333450  0.0052321387  0.0055353982  0.0063201558  0.0058976953
 [86]  0.0063350837  0.0067590284  0.0069703120  0.0069163962  0.0069228154
 [91]  0.0068353610  0.0063523477  0.0063815822  0.0052569519  0.0053017438
 [96]  0.0059856474  0.0058968777  0.0056194743  0.0048276481  0.0067445268


$movCarsN
$movCarsN[[1]]
[1] 8664.883


$parkCarsN
$parkCarsN[[1]]
[1] 22129.87


$movCiclyN
$movCiclyN[[1]]
[1] 2576.55


$buildIdN
$buildIdN[[1]]
[1] 10173.16


$buildNRecN
$buildNRecN[[1]]
[1] 10227


$treeN
$treeN[[1]]
[1] 15476.8


$smallPlaN
$smallPlaN[[1]]
[1] 930.098


$diffBuildN
$diffBuildN[[1]]
[1] 12162.9


$streeFurN
$streeFurN[[1]]
[1] 5598.144


$basColN
$basColN[[1]]
[1] 5032.914


$lighN
$lighN[[1]]
[1] 1963.084


$accenColN
$accenColN[[1]]
[1] 5823.327


$peopN
$peopN[[1]]
[1] 13591.34


$graffN
$graffN[[1]]
[1] 1140


$buildDiffAgesN
$buildDiffAgesN[[1]]
[1] 1740


$streetWidN
$streetWidN[[1]]
[1] 48121.71


$sidewalkWidN
$sidewalkWidN[[1]]
[1] 6282.334


$debrisN
$debrisN[[1]]
[1] 0.8655645


$pavementN
$pavementN[[1]]
[1] 0.8407401


$landscapeN
$landscapeN[[1]]
[1] 0.8521975


$propStreetWallN
$propStreetWallN[[1]]
[1] 0.2183039


$propWindN
$propWindN[[1]]
[1] 0.1211487


$longSightN
$longSightN[[1]]
[1] 4795.877


$propSkyAheadN
$propSkyAheadN[[1]]
[1] 0.3610721


$propSkyAcrossN
$propSkyAcrossN[[1]]
[1] 0.3600807


$buildHeightN
$buildHeightN[[1]]
[1] 62650.19


$propActiveUseN
$propActiveUseN[[1]]
[1] 0.2488712


[1] ">>>> Cars"
feature realS lowerS higherS normS normS2
debris -0.335026855283538 -0.339384776178489 -0.330668934388586 -0.387061694658781 -0.391389169852164
landscape -0.302467163753623 -0.304620380157191 -0.300313947350056 -0.354926116882065 -0.353012301706194
propWind 0.036171516228943 0.0356259776488352 0.0367170548090508 0.298571214391913 0.29849012488693
propSkyAhead -0.0942229028568879 -0.0948534615357224 -0.0935923441780533 -0.260953164904368 -0.261487788606342
pavement -0.203171187863458 -0.20567698533387 -0.200665390393047 -0.2416575372598 -0.243921132475219
propSkyAcross -0.059096480940576 -0.059732104299147 -0.058460857582005 -0.164120083877213 -0.1646733866509
buildDiffAges 237.37 235.096020102294 239.643979897706 0.136419540229885 0.136206896551724
buildHeight -5371.19207874924 -5429.33423268445 -5313.04992481404 -0.0857330473136554 -0.0856964606438361
basCol 383.268878269392 379.547994422969 386.989762115814 0.0761524850496493 0.0761574524023602
peop 1001.3674948385 989.176898582078 1013.55809109492 0.073676899449222 0.0733339799931102
ligh -143.993460526316 -146.539602280844 -141.447318771788 -0.0733506284418183 -0.074600599396939
propStreetWall -0.0157632916643539 -0.0163365225419929 -0.0151900607867149 -0.0722080052307449 -0.070486292503386
streeFur 330.299842236991 325.67407371612 334.925610757862 0.0590016694484041 0.0594692162584516
movCars -510.882369298353 -518.754245073392 -503.010493523313 -0.0589600975620132 -0.0595078525961875
streetWid -2723.57955561023 -2748.99383193702 -2698.16527928344 -0.0565977262843613 -0.0566704409634592
movCicly 144.050959875778 139.058294493949 149.043625257607 0.0559084768138667 0.0540979093033412
tree -780.193852941173 -795.273485003048 -765.114220879298 -0.0504105372893026 -0.0496273243543871
parkCars 1098.98279034483 1079.76329767615 1118.20228301352 0.0496606110401934 0.0490060367885463
sidewalkWid -301.840130829014 -309.17816750735 -294.502094150679 -0.0480458551275485 -0.0476611028270541
smallPla 40.5453921568627 38.9816712915617 42.1091130221638 0.0435926004005483 0.0436281226942133
longSight -208.145348484849 -212.081642324937 -204.209054644761 -0.0434008933178176 -0.0441642650126248
buildNRec -437.444276942359 -483.362553243346 -391.526000641372 -0.0427734517577192 -0.049230342487213
accenCol 234.496668498168 227.640515009268 241.352821987068 0.0402685044591761 0.0387896744123454
graff 44.13 43.0179271343761 45.2420728656239 0.0387105263157895 0.0385964912280702
buildId 221.822310776942 176.686705625789 266.957915928095 0.0218046544315554 0.0153874021009542
diffBuild 264.335298576921 250.667658386175 278.002938767667 0.0217329247348216 0.0210951159994502
propActiveUse 0.00441109057460408 0.003632748097 0.00518943305220817 0.0177243881255199 0.0195768091588197
feature value norm
enclosure -3855.91221756257 -0.0548045845816042
linkage -3442.60727339343 -0.055902386940974
humanScale -2850.53089775279 -0.0280237250583572
coherence 2042.80942331674 0.0605298301931049
complexity 1906.33336508924 0.0178067296027766
imageability 1169.01440694248 0.0299559734373399
tidiness 373.58917703009 0.0554228845602444
transparency -301.840130829014 -0.0480458551275485
legibility 13.676962292093 0.000913683305258432
     feature    value       norm
1 complexity 1906.333 0.01780673
         feature      realS     lowerS    higherS       normS      normS2
1        movCars -510.88237 -518.75425 -503.01049 -0.05896010 -0.05950785
2       parkCars 1098.98279 1079.76330 1118.20228  0.04966061  0.04900604
3       movCicly  144.05096  139.05829  149.04363  0.05590848  0.05409791
4      buildNRec -437.44428 -483.36255 -391.52600 -0.04277345 -0.04923034
5           tree -780.19385 -795.27349 -765.11422 -0.05041054 -0.04962732
6       smallPla   40.54539   38.98167   42.10911  0.04359260  0.04362812
7      diffBuild  264.33530  250.66766  278.00294  0.02173292  0.02109512
8       streeFur  330.29984  325.67407  334.92561  0.05900167  0.05946922
9         basCol  383.26888  379.54799  386.98976  0.07615249  0.07615745
10          ligh -143.99346 -146.53960 -141.44732 -0.07335063 -0.07460060
11      accenCol  234.49667  227.64052  241.35282  0.04026850  0.03878967
12          peop 1001.36749  989.17690 1013.55809  0.07367690  0.07333398
13         graff   44.13000   43.01793   45.24207  0.03871053  0.03859649
14 buildDiffAges  237.37000  235.09602  239.64398  0.13641954  0.13620690
     feature     value        norm
1 humanScale -2850.531 -0.02802373
       feature       realS      lowerS     higherS       normS      normS2
1      movCars  -510.88237  -518.75425  -503.01049 -0.05896010 -0.05950785
2     movCicly   144.05096   139.05829   149.04363  0.05590848  0.05409791
3         tree  -780.19385  -795.27349  -765.11422 -0.05041054 -0.04962732
4     smallPla    40.54539    38.98167    42.10911  0.04359260  0.04362812
5     streeFur   330.29984   325.67407   334.92561  0.05900167  0.05946922
6         ligh  -143.99346  -146.53960  -141.44732 -0.07335063 -0.07460060
7         peop  1001.36749   989.17690  1013.55809  0.07367690  0.07333398
8    streetWid -2723.57956 -2748.99383 -2698.16528 -0.05659773 -0.05667044
9  buildHeight -5371.19208 -5429.33423 -5313.04992 -0.08573305 -0.08569646
10   longSight  -208.14535  -212.08164  -204.20905 -0.04340089 -0.04416427
       feature    value       norm
1 imageability 1169.014 0.02995597
    feature     realS    lowerS   higherS       normS      normS2
1   buildId  221.8223  176.6867  266.9579  0.02180465  0.01538740
2 buildNRec -437.4443 -483.3626 -391.5260 -0.04277345 -0.04923034
3    basCol  383.2689  379.5480  386.9898  0.07615249  0.07615745
4      peop 1001.3675  989.1769 1013.5581  0.07367690  0.07333398
    feature     value        norm
1 enclosure -3855.912 -0.05480458
      feature      realS     lowerS    higherS       normS      normS2
1        tree  -780.1939  -795.2735  -765.1142 -0.05041054 -0.04962732
2        ligh  -143.9935  -146.5396  -141.4473 -0.07335063 -0.07460060
3   streetWid -2723.5796 -2748.9938 -2698.1653 -0.05659773 -0.05667044
4 buildHeight -5371.1921 -5429.3342 -5313.0499 -0.08573305 -0.08569646
5   longSight  -208.1453  -212.0816  -204.2091 -0.04340089 -0.04416427
    feature    value       norm
1 coherence 2042.809 0.06052983
        feature      realS     lowerS    higherS       normS      normS2
1      streeFur   330.2998   325.6741   334.9256  0.05900167  0.05946922
2        basCol   383.2689   379.5480   386.9898  0.07615249  0.07615745
3          ligh  -143.9935  -146.5396  -141.4473 -0.07335063 -0.07460060
4      accenCol   234.4967   227.6405   241.3528  0.04026850  0.03878967
5          peop  1001.3675   989.1769  1013.5581  0.07367690  0.07333398
6 buildDiffAges   237.3700   235.0960   239.6440  0.13641954  0.13620690
7   buildHeight -5371.1921 -5429.3342 -5313.0499 -0.08573305 -0.08569646
  feature     value        norm
1 linkage -3442.607 -0.05590239
    feature      realS     lowerS    higherS       normS      normS2
1   movCars  -510.8824  -518.7542  -503.0105 -0.05896010 -0.05950785
2 streetWid -2723.5796 -2748.9938 -2698.1653 -0.05659773 -0.05667044
3 longSight  -208.1453  -212.0816  -204.2091 -0.04340089 -0.04416427
     feature    value         norm
1 legibility 13.67696 0.0009136833
    feature     realS    lowerS   higherS       normS      normS2
1   buildId  221.8223  176.6867  266.9579  0.02180465  0.01538740
2 longSight -208.1453 -212.0816 -204.2091 -0.04340089 -0.04416427
       feature     value        norm
1 transparency -301.8401 -0.04804586
      feature      realS     lowerS    higherS       normS      normS2
1 sidewalkWid  -301.8401  -309.1782  -294.5021 -0.04804586 -0.04766110
2 buildHeight -5371.1921 -5429.3342 -5313.0499 -0.08573305 -0.08569646
   feature    value       norm
1 tidiness 373.5892 0.05542288
    feature       realS      lowerS     higherS       normS      normS2
1  streeFur 330.2998422 325.6740737 334.9256108  0.05900167  0.05946922
2     graff  44.1300000  43.0179271  45.2420729  0.03871053  0.03859649
3    debris  -0.3350269  -0.3393848  -0.3306689 -0.38706169 -0.39138917
4  pavement  -0.2031712  -0.2056770  -0.2006654 -0.24165754 -0.24392113
5 landscape  -0.3024672  -0.3046204  -0.3003139 -0.35492612 -0.35301230
[1] "################### Married x Single - Safety"
[1] 0.246279
[1] ">>>> Kendall Distance  0.246278989269643"
$movCars
$movCars[[1]]
  [1] -579.7596 -639.3820 -767.3954 -720.5098 -698.9808 -629.5153 -598.7721
  [8] -601.8717 -576.7301 -604.6164 -626.3354 -611.9905 -619.1421 -615.8173
 [15] -616.2858 -622.1579 -635.0495 -641.6198 -643.1731 -629.8858 -620.3267
 [22] -642.8547 -638.0472 -636.8110 -629.3308 -642.4536 -640.7925 -620.1542
 [29] -609.6429 -621.5721 -614.3274 -635.7819 -628.3914 -635.1680 -634.5564
 [36] -633.1808 -638.6332 -632.5055 -632.9047 -643.7575 -630.6595 -623.5204
 [43] -616.9477 -623.3195 -624.6528 -631.3196 -620.9863 -635.6868 -636.6639
 [50] -617.7964 -619.5127 -617.5127 -618.8186 -621.8024 -617.3958 -623.4528
 [57] -623.4031 -609.7079 -624.0542 -621.0927 -618.2524 -621.7209 -619.1038
 [64] -616.7705 -616.7705 -618.9300 -619.0739 -618.0568 -623.5339 -617.2406
 [71] -610.4479 -607.4856 -621.6820 -619.8590 -622.6524 -621.9695 -628.1309
 [78] -636.0635 -625.8198 -631.8753 -637.1570 -625.7364 -616.9246 -620.7579
 [85] -627.7024 -621.5418 -619.9985 -623.1026 -624.1026 -629.2693 -626.7693
 [92] -621.3318 -624.1651 -623.7036 -617.9087 -614.0726 -622.0341 -625.4785
 [99] -620.8503 -620.4770


$parkCars
$parkCars[[1]]
  [1] -860.8700 -667.0784 -414.0898 -499.6651 -657.7738 -550.6972 -508.7722
  [8] -515.8111 -597.6360 -633.7364 -615.8000 -611.0743 -613.6240 -659.5399
 [15] -652.9993 -607.9872 -625.0655 -599.3430 -586.6561 -588.6131 -559.0533
 [22] -577.1579 -569.7661 -528.0563 -534.1741 -569.6769 -606.6117 -573.0960
 [29] -585.3122 -580.9203 -615.0471 -611.7319 -616.1111 -582.7332 -595.1550
 [36] -583.5712 -590.1718 -617.4887 -600.9608 -638.2971 -634.8995 -623.2643
 [43] -620.2881 -593.3595 -622.8807 -599.0604 -620.9096 -626.4572 -624.6375
 [50] -618.2066 -610.5653 -604.8486 -604.4233 -585.5780 -615.7932 -604.9149
 [57] -609.0864 -601.0896 -603.0098 -608.2329 -602.3642 -608.5542 -609.7740
 [64] -596.1073 -597.0740 -596.2310 -599.0787 -597.9621 -625.5187 -594.8334
 [71] -619.9534 -620.6720 -633.3987 -653.7627 -676.7447 -658.3438 -644.4561
 [78] -646.3661 -631.9784 -629.4942 -630.8368 -623.4642 -623.8083 -634.3472
 [85] -636.6972 -637.5606 -640.3206 -663.9297 -663.5408 -662.0075 -660.8861
 [92] -650.6611 -649.9277 -652.8508 -645.1072 -658.1159 -643.5928 -652.3198
 [99] -673.0096 -662.7829


$movCicly
$movCicly[[1]]
  [1] -45.848064 -81.840752  -8.552449  13.833763  17.311255  40.773803
  [7]  36.217687  23.542039  27.291021  29.954139  27.633694  30.437800
 [13]  21.116724  22.433959  25.139688  27.466677  15.439204  13.290268
 [19]  19.796678  12.794657  15.697938  21.984301  20.611141  15.078058
 [25]  17.541890  17.936627  20.330567  22.404593  28.150047  31.487926
 [31]  32.494852  36.249614  41.407190  34.573857  33.258510  34.258510
 [37]  35.153246  31.620164  32.056472  38.534449  31.942437  36.602177
 [43]  31.602177  35.874905  33.602177  34.554558  34.687892  37.078136
 [49]  39.178136  40.844802  37.810760  37.810760  40.344802  41.044802
 [55]  34.454558  40.331820  39.274910  39.120364  44.374910  45.374910
 [61]  45.458243  44.874910  45.840867  45.674201  45.840867  44.365819
 [67]  40.941532  41.941532  42.041532  46.941532  47.174201  42.529411
 [73]  52.340867  54.278136  54.378136  50.378136  47.474910  47.378136
 [79]  47.474910  48.474910  42.965819  43.808243  45.378136  41.378136
 [85]  42.378136  44.768380  45.668380  43.085046  44.085046  38.085046
 [91]  38.085046  41.001713  42.668380  42.668380  44.501713  43.330501
 [97]  42.330501  41.330501  39.330501  36.763834


$buildId
$buildId[[1]]
  [1] 1020.7012  952.3295 1189.2872 1164.5213 1000.6706 1011.8706 1003.2875
  [8] 1055.6936 1037.9449 1094.2839 1038.8386 1065.8923 1059.6646 1025.9196
 [15] 1025.9535 1048.3924 1039.0259 1046.4283 1022.5712 1030.4537 1026.5228
 [22] 1005.4206  998.5865  997.7706 1008.1040  985.7825  990.1754 1020.5397
 [29] 1032.7828 1021.6775 1031.2275 1024.4278 1033.7016 1023.6579 1014.5468
 [36]  998.2135  995.6063  981.3730 1004.4468  978.6802  980.1661  981.0328
 [43]  981.0328  993.4137  985.6995  988.0590  969.8616  958.5838  960.5031
 [50]  957.9198  966.9476  970.2809  969.9476  966.2809  971.9476  963.7381
 [57]  964.5476  975.0976  985.6642  963.6809  978.8616  974.3865  973.1365
 [64]  979.8031  984.4698  987.1531  969.1365  969.8031  959.0865  982.2198
 [71]  969.6008  984.9341  979.8508  988.1008  988.3174  986.9674  991.9674
 [78]  986.9674  987.7174  979.7174  986.9674  982.0984  986.0984  986.0984
 [85]  983.4317  979.3841 1004.8457  998.7931  996.7931  977.8457  996.7931
 [92]  995.8457  996.8457  996.8457  997.8457  994.7931  994.4764  994.4764
 [99]  993.4764  994.6764


$buildNRec
$buildNRec[[1]]
  [1] 1799.703 1586.288 1797.844 1744.371 1615.287 1604.209 1561.559 1612.933
  [9] 1575.295 1607.682 1581.253 1614.912 1598.803 1572.819 1545.725 1547.236
 [17] 1550.107 1548.838 1528.463 1522.151 1518.771 1493.167 1492.625 1472.948
 [25] 1492.868 1475.451 1476.573 1508.116 1502.018 1496.636 1504.453 1504.607
 [33] 1520.326 1513.918 1499.255 1496.874 1489.155 1471.605 1507.707 1474.074
 [41] 1486.609 1485.259 1481.926 1486.789 1477.503 1478.623 1453.092 1441.558
 [49] 1444.216 1450.316 1445.416 1441.082 1445.416 1439.993 1447.327 1435.279
 [57] 1438.193 1440.193 1459.560 1442.760 1463.325 1462.860 1461.960 1457.927
 [65] 1458.927 1461.827 1471.093 1471.093 1456.927 1473.360 1460.979 1480.646
 [73] 1473.546 1471.779 1471.579 1469.012 1462.346 1457.346 1459.446 1465.112
 [81] 1460.012 1464.398 1460.398 1464.565 1461.565 1457.279 1481.796 1484.895
 [89] 1486.895 1464.296 1486.928 1481.496 1480.496 1480.496 1482.496 1482.728
 [97] 1483.995 1480.995 1472.084 1482.728


$tree
$tree[[1]]
  [1]  -8.702288 458.003268 145.968464  94.049837 115.254739  73.245915
  [7] 165.142810 145.076634 128.761438 139.959641 113.429085 147.378595
 [13] 120.976797  99.014379  86.212092  95.745425 111.577778  98.359641
 [19]  75.618464  91.451797  86.934150  55.910621  79.274837  88.584150
 [25]  71.199837 101.264542 119.814542 106.641993 105.391013 102.665523
 [31] 107.506699 101.790033 100.281699  99.980719 120.637582  99.922876
 [37] 124.130229 124.525654 112.449183  98.800654 119.125654  97.735458
 [43] 101.566340 110.874673 112.083007 101.565359  94.833497  96.039379
 [49]  72.400163  63.390850  79.199183  82.332516  84.140850  88.964379
 [55] 100.322712  87.037582  90.878268  79.937092  75.206536  73.487582
 [61]  88.280556  77.781536  94.856536  78.539869  80.706536  73.596405
 [67]  94.523693  89.174673  84.473693  96.890850 108.005556 105.764379
 [73]  89.338889 109.338889 105.769444  94.630556  89.630556  88.664869
 [79]  81.480556  77.264869  77.724183  80.888889  81.288889  92.365359
 [85]  82.322222  83.530556  84.621732  96.354085  86.554085  87.412908
 [91]  92.236438  92.644771  92.686438  93.686438  85.012908  90.321732
 [97]  87.243954  87.518464  93.236601  86.736601


$smallPla
$smallPla[[1]]
  [1] 108.52157  84.43137  81.63725  83.49804  93.96863  91.50392  87.30980
  [8]  94.47255  91.13922  82.83922  88.67255  83.40588  84.07255  86.80392
 [15]  86.13725  84.56863  84.80392  85.30392  86.43725  84.97059  81.77059
 [22]  81.57059  79.90392  80.23725  82.33725  84.87255  84.73922  83.70392
 [29]  82.27255  84.13922  84.63922  83.93922  84.77255  84.43922  84.60588
 [36]  87.70392  89.03725  88.40392  89.40392  89.70392  88.70392  89.50392
 [43]  85.93922  85.37255  86.70588  87.10588  86.43922  86.34118  86.43922
 [50]  85.73922  85.93922  85.43922  85.23922  85.14118  84.17451  84.67451
 [57]  84.67451  83.37451  84.47451  84.47451  85.30784  85.14118  85.47451
 [64]  85.80784  85.30784  84.50784  85.00784  86.00784  85.80784  86.10784
 [71]  86.10784  85.30784  88.50784  88.80784  88.97451  88.50784  88.20784
 [78]  87.70784  88.20784  88.20784  86.60784  87.40784  86.90784  88.53922
 [85]  86.10784  86.10784  86.10784  86.77451  87.10784  84.50784  84.50784
 [92]  84.80784  85.30784  85.30784  87.07255  86.27255  87.27255  85.50784
 [99]  87.47255  86.47255


$diffBuild
$diffBuild[[1]]
  [1] 1038.5366  544.6299  584.5756  551.4887  501.5489  545.0139  571.0770
  [8]  572.7140  607.9140  618.9841  610.4892  619.5802  607.5931  648.1982
 [15]  649.2023  684.6148  671.3916  649.1583  657.4546  668.4418  660.0680
 [22]  687.2881  675.8223  666.8652  671.2513  651.6884  643.6020  662.4674
 [29]  694.1408  679.2217  709.2292  698.0958  714.8861  698.3824  696.9819
 [36]  706.1755  707.8618  688.6451  721.5856  701.3058  695.7588  700.3187
 [43]  696.3313  705.9912  698.8412  706.7839  708.9376  688.2534  699.7230
 [50]  711.9094  725.6761  720.0427  717.0927  706.9724  708.6761  706.1897
 [57]  692.5761  720.9094  698.2730  700.9397  695.1594  688.9397  694.2064
 [64]  702.2064  699.8730  716.7730  712.1936  715.5573  697.0927  716.0603
 [71]  703.6770  714.7603  695.8427  696.2936  701.4270  695.8436  695.6594
 [78]  696.3291  693.0594  695.2624  698.2927  680.2094  689.8761  692.0094
 [85]  686.9064  686.8230  689.3230  676.9897  680.9897  676.3230  675.7897
 [92]  677.6230  684.9564  685.2897  688.4934  685.8268  688.1230  686.6534
 [99]  682.4071  675.3571


$streeFur
$streeFur[[1]]
  [1] 146.91448 134.94271  85.22626  89.14470  87.63487  90.38645  74.02495
  [8]  65.21447  64.63143  57.13175  47.80876  71.11131  64.16287  76.38096
 [15]  74.66655  68.64777  64.38754  57.81260  57.60503  57.87468  51.65745
 [22]  48.18088  41.44995  36.79604  29.41312  36.81505  43.37524  44.86797
 [29]  44.56825  34.48036  31.05121  26.42031  42.11797  42.69015  43.50506
 [36]  48.44890  46.12524  48.27630  49.91547  40.79587  45.47785  50.58480
 [43]  52.10426  50.10325  48.71511  49.49469  50.85234  47.13568  42.39034
 [50]  39.54387  44.35482  44.97149  39.59308  38.98991  42.25284  44.66913
 [57]  46.54254  52.21778  44.91572  45.09826  43.54836  45.33834  45.51633
 [64]  45.01633  41.27229  45.35643  49.76199  51.76199  48.82326  46.58096
 [71]  47.02263  50.86731  43.40090  45.93636  47.73794  43.57508  46.87196
 [78]  43.68820  44.97196  44.85568  46.59147  48.37756  48.31602  49.18570
 [85]  45.56665  44.85237  48.14254  48.15018  51.65018  49.86523  51.66335
 [92]  49.31976  49.91976  51.51976  54.54833  59.14748  63.68954  60.80065
 [99]  66.88739  65.88739


$basCol
$basCol[[1]]
  [1] 141.41413 104.42257  49.66402  24.46401  31.74561  54.90594  51.74642
  [8]  39.94442  37.09259  21.29580  34.49261  44.19468  38.23362  49.91810
 [15]  41.85446  48.29853  46.14576  43.49159  45.67909  42.14159  40.96381
 [22]  42.72373  40.74040  40.79040  45.39040  42.97286  42.63952  48.65460
 [29]  53.10599  49.84956  50.31484  50.04071  49.10599  44.51849  49.04210
 [36]  49.49540  48.06503  39.47785  45.88738  44.81119  50.30790  58.34679
 [43]  59.26258  59.21433  57.84591  63.46674  63.34591  56.02924  60.30456
 [50]  63.74590  65.92539  65.92539  66.64590  61.79503  67.72924  63.62924
 [57]  65.64174  71.59992  66.75389  66.61103  58.02056  63.75389  66.42056
 [64]  64.75389  64.58723  68.36500  68.90548  70.65163  65.35285  65.94834
 [71]  63.02056  68.99278  57.02056  54.18723  54.96793  53.30126  55.96793
 [78]  53.36793  57.46793  58.86793  57.97904  57.19709  58.88459  56.70038
 [85]  55.71793  56.80126  57.18723  50.91551  52.77921  55.59973  53.19973
 [92]  56.86639  55.88723  55.55389  58.72056  55.94278  58.12227  57.02227
 [99]  58.77227  56.28214


$ligh
$ligh[[1]]
  [1] -113.20175 -135.81754 -129.36667 -128.91272  -93.53509  -89.28070
  [7]  -91.95965  -70.79079  -78.67829  -79.62346  -75.02303  -85.28070
 [13]  -84.97083  -75.30504  -79.41667  -81.70504  -77.12171  -67.34671
 [19]  -72.90921  -74.88004  -70.53421  -72.76338  -73.75088  -74.38004
 [25]  -75.61754  -74.59737  -79.49320  -77.96404  -79.17237  -78.44803
 [31]  -79.90636  -77.47654  -85.15154  -84.40987  -80.50154  -80.52237
 [37]  -81.83553  -79.11886  -82.66886  -77.28553  -81.73070  -86.99320
 [43]  -88.30636  -83.96754  -83.88969  -86.81469  -85.13969  -86.02303
 [49]  -85.31075  -85.65241  -86.98575  -88.31908  -86.18575  -85.44890
 [55]  -84.10241  -83.05241  -83.77741  -84.04671  -82.16338  -82.16338
 [61]  -82.71338  -81.66338  -81.66338  -81.99671  -79.49671  -77.83004
 [67]  -79.38004  -79.66338  -80.57741  -78.83004  -77.46338  -78.88004
 [73]  -83.21338  -85.46338  -83.91075  -82.41075  -85.82741  -86.77741
 [79]  -83.82741  -83.27741  -81.44408  -82.45241  -85.07741  -83.84057
 [85]  -83.91075  -83.82741  -83.71338  -84.40154  -84.47171  -84.13838
 [91]  -84.18838  -84.18838  -83.81338  -83.81338  -82.81338  -82.64671
 [97]  -84.64671  -85.59671  -86.40921  -85.91908


$accenCol
$accenCol[[1]]
  [1] 298.1026 244.3505 278.5423 286.9470 235.6368 263.0512 274.4251 260.2864
  [9] 275.1228 272.3766 265.1513 269.5012 261.3811 255.3771 252.6061 261.6249
 [17] 262.1083 259.2416 258.6999 262.5583 264.4499 269.8368 264.2452 271.2368
 [25] 271.0618 267.3583 269.5667 280.9798 285.8131 276.2679 273.9346 275.0881
 [33] 279.2881 282.1548 279.5214 274.3891 277.2882 272.9856 276.2570 273.1523
 [41] 275.7224 280.9808 283.9439 287.7926 287.3606 287.8939 285.0273 280.7273
 [49] 281.7961 287.5986 287.4961 286.4961 290.1653 285.7618 288.1653 275.9653
 [57] 278.5153 284.7249 282.4297 278.3583 276.7964 276.4297 275.5964 285.5964
 [65] 281.5964 280.9297 282.2249 281.4224 278.6986 279.2630 272.7964 278.1297
 [73] 271.6297 276.9630 272.7701 273.6034 278.7701 280.5701 276.2701 277.4034
 [81] 275.7367 277.8534 280.3534 273.6165 276.8534 272.8534 276.8797 270.8429
 [89] 271.3105 273.5797 273.7797 276.2797 277.2797 277.9464 277.6130 275.7797
 [97] 274.8438 276.1438 271.9355 272.2842


$peop
$peop[[1]]
  [1] 350.8398 187.1280 401.0896 252.3832 258.2856 316.7476 300.6825 228.9859
  [9] 251.4297 269.7012 266.9897 243.2312 240.1774 268.6747 295.7341 293.0035
 [17] 297.0548 263.2797 288.5226 284.2460 268.5465 322.4767 269.8107 276.9993
 [25] 268.0902 244.8193 214.8693 250.7077 274.9311 269.8673 264.5400 262.6328
 [33] 281.7248 262.6753 249.7124 252.5790 237.6684 236.1327 249.7179 251.5790
 [41] 224.4110 241.0293 231.7349 248.8802 233.0455 232.3091 245.0314 224.3647
 [49] 246.9647 252.0575 266.2348 269.2570 263.9519 258.1185 236.9685 253.1019
 [57] 240.6499 273.5943 260.6666 263.6171 246.2671 244.1560 248.2005 254.5289
 [65] 251.3983 276.7591 247.8924 257.3495 253.7543 270.7533 244.5673 256.9939
 [73] 246.6429 242.6596 255.1429 251.2246 253.1691 259.3323 255.1379 252.9347
 [81] 276.8743 233.3736 241.5958 239.8934 236.0381 235.0569 234.6082 221.7302
 [89] 221.9207 217.8969 206.5635 206.6159 209.4159 207.4159 207.5965 210.1091
 [97] 218.3424 226.3424 218.5996 216.2591


$graff
$graff[[1]]
  [1] 25 25 54 45 30 30 24 31 24 21 19 16 17 17 18 15 22 22 22 23 22 23 26 26 28
 [26] 25 23 19 17 16 18 22 18 22 22 23 23 22 23 20 21 19 20 22 22 20 22 22 22 22
 [51] 22 24 21 23 24 23 24 23 23 23 22 21 21 23 23 23 25 25 24 24 22 24 26 25 24
 [76] 23 24 24 24 23 24 23 22 22 23 22 20 19 19 20 19 18 19 19 20 18 16 16 16 16


$buildDiffAges
$buildDiffAges[[1]]
  [1]  54 -20 -22 -22 -11   5   4   5   9   6   3  -2   0  -3  -1   0  -1  -1
 [19]   5   6   1   5   9   6   5   4   1  -4   1   2   2   5   2   2   2   4
 [37]   6   5   6   1   5   6   7   5   5   4   5   6   7   9   8   9  10  12
 [55]  12   9   8   9   8   9  10   9   9   9  12  12  11  12  12  12  11  11
 [73]  13  15  14  13  14  15  15  16  14  14  13  10  11  10   9   8   8   8
 [91]   7   7   8   9   7   7   5   5   2   3


$streetWid
$streetWid[[1]]
  [1] 1168.5604330  367.6539098 -314.2877735 -551.6776325 -560.9870537
  [6] -377.5007074 -294.1916729 -219.3860563 -191.6771685 -219.3503423
 [11] -353.8997806 -291.3975641 -418.2654080 -370.7940995 -372.7893813
 [16] -357.7602423 -317.6248450 -305.7283538 -268.4587459 -289.6596553
 [21] -159.1034148 -276.3123612 -126.6651770  -53.4140721  -78.3872133
 [26]  -52.8929737  -49.4529666   54.5131399   41.6575843   55.3512275
 [31]   70.1597412   59.3317057   72.7190073   65.8337842   95.7967850
 [36]   82.4422396   62.4405165   85.7303826   64.3191691   26.1430810
 [41]   57.9446683   47.8156470   42.9368591    2.5435670  -13.5684630
 [46]  -49.4093201  -53.9144948 -105.7406853 -149.2097329  -92.0620448
 [51]  -79.8358543  -86.1184630  -47.0203497  -31.5632068  -62.9227306
 [56] -117.4935157 -107.3569832  -90.8413190  -46.6229149  -91.8841762
 [61]  -45.8467244  -37.3229149  -21.3846032  -32.2179365  -18.1512699
 [66]  -96.3984619   -6.1300578  -60.0538673  -58.5967244   -7.8698093
 [71]   17.4366089  -19.8967244  -31.5199737   41.0633596   -4.8645683
 [76]   26.5966929  -20.3033071  -11.5859158   -9.3685244   -0.6685244
 [81]  -63.7018578  -21.2161435   -1.9161435  -14.6002015  -41.7161435
 [86]  -15.8828102   -9.0399530   12.9695708  -11.5304292  -19.6494768
 [91]    4.1093223   23.2759890   10.5759890   13.2426557   -6.5906777
 [96]    1.5521795  -11.8757484  -29.2090818  -43.4352723  -32.0186056


$sidewalkWid
$sidewalkWid[[1]]
  [1] 174.81313 242.62418 130.51919  94.55201 119.45531 118.92425 108.71012
  [8]  70.20615  66.85708  51.89419  59.24246  83.20397  72.57322  61.84173
 [15]  51.95030  48.95219  54.06894  58.25052  59.72789  50.13642  55.37362
 [22]  53.50750  51.16416  57.88259  73.45876  67.10963  61.54739  75.26391
 [29]  71.09133  72.69500  81.49364  81.81239  89.02001  86.69898  81.97633
 [36]  82.31269  66.26144  73.15491  70.93302  81.63031  74.85729  78.41872
 [43]  72.10736  77.00823  63.46674  67.54729  60.48182  63.10742  68.46202
 [50]  62.18395  70.83752  65.41360  64.16824  64.10141  71.04860  65.14120
 [57]  59.25308  60.57496  63.85021  58.72138  66.82878  72.01688  74.41515
 [64]  71.24015  74.06515  70.19519  72.74545  72.06569  66.37878  69.02511
 [71]  69.67878  71.04469  61.87936  68.28012  60.68462  60.63769  62.04602
 [78]  59.95544  63.11486  61.57320  62.53986  61.57796  65.48554  63.61778
 [85]  65.39463  70.69387  74.93077  70.91768  72.95935  70.57796  71.93044
 [92]  71.68802  71.99711  71.43954  68.38954  74.20144  74.08019  74.24685
 [99]  72.70578  72.55995


$debris
$debris[[1]]
  [1] -0.2410388 -0.2216579 -0.2054067 -0.1767053 -0.2031155 -0.2079827
  [7] -0.2126006 -0.2018732 -0.1988126 -0.2013588 -0.2056266 -0.2080950
 [13] -0.2086557 -0.2122928 -0.2078367 -0.2153021 -0.2157927 -0.2136337
 [19] -0.2174504 -0.2109299 -0.2069964 -0.2135352 -0.2086361 -0.2128136
 [25] -0.2123396 -0.2110489 -0.2131696 -0.2105679 -0.2150632 -0.2146525
 [31] -0.2092322 -0.2076320 -0.2114455 -0.2114294 -0.2064143 -0.2050737
 [37] -0.2052604 -0.2040458 -0.2062256 -0.2072262 -0.2078662 -0.2111854
 [43] -0.2112735 -0.2102553 -0.2124044 -0.2136496 -0.2153180 -0.2153547
 [49] -0.2172296 -0.2182885 -0.2186122 -0.2168664 -0.2195664 -0.2183212
 [55] -0.2176365 -0.2198712 -0.2179439 -0.2183073 -0.2160178 -0.2165998
 [61] -0.2137724 -0.2170020 -0.2179051 -0.2172372 -0.2159721 -0.2180918
 [67] -0.2145353 -0.2161429 -0.2185829 -0.2200850 -0.2161758 -0.2160323
 [73] -0.2151791 -0.2144116 -0.2143324 -0.2128086 -0.2140609 -0.2162903
 [79] -0.2167539 -0.2178218 -0.2173882 -0.2170875 -0.2177318 -0.2148254
 [85] -0.2179011 -0.2165870 -0.2165562 -0.2142445 -0.2144788 -0.2147738
 [91] -0.2126870 -0.2148640 -0.2146232 -0.2148856 -0.2136059 -0.2129567
 [97] -0.2148428 -0.2165959 -0.2148623 -0.2148938


$pavement
$pavement[[1]]
  [1] -0.2772282 -0.2586214 -0.2725277 -0.2542466 -0.2615958 -0.2748736
  [7] -0.2746655 -0.2640505 -0.2677482 -0.2758368 -0.2744046 -0.2777512
 [13] -0.2753732 -0.2751818 -0.2736880 -0.2806192 -0.2790359 -0.2754841
 [19] -0.2762869 -0.2750140 -0.2694972 -0.2747572 -0.2727748 -0.2715373
 [25] -0.2696767 -0.2662923 -0.2638475 -0.2600261 -0.2634816 -0.2633892
 [31] -0.2604509 -0.2582791 -0.2576794 -0.2616724 -0.2587350 -0.2547425
 [37] -0.2584877 -0.2571537 -0.2570480 -0.2546630 -0.2584758 -0.2602349
 [43] -0.2628655 -0.2632354 -0.2629897 -0.2649813 -0.2663612 -0.2640366
 [49] -0.2648426 -0.2666209 -0.2652263 -0.2676705 -0.2662023 -0.2656072
 [55] -0.2653844 -0.2708543 -0.2698499 -0.2714022 -0.2693365 -0.2717088
 [61] -0.2681653 -0.2655709 -0.2647857 -0.2651607 -0.2630723 -0.2679244
 [67] -0.2614423 -0.2626688 -0.2647790 -0.2691441 -0.2683413 -0.2670008
 [73] -0.2686662 -0.2651244 -0.2674090 -0.2636969 -0.2652999 -0.2670110
 [79] -0.2674990 -0.2672860 -0.2670149 -0.2667098 -0.2671283 -0.2646922
 [85] -0.2670345 -0.2651011 -0.2648861 -0.2631743 -0.2630572 -0.2633759
 [91] -0.2621256 -0.2644040 -0.2644131 -0.2649532 -0.2653284 -0.2640774
 [97] -0.2665527 -0.2676045 -0.2677489 -0.2652972


$landscape
$landscape[[1]]
  [1] -0.2118851 -0.2103970 -0.2591965 -0.2270339 -0.2229683 -0.2401029
  [7] -0.2290982 -0.2270094 -0.2289367 -0.2378700 -0.2374155 -0.2369603
 [13] -0.2349249 -0.2433647 -0.2459538 -0.2515231 -0.2509783 -0.2491828
 [19] -0.2502857 -0.2490813 -0.2466061 -0.2561859 -0.2488992 -0.2509501
 [25] -0.2507059 -0.2446015 -0.2398860 -0.2400380 -0.2462065 -0.2436130
 [31] -0.2441592 -0.2398462 -0.2392958 -0.2368498 -0.2315724 -0.2334200
 [37] -0.2360175 -0.2314104 -0.2342311 -0.2343162 -0.2344170 -0.2373804
 [43] -0.2370154 -0.2378594 -0.2370857 -0.2396394 -0.2411682 -0.2395485
 [49] -0.2420897 -0.2458920 -0.2430546 -0.2437530 -0.2444041 -0.2428898
 [55] -0.2418290 -0.2483979 -0.2446653 -0.2485162 -0.2458318 -0.2484451
 [61] -0.2458142 -0.2445586 -0.2435103 -0.2460637 -0.2448626 -0.2487834
 [67] -0.2447788 -0.2458002 -0.2468782 -0.2512233 -0.2468918 -0.2463630
 [73] -0.2479270 -0.2448696 -0.2440198 -0.2423423 -0.2439343 -0.2463759
 [79] -0.2465940 -0.2462491 -0.2480845 -0.2456240 -0.2458105 -0.2434376
 [85] -0.2455071 -0.2447967 -0.2442957 -0.2415933 -0.2407734 -0.2420713
 [91] -0.2396696 -0.2406648 -0.2408911 -0.2416102 -0.2425856 -0.2415748
 [97] -0.2419812 -0.2433838 -0.2422818 -0.2417698


$propStreetWall
$propStreetWall[[1]]
  [1] 0.06145142 0.05454049 0.05387540 0.05259632 0.05062152 0.04988580
  [7] 0.05027937 0.04710147 0.04599032 0.04376911 0.04315527 0.04514321
 [13] 0.04683842 0.04709447 0.04493303 0.04611147 0.04689660 0.04632619
 [19] 0.04739266 0.04723554 0.04588262 0.04663336 0.04645034 0.04678668
 [25] 0.04547651 0.04454012 0.04429237 0.04430829 0.04552580 0.04453366
 [31] 0.04452269 0.04405149 0.04503994 0.04523030 0.04526579 0.04361512
 [37] 0.04300809 0.04424472 0.04339986 0.04316913 0.04279231 0.04364757
 [43] 0.04380951 0.04453534 0.04378857 0.04347973 0.04398219 0.04372310
 [49] 0.04383440 0.04367210 0.04370558 0.04356475 0.04423815 0.04444212
 [55] 0.04421607 0.04378391 0.04334999 0.04328874 0.04308618 0.04346089
 [61] 0.04233551 0.04330569 0.04411036 0.04336142 0.04333724 0.04414198
 [67] 0.04372856 0.04455344 0.04297299 0.04334060 0.04260456 0.04309066
 [73] 0.04169521 0.04163701 0.04229620 0.04204165 0.04200664 0.04206124
 [79] 0.04228605 0.04262141 0.04276215 0.04258017 0.04271519 0.04209360
 [85] 0.04287342 0.04295627 0.04252030 0.04182667 0.04212812 0.04215256
 [91] 0.04184614 0.04238854 0.04267025 0.04246530 0.04217309 0.04228857
 [97] 0.04269068 0.04324712 0.04279367 0.04234275


$propWind
$propWind[[1]]
  [1] -0.0030195975 -0.0019968431 -0.0093813966 -0.0060163355 -0.0074229426
  [6] -0.0074339371 -0.0045965307 -0.0042528766 -0.0030370571 -0.0034536654
 [11] -0.0033976410 -0.0046957856 -0.0047172959 -0.0045544182 -0.0038949079
 [16] -0.0045842154 -0.0042299831 -0.0041022361 -0.0040990294 -0.0037570060
 [21] -0.0027936899 -0.0020753158 -0.0024741265 -0.0020867825 -0.0020364592
 [26] -0.0023798840 -0.0025248292 -0.0017378173 -0.0018039387 -0.0018019299
 [31] -0.0020807066 -0.0027439525 -0.0019691961 -0.0019438546 -0.0019672026
 [36] -0.0016101879 -0.0020080511 -0.0024163100 -0.0023958423 -0.0013259037
 [41] -0.0022573928 -0.0018746472 -0.0020129488 -0.0015337923 -0.0019033893
 [46] -0.0015971183 -0.0014743267 -0.0017722923 -0.0018720853 -0.0018240059
 [51] -0.0014672654 -0.0013718278 -0.0016587104 -0.0018273709 -0.0019166324
 [56] -0.0018621643 -0.0019144870 -0.0014715037 -0.0020181887 -0.0020590745
 [61] -0.0020090317 -0.0023301253 -0.0023835923 -0.0021885394 -0.0021990406
 [66] -0.0020544349 -0.0017942771 -0.0021912551 -0.0020259409 -0.0015421589
 [71] -0.0018905279 -0.0017461996 -0.0011811742 -0.0008891708 -0.0009615280
 [76] -0.0013590538 -0.0012454129 -0.0016675422 -0.0013506661 -0.0019251707
 [81] -0.0014628526 -0.0019082728 -0.0018176633 -0.0015157520 -0.0019263842
 [86] -0.0020011562 -0.0021422729 -0.0021517743 -0.0022510061 -0.0022711208
 [91] -0.0024496229 -0.0025426514 -0.0023971518 -0.0024188158 -0.0027140033
 [96] -0.0029857303 -0.0028254201 -0.0029745977 -0.0033822064 -0.0033424555


$longSight
$longSight[[1]]
  [1]  25.52035  62.69156 104.55022 103.30043  97.56169  97.88896  89.26623
  [8] 120.71537 116.56537 127.52489 121.71537 121.53593 109.21126 115.20779
 [15] 110.13593 102.87078 108.25108 108.79870 106.58052 117.73052 119.41234
 [22] 125.64719 116.48961 114.79113 122.76732 115.86580 116.23095 124.62338
 [29] 116.19913 111.75974 109.66883 116.20216 109.83701 116.25368 117.86840
 [36] 118.86840 127.73355 123.26385 118.69459 132.81537 131.44307 129.08701
 [43] 128.08701 131.58701 134.76883 130.26883 129.85216 125.01883 127.35216
 [50] 121.43550 116.18550 122.18550 120.91883 122.58550 124.75216 126.19264
 [57] 126.79264 122.88506 132.72597 131.39264 129.46082 125.71082 126.96082
 [64] 128.19416 130.61234 127.59719 128.93052 128.59719 130.02900 133.52900
 [71] 130.27749 129.50476 139.96082 137.35368 134.70216 135.70216 132.07749
 [78] 132.08701 128.81234 126.51234 131.38052 126.31234 125.45519 126.62186
 [85] 124.78853 128.12186 126.12186 126.45519 126.45519 126.78853 126.78853
 [92] 125.47035 124.47035 123.47035 123.87035 121.27944 118.27944 118.77944
 [99] 120.27944 116.44610


$propSkyAhead
$propSkyAhead[[1]]
  [1] 0.06708992 0.05401751 0.07209959 0.07403170 0.05796477 0.05404265
  [7] 0.05039448 0.06261598 0.06175694 0.06145170 0.06243301 0.06383110
 [13] 0.06162797 0.06535260 0.06465710 0.06785699 0.06900689 0.06894060
 [19] 0.06514522 0.06553659 0.06493870 0.06420887 0.06551114 0.06590214
 [25] 0.06448281 0.06504729 0.06639688 0.06311912 0.06113636 0.06116492
 [31] 0.06240822 0.06388963 0.06289290 0.06661464 0.06827144 0.06648560
 [37] 0.06769093 0.06767354 0.06742846 0.06457405 0.06564878 0.06409293
 [43] 0.06407357 0.06730517 0.06807446 0.06905679 0.06928298 0.06967509
 [49] 0.06993698 0.07011631 0.06891903 0.06905869 0.06858651 0.06741362
 [55] 0.06751484 0.06807540 0.07026254 0.06850101 0.07054325 0.06856659
 [61] 0.06799881 0.06829226 0.06727764 0.06795223 0.06666094 0.06715362
 [67] 0.06651805 0.06621490 0.06730725 0.06748269 0.06640454 0.06708686
 [73] 0.06987621 0.06906954 0.07035633 0.06934003 0.06925795 0.06875787
 [79] 0.06897331 0.06857642 0.06903386 0.06954526 0.06874875 0.06826742
 [85] 0.06946512 0.06787363 0.06807134 0.06813971 0.06813385 0.06866653
 [91] 0.06892175 0.06856268 0.06925947 0.06921096 0.06953309 0.06774768
 [97] 0.06719187 0.06740225 0.06824376 0.06776303


$propSkyAcross
$propSkyAcross[[1]]
  [1] -0.01090447 -0.02715811 -0.02816365 -0.02834510 -0.02826194 -0.03359242
  [7] -0.03349789 -0.01970006 -0.02190627 -0.02286890 -0.02351192 -0.02129833
 [13] -0.02508189 -0.02102249 -0.02376742 -0.01814331 -0.01729617 -0.01765360
 [19] -0.02120403 -0.01926489 -0.02055219 -0.02175269 -0.02074761 -0.01806613
 [25] -0.01915443 -0.01813208 -0.01718425 -0.01878260 -0.02038500 -0.01960541
 [31] -0.01904369 -0.01783872 -0.02084228 -0.01913763 -0.01711213 -0.01829698
 [37] -0.01745355 -0.01788617 -0.01829133 -0.02160346 -0.01920989 -0.01864659
 [43] -0.01800133 -0.01909708 -0.01735470 -0.01515996 -0.01636604 -0.01619259
 [49] -0.01536984 -0.01463849 -0.01512866 -0.01635073 -0.01581474 -0.01631664
 [55] -0.01654601 -0.01713081 -0.01539225 -0.01680708 -0.01576100 -0.01692247
 [61] -0.01802623 -0.01770268 -0.01801262 -0.01888319 -0.01844161 -0.01756134
 [67] -0.01798622 -0.01885880 -0.01739430 -0.01616366 -0.01693602 -0.01664061
 [73] -0.01611321 -0.01648238 -0.01569737 -0.01557058 -0.01660606 -0.01609635
 [79] -0.01666124 -0.01597287 -0.01586096 -0.01524081 -0.01440454 -0.01494034
 [85] -0.01573103 -0.01470901 -0.01473607 -0.01473416 -0.01489228 -0.01521615
 [91] -0.01468453 -0.01255435 -0.01385942 -0.01455000 -0.01481610 -0.01638297
 [97] -0.01493894 -0.01548242 -0.01581902 -0.01620828


$buildHeight
$buildHeight[[1]]
  [1]  -834.4742 -1303.6051 -2085.7788 -2140.5538 -1740.3483 -1378.9565
  [7] -1250.8943 -1181.6841 -1284.3050 -1306.8356 -1321.5583 -1350.6003
 [13] -1321.2086 -1504.2531 -1491.9341 -1650.6359 -1546.2170 -1582.1905
 [19] -1413.5561 -1522.3286 -1565.1989 -1652.4584 -1487.7579 -1439.0941
 [25] -1417.5441 -1430.0548 -1545.5870 -1551.5370 -1350.0036 -1471.2524
 [31] -1438.6702 -1849.2262 -1752.9845 -1774.8840 -1942.9929 -1851.5583
 [37] -1832.3107 -1690.1191 -1746.9036 -1887.3274 -1743.1917 -1720.5012
 [43] -1679.9131 -1757.0382 -1774.1929 -1741.3226 -1749.6798 -1767.6444
 [49] -1929.7996 -1662.3496 -1762.8496 -1758.3496 -1657.7901 -1716.3424
 [55] -1679.2067 -1578.7817 -1780.8984 -1629.5301 -1796.5634 -1620.8801
 [61] -1574.3384 -1666.6884 -1728.1289 -1703.1706 -1668.1706 -1642.9384
 [67] -1705.2170 -1642.3670 -1712.1353 -1720.0920 -1669.8384 -1678.1051
 [73] -1709.4253 -1684.8587 -1737.8901 -1767.3651 -1779.9817 -1845.0567
 [79] -1792.8567 -1801.8567 -1853.4567 -1794.1901 -1811.5567 -1817.5924
 [85] -1810.9734 -1822.8067 -1801.8051 -1816.8825 -1816.0968 -1813.3468
 [91] -1816.8468 -1833.8051 -1826.3051 -1765.7051 -1756.7301 -1691.0051
 [97] -1720.8551 -1724.3551 -1691.3801 -1687.4234


$propActiveUse
$propActiveUse[[1]]
  [1]  0.0116319929  0.0056417093 -0.0001734407  0.0013291608  0.0032366426
  [6]  0.0023493261  0.0063350196  0.0025749626  0.0012199595  0.0013649405
 [11]  0.0015984980  0.0018800043  0.0027113997  0.0030163424  0.0022760295
 [16]  0.0020138246  0.0035362732  0.0024953161  0.0027269780  0.0030236697
 [21]  0.0045417303  0.0042342325  0.0048224964  0.0047619694  0.0038321875
 [26]  0.0043138763  0.0041010407  0.0041955750  0.0044781932  0.0047330646
 [31]  0.0043612279  0.0054168031  0.0065029899  0.0064052188  0.0082340570
 [36]  0.0070498370  0.0065379720  0.0064966225  0.0058015584  0.0062345637
 [41]  0.0052527864  0.0053986933  0.0057380026  0.0065875113  0.0060798104
 [46]  0.0056330660  0.0063336879  0.0053591733  0.0045096937  0.0037812314
 [51]  0.0048767833  0.0047633056  0.0046951560  0.0049935379  0.0044552646
 [56]  0.0041533643  0.0052067155  0.0054053375  0.0048012176  0.0054225465
 [61]  0.0039907124  0.0045094779  0.0051166903  0.0041534782  0.0043345426
 [66]  0.0056247449  0.0053630486  0.0055696189  0.0048074652  0.0059210719
 [71]  0.0060215808  0.0068392022  0.0052074057  0.0049108677  0.0057105189
 [76]  0.0045224522  0.0044888224  0.0040765035  0.0044576591  0.0043501530
 [81]  0.0047022999  0.0043903742  0.0045597412  0.0051214128  0.0048691523
 [86]  0.0047313741  0.0049541619  0.0047240142  0.0049900517  0.0045611502
 [91]  0.0044960864  0.0047340729  0.0048128847  0.0045294023  0.0043660036
 [96]  0.0039102053  0.0052473236  0.0051246027  0.0044571513  0.0038596445


$movCarsN
$movCarsN[[1]]
[1] 8804.795


$parkCarsN
$parkCarsN[[1]]
[1] 22714.58


$movCiclyN
$movCiclyN[[1]]
[1] 2662.119


$buildIdN
$buildIdN[[1]]
[1] 10307.54


$buildNRecN
$buildNRecN[[1]]
[1] 10367.03


$treeN
$treeN[[1]]
[1] 15723.24


$smallPlaN
$smallPlaN[[1]]
[1] 939.5333


$diffBuildN
$diffBuildN[[1]]
[1] 12321.84


$streeFurN
$streeFurN[[1]]
[1] 5737.34


$basColN
$basColN[[1]]
[1] 5094.668


$lighN
$lighN[[1]]
[1] 1985.973


$accenColN
$accenColN[[1]]
[1] 5897.676


$peopN
$peopN[[1]]
[1] 13767.32


$graffN
$graffN[[1]]
[1] 1152


$buildDiffAgesN
$buildDiffAgesN[[1]]
[1] 1760


$streetWidN
$streetWidN[[1]]
[1] 49113.32


$sidewalkWidN
$sidewalkWidN[[1]]
[1] 6385.188


$debrisN
$debrisN[[1]]
[1] 0.8615015


$pavementN
$pavementN[[1]]
[1] 0.837261


$landscapeN
$landscapeN[[1]]
[1] 0.8501494


$propStreetWallN
$propStreetWallN[[1]]
[1] 0.2187537


$propWindN
$propWindN[[1]]
[1] 0.12055


$longSightN
$longSightN[[1]]
[1] 4914.278


$propSkyAheadN
$propSkyAheadN[[1]]
[1] 0.3589732


$propSkyAcrossN
$propSkyAcrossN[[1]]
[1] 0.3581896


$buildHeightN
$buildHeightN[[1]]
[1] 63664.4


$propActiveUseN
$propActiveUseN[[1]]
[1] 0.248248


[1] ">>>> Cars"
feature realS lowerS higherS normS normS2
pavement -0.266410384276341 -0.268133295656754 -0.264687472895929 -0.318192748465049 -0.317078701541934
landscape -0.241931090452813 -0.244265258319821 -0.239596922585806 -0.284574807200749 -0.286315199555323
debris -0.213211285964946 -0.215233707657824 -0.211188864272069 -0.247488003544999 -0.249075911596839
propStreetWall 0.0444865910768703 0.0435579239785653 0.0454152581751753 0.203363831549827 0.199717035980123
propSkyAhead 0.0666473496196604 0.0655302811737878 0.0677644180655331 0.185661087526512 0.188543993048683
buildNRec 1499.5936332498 1478.92803935405 1520.25922714554 0.144650325974699 0.142815413884987
buildId 1000.02007685882 988.62065974299 1011.41949397464 0.0970182864735176 0.09615011935421
smallPla 86.2179215686273 85.1930373021183 87.2428058351364 0.0917667511196633 0.0913302807818652
movCars -626.470117101854 -633.255706323677 -619.684527880031 -0.0711510183811984 -0.0707429886348142
diffBuild 681.628463833608 664.288275929319 698.968651737896 0.0553187083031141 0.0561841860681523
propSkyAcross -0.0181828681756716 -0.0193860796940581 -0.0169796566572851 -0.0507632504324072 -0.0483694512740828
accenCol 275.201128156931 272.266117570408 278.136138743454 0.046662639553172 0.0468437043709068
ligh -83.6697565789473 -86.7936248754454 -80.5458882824492 -0.0421303683124016 -0.0418600413978082
parkCars -614.418652586678 -629.116887681999 -599.720417491358 -0.0270495282311657 -0.0271101930025204
buildHeight -1662.99808380068 -1723.84793583708 -1602.14823176429 -0.0261213176840298 -0.0268718507502769
longSight 120.823792207792 116.305762526801 125.341821888783 0.0245862746881437 0.025372550565507
propWind -0.00252924658212024 -0.00295540776671399 -0.00210308539752648 -0.020980896968493 -0.017061427951592
graff 22.41 20.8573773515513 23.9626226484487 0.019453125 0.0190972222222222
propActiveUse 0.00464407836177922 0.00416202262977155 0.00512613409378689 0.0187074124225096 0.0190442359158307
peop 252.893694000443 243.542221462237 262.245166538649 0.0183691264320816 0.0182616506439134
movCicly 33.6438596186664 28.0638451419172 39.2238740954157 0.0126379981229872 0.0143062879204753
sidewalkWid 72.9344725123849 65.4701982402309 80.3987467845389 0.0114224474988978 0.0109942999523066
basCol 55.2391538059894 50.8394156230335 59.6388919889453 0.0108425431403774 0.01097520130233
streeFur 52.6265431306085 47.2216707870883 58.0314154741287 0.00917263774031562 0.00839509736547578
tree 98.7845228758175 85.7365411081887 111.832504643446 0.00628270662992815 0.00591236297514549
buildDiffAges 6.42 3.84028819845071 8.99971180154929 0.00364772727272727 0.00397727272727273
streetWid -62.2707555243076 -122.160998282087 -2.38051276652785 -0.00126789954089371 -0.00064222069379476
feature value norm
imageability 2807.74655791504 0.071016463801581
complexity 1740.10039397301 0.0159747586325322
legibility 1120.84386906661 0.0736340232665679
linkage -567.91708041837 -0.00903860343901797
coherence 558.710762515024 0.0163160675500064
humanScale -127.420295803154 -0.00122935695119879
tidiness 74.3149903699144 0.0107829637565291
enclosure 73.6678029803546 0.00102691769355999
transparency 72.9344725123849 0.0114224474988978
     feature  value       norm
1 complexity 1740.1 0.01597476
         feature      realS      lowerS     higherS        normS       normS2
1        movCars -626.47012 -633.255706 -619.684528 -0.071151018 -0.070742989
2       parkCars -614.41865 -629.116888 -599.720417 -0.027049528 -0.027110193
3       movCicly   33.64386   28.063845   39.223874  0.012637998  0.014306288
4      buildNRec 1499.59363 1478.928039 1520.259227  0.144650326  0.142815414
5           tree   98.78452   85.736541  111.832505  0.006282707  0.005912363
6       smallPla   86.21792   85.193037   87.242806  0.091766751  0.091330281
7      diffBuild  681.62846  664.288276  698.968652  0.055318708  0.056184186
8       streeFur   52.62654   47.221671   58.031415  0.009172638  0.008395097
9         basCol   55.23915   50.839416   59.638892  0.010842543  0.010975201
10          ligh  -83.66976  -86.793625  -80.545888 -0.042130368 -0.041860041
11      accenCol  275.20113  272.266118  278.136139  0.046662640  0.046843704
12          peop  252.89369  243.542221  262.245167  0.018369126  0.018261651
13         graff   22.41000   20.857377   23.962623  0.019453125  0.019097222
14 buildDiffAges    6.42000    3.840288    8.999712  0.003647727  0.003977273
     feature     value         norm
1 humanScale -127.4203 -0.001229357
       feature       realS      lowerS      higherS        normS        normS2
1      movCars  -626.47012  -633.25571  -619.684528 -0.071151018 -0.0707429886
2     movCicly    33.64386    28.06385    39.223874  0.012637998  0.0143062879
3         tree    98.78452    85.73654   111.832505  0.006282707  0.0059123630
4     smallPla    86.21792    85.19304    87.242806  0.091766751  0.0913302808
5     streeFur    52.62654    47.22167    58.031415  0.009172638  0.0083950974
6         ligh   -83.66976   -86.79362   -80.545888 -0.042130368 -0.0418600414
7         peop   252.89369   243.54222   262.245167  0.018369126  0.0182616506
8    streetWid   -62.27076  -122.16100    -2.380513 -0.001267900 -0.0006422207
9  buildHeight -1662.99808 -1723.84794 -1602.148232 -0.026121318 -0.0268718508
10   longSight   120.82379   116.30576   125.341822  0.024586275  0.0253725506
       feature    value       norm
1 imageability 2807.747 0.07101646
    feature      realS     lowerS    higherS      normS     normS2
1   buildId 1000.02008  988.62066 1011.41949 0.09701829 0.09615012
2 buildNRec 1499.59363 1478.92804 1520.25923 0.14465033 0.14281541
3    basCol   55.23915   50.83942   59.63889 0.01084254 0.01097520
4      peop  252.89369  243.54222  262.24517 0.01836913 0.01826165
    feature   value        norm
1 enclosure 73.6678 0.001026918
      feature       realS      lowerS      higherS        normS        normS2
1        tree    98.78452    85.73654   111.832505  0.006282707  0.0059123630
2        ligh   -83.66976   -86.79362   -80.545888 -0.042130368 -0.0418600414
3   streetWid   -62.27076  -122.16100    -2.380513 -0.001267900 -0.0006422207
4 buildHeight -1662.99808 -1723.84794 -1602.148232 -0.026121318 -0.0268718508
5   longSight   120.82379   116.30576   125.341822  0.024586275  0.0253725506
    feature    value       norm
1 coherence 558.7108 0.01631607
        feature       realS       lowerS      higherS        normS       normS2
1      streeFur    52.62654    47.221671    58.031415  0.009172638  0.008395097
2        basCol    55.23915    50.839416    59.638892  0.010842543  0.010975201
3          ligh   -83.66976   -86.793625   -80.545888 -0.042130368 -0.041860041
4      accenCol   275.20113   272.266118   278.136139  0.046662640  0.046843704
5          peop   252.89369   243.542221   262.245167  0.018369126  0.018261651
6 buildDiffAges     6.42000     3.840288     8.999712  0.003647727  0.003977273
7   buildHeight -1662.99808 -1723.847936 -1602.148232 -0.026121318 -0.026871851
  feature     value         norm
1 linkage -567.9171 -0.009038603
    feature      realS    lowerS     higherS       normS        normS2
1   movCars -626.47012 -633.2557 -619.684528 -0.07115102 -0.0707429886
2 streetWid  -62.27076 -122.1610   -2.380513 -0.00126790 -0.0006422207
3 longSight  120.82379  116.3058  125.341822  0.02458627  0.0253725506
     feature    value       norm
1 legibility 1120.844 0.07363402
    feature     realS   lowerS   higherS      normS     normS2
1   buildId 1000.0201 988.6207 1011.4195 0.09701829 0.09615012
2 longSight  120.8238 116.3058  125.3418 0.02458627 0.02537255
       feature    value       norm
1 transparency 72.93447 0.01142245
      feature       realS     lowerS     higherS       normS      normS2
1 sidewalkWid    72.93447    65.4702    80.39875  0.01142245  0.01099430
2 buildHeight -1662.99808 -1723.8479 -1602.14823 -0.02612132 -0.02687185
   feature    value       norm
1 tidiness 74.31499 0.01078296
    feature      realS     lowerS    higherS        normS       normS2
1  streeFur 52.6265431 47.2216708 58.0314155  0.009172638  0.008395097
2     graff 22.4100000 20.8573774 23.9626226  0.019453125  0.019097222
3    debris -0.2132113 -0.2152337 -0.2111889 -0.247488004 -0.249075912
4  pavement -0.2664104 -0.2681333 -0.2646875 -0.318192748 -0.317078702
5 landscape -0.2419311 -0.2442653 -0.2395969 -0.284574807 -0.286315200
