
Attaching package: ‘dplyr’

The following objects are masked from ‘package:stats’:

    filter, lag

The following objects are masked from ‘package:base’:

    intersect, setdiff, setequal, union


Attaching package: ‘reshape’

The following object is masked from ‘package:dplyr’:

    rename

There were 13 warnings (use warnings() to see them)
Version:  1.35.5
Date:     2015-07-26
Author:   Philip Leifeld (University of Konstanz)

Please cite the JSS article in your publications -- see citation("texreg").
[1] "################### Men x Women - Pleasantness"
[1] 0.2014538
[1] ">>>> Kendall Distance  0.201453790238837"
$movCars
$movCars[[1]]
  [1] 360.52061  18.71044 178.86397 170.00299 175.20439 189.98318 157.45942
  [8] 180.21536 167.28599 155.72207 174.95790 163.04885 150.23785 162.75986
 [15] 173.62128 170.47275 143.15496 130.33551 142.10922 137.77284 129.82204
 [22] 131.60107 133.77499 145.77738 142.64177 141.75077 156.81672 151.32242
 [29] 143.37307 147.21533 138.83722 139.43150 130.59290 140.19706 144.49635
 [36] 140.64651 137.40261 136.40261 137.77693 126.03903 120.57960 140.20206
 [43] 139.97362 132.86542 126.39253 133.89810 126.60876 132.86248 139.01632
 [50] 145.96006 133.72836 144.52836 143.22915 134.11612 140.61548 132.84343
 [57] 136.47954 128.50358 136.33414 122.33414 113.83414 127.15465 127.81263
 [64] 135.35263 128.87513 132.02029 126.13913 132.84529 124.65779 140.67061
 [71] 132.61613 141.55363 139.58098 138.58098 129.51848 127.98482 122.99764
 [78] 127.93550 126.43514 130.99800 133.49764 125.49764 123.97986 114.95312
 [85] 118.95312 108.95312 105.65530 111.64383 115.61684 116.53350 109.63447
 [92] 113.17934 116.26156 120.27934 113.27934 116.11684 120.61684 120.93133
 [99] 116.82716 114.27934


$parkCars
$parkCars[[1]]
  [1] 607.8935 622.0715 443.6664 409.5985 480.5987 549.6968 358.3999 414.1642
  [9] 398.0412 355.0598 398.8474 327.0583 334.5863 267.4660 246.3084 286.9267
 [17] 282.7158 241.0108 245.4567 264.2870 286.6550 255.6374 266.7200 253.1868
 [25] 274.9052 266.1608 297.9827 295.7629 337.5611 321.3078 331.7012 298.7190
 [33] 299.1061 299.1341 304.1615 287.1623 277.6843 281.8923 305.5318 305.8865
 [41] 320.6565 345.2042 308.9073 354.0251 340.3616 359.5098 322.1976 328.6490
 [49] 311.9492 328.4639 355.4114 357.2781 368.2313 341.6766 356.3452 344.9903
 [57] 366.3243 353.2873 348.5095 336.7570 344.3126 349.9561 349.6377 334.0588
 [65] 354.7071 351.5019 344.8903 373.0797 372.8133 361.2000 387.9522 399.1605
 [73] 401.9996 392.4996 402.2635 377.9462 380.3051 364.2826 367.2079 372.9909
 [81] 379.0627 367.8683 383.1360 389.6160 405.5049 397.6160 373.0600 364.7902
 [89] 370.1369 373.6460 372.3128 363.6675 363.6388 373.9453 372.5453 358.9147
 [97] 371.8036 376.9485 395.5735 414.1008


$movCicly
$movCicly[[1]]
  [1]  -5.799576 -37.478590 -42.649167 -60.366434 -50.597587 -53.288864
  [7] -57.175147 -57.775767 -58.903460 -62.873353 -59.663352 -56.078983
 [13] -62.399194 -80.457087 -88.778964 -85.621135 -88.092446 -86.116023
 [19] -82.252661 -80.756940 -65.720392 -73.468016 -72.553272 -67.833973
 [25] -67.303157 -75.472814 -74.676040 -73.198408 -73.529225 -76.682315
 [31] -77.157950 -80.048903 -76.645677 -81.729010 -79.632236 -79.258659
 [37] -81.648903 -81.648903 -77.162344 -74.941283 -79.438766 -77.058659
 [43] -83.238766 -75.624616 -81.004724 -82.145641 -79.955433 -76.102801
 [49] -77.119118 -73.151033 -75.292195 -73.292195 -71.004218 -75.138260
 [55] -72.807444 -77.124820 -71.807444 -69.724110 -73.890777 -73.890777
 [61] -75.890777 -72.634367 -71.987551 -72.887551 -70.904218 -71.000992
 [67] -73.200992 -68.834325 -72.084325 -70.340736 -69.917659 -69.000992
 [73] -69.151701 -69.151701 -70.235035 -68.895291 -68.151701 -73.669077
 [79] -71.435035 -72.585744 -70.078974 -70.078974 -72.178974 -72.313017
 [85] -72.313017 -74.313017 -75.313017 -77.229683 -75.313017 -72.385744
 [91] -75.229683 -74.029683 -75.602410 -75.229683 -75.229683 -75.313017
 [97] -75.313017 -76.313017 -73.029683 -75.029683


$buildId
$buildId[[1]]
  [1] 709.0149 412.6848 161.6654 111.0900 137.3847 155.9929 154.1614 178.8414
  [9] 190.3191 190.5048 222.9660 176.7683 163.1202 189.7448 206.6736 191.8109
 [17] 176.4681 160.5832 179.2387 161.4840 161.3006 131.7609 135.0639 137.0401
 [25] 146.7067 142.7139 175.4678 204.0797 182.3012 191.0319 186.9792 175.7377
 [33] 154.7377 181.7933 188.2904 186.7015 169.1697 146.5030 138.9792 141.3681
 [41] 134.5030 139.7808 141.4475 153.1142 159.3832 160.3305 150.2779 152.4208
 [49] 148.3731 164.4843 154.4843 153.4843 168.5369 147.0536 147.6676 145.4454
 [57] 153.6049 147.6049 153.6843 151.6843 147.3509 155.6843 156.7369 157.5162
 [65] 157.3162 158.2131 151.4631 160.3758 158.8996 158.8996 159.0117 165.0117
 [73] 164.3758 159.0117 163.4284 169.3975 166.7001 163.0951 157.7308 157.7617
 [81] 166.7784 164.4451 169.8810 159.0644 158.3977 157.0644 150.2858 150.9522
 [89] 150.9832 153.3758 152.3927 151.2263 147.9787 146.5972 147.4763 149.2858
 [97] 148.2858 151.5596 147.7570 153.7570


$buildNRec
$buildNRec[[1]]
  [1] 1314.284 1377.339 1276.353 1173.314 1192.053 1244.255 1263.454 1245.003
  [9] 1275.342 1271.253 1290.342 1271.441 1282.944 1279.371 1297.592 1286.635
 [17] 1282.523 1279.751 1274.423 1275.534 1280.973 1262.436 1257.534 1259.001
 [25] 1243.445 1249.407 1274.895 1306.982 1292.984 1322.388 1309.331 1311.251
 [33] 1289.085 1305.318 1302.653 1309.275 1285.809 1263.809 1282.742 1271.309
 [41] 1274.009 1261.509 1266.598 1254.809 1261.492 1280.123 1278.555 1277.055
 [49] 1272.269 1280.102 1281.147 1280.369 1283.771 1275.854 1275.352 1280.330
 [57] 1282.947 1287.191 1278.614 1282.614 1282.836 1282.947 1283.649 1280.271
 [65] 1282.949 1286.838 1296.738 1299.004 1297.938 1285.049 1301.339 1296.673
 [73] 1299.404 1296.117 1295.750 1298.304 1297.905 1296.473 1300.504 1295.406
 [81] 1297.423 1299.089 1296.091 1297.208 1294.874 1295.874 1294.677 1295.739
 [89] 1294.408 1295.285 1294.973 1268.910 1271.558 1293.840 1281.810 1279.677
 [97] 1278.455 1268.888 1289.219 1293.219


$tree
$tree[[1]]
  [1] 1580.729 1342.801 1452.371 1509.754 1537.199 1556.849 1549.132 1524.450
  [9] 1490.060 1489.366 1467.883 1464.091 1486.641 1481.032 1530.080 1501.316
 [17] 1499.966 1462.266 1470.500 1466.015 1459.892 1455.617 1454.635 1476.308
 [25] 1491.700 1481.000 1480.841 1452.075 1455.209 1425.892 1415.042 1420.542
 [33] 1408.001 1421.766 1402.624 1417.549 1412.408 1406.342 1399.092 1401.692
 [41] 1417.283 1422.092 1432.133 1410.683 1422.833 1416.317 1415.833 1404.017
 [49] 1404.950 1408.717 1403.717 1404.517 1404.250 1403.500 1406.033 1404.883
 [57] 1391.533 1382.533 1409.683 1411.683 1414.683 1400.617 1404.283 1413.083
 [65] 1410.217 1406.417 1406.033 1401.900 1408.700 1417.750 1409.550 1415.550
 [73] 1411.700 1408.550 1407.700 1403.550 1404.550 1415.417 1401.217 1402.667
 [81] 1391.817 1392.817 1404.567 1400.567 1392.817 1398.567 1413.167 1408.367
 [89] 1416.167 1405.343 1411.543 1409.543 1415.543 1418.617 1414.793 1412.617
 [97] 1414.617 1417.393 1412.793 1417.393


$smallPla
$smallPla[[1]]
  [1] 167.7176 162.7412 174.5353 172.8333 159.8608 157.6922 163.9255 154.7902
  [9] 158.4216 155.8922 159.1569 156.2255 152.3922 150.8922 147.8608 146.7588
 [17] 145.2255 145.8922 145.7255 145.7255 150.0902 150.4569 149.9902 150.4922
 [25] 148.6588 146.5255 145.2255 146.6569 145.8235 145.3235 146.8235 146.8235
 [33] 145.3235 143.7588 145.2588 144.7922 144.7922 144.4588 146.5588 146.2588
 [41] 144.7588 144.4588 144.1588 142.9922 143.4922 142.4922 143.4922 145.0922
 [49] 145.4255 145.0922 144.4255 145.4255 145.2588 144.4588 145.2922 145.9588
 [57] 146.9588 145.2922 145.9588 144.9588 145.9588 146.0922 145.2588 146.2588
 [65] 146.2588 146.0922 145.7588 145.4255 146.4255 145.4255 147.0922 147.0922
 [73] 147.0922 146.0922 146.0922 147.0922 147.0922 146.7588 146.0922 145.2588
 [81] 145.2588 145.2588 145.4255 145.4255 145.2588 145.4255 144.7588 144.7588
 [89] 144.7588 144.5235 145.5235 145.1902 145.1902 144.5922 144.3569 145.2588
 [97] 143.5922 143.5569 143.3569 142.8902


$diffBuild
$diffBuild[[1]]
  [1]  -72.10811 -225.09396 -341.31192 -378.25995 -413.62566 -385.62542
  [7] -379.83692 -373.19512 -357.05377 -325.88319 -312.11370 -336.51458
 [13] -350.34791 -359.84165 -374.88450 -353.37542 -387.09385 -391.87718
 [19] -384.50963 -397.27718 -397.25337 -396.26422 -386.59667 -383.71792
 [25] -395.68459 -392.35125 -372.42630 -354.44667 -366.06704 -360.49755
 [31] -372.38176 -373.68176 -377.63546 -380.86597 -360.36597 -367.26227
 [37] -375.76227 -375.79930 -380.48264 -376.96597 -378.04930 -377.13176
 [43] -375.96509 -372.56597 -357.39755 -360.34843 -365.43176 -377.18264
 [49] -367.13176 -361.66509 -368.08176 -367.60557 -356.14261 -365.14261
 [55] -354.72594 -361.39261 -349.05927 -352.60557 -363.49261 -366.32594
 [61] -359.82594 -356.14261 -355.14261 -366.15927 -366.32594 -351.05927
 [67] -361.69261 -365.73546 -365.90213 -367.66880 -372.90213 -362.90213
 [73] -368.52118 -372.85451 -362.35451 -362.52118 -365.52118 -362.35451
 [79] -353.68784 -361.02118 -355.10451 -356.45451 -359.52118 -369.98546
 [85] -368.48546 -371.98546 -379.96792 -378.83697 -376.50363 -375.17030
 [91] -383.08697 -388.25451 -382.25451 -378.50363 -383.87030 -383.72118
 [97] -384.37030 -370.90363 -388.00363 -377.00363


$streeFur
$streeFur[[1]]
  [1] 308.5005 197.9061 238.6157 266.4085 219.2668 228.1559 227.3292 234.3672
  [9] 227.0412 211.2053 232.2031 226.6283 218.1877 216.3635 221.8209 218.4935
 [17] 209.1157 202.9585 211.4757 205.7724 209.8674 212.0245 213.9109 209.6105
 [25] 212.2163 209.6798 218.3613 225.4269 218.6997 210.7220 213.2295 205.7960
 [33] 196.0880 196.7529 196.1802 202.2473 198.3763 195.9298 199.6964 204.2219
 [41] 202.3253 206.1434 208.5980 210.6490 215.2812 219.9257 218.5935 219.7444
 [49] 219.2087 220.2008 217.6124 219.1124 223.1717 217.8142 218.5671 215.0774
 [57] 221.5942 219.8859 226.9621 221.8085 221.3919 220.0293 219.8490 223.9681
 [65] 225.4919 224.4637 222.6794 224.5065 226.3530 224.0051 227.6437 228.8795
 [73] 227.0242 227.2721 226.4721 228.5983 226.2795 224.3245 226.0031 222.8352
 [81] 225.2340 226.5245 224.7843 221.6117 221.7260 219.9760 219.8345 223.2828
 [89] 221.7723 223.6220 222.4541 221.1369 218.4536 219.5744 218.3702 218.7869
 [97] 219.1036 221.6238 218.4233 223.1083


$basCol
$basCol[[1]]
  [1]  -69.29779  -67.00175  -95.31904 -105.14639 -105.84903 -124.49661
  [7] -141.88229 -142.55209 -131.84400 -137.55026 -137.49960 -140.40411
 [13] -131.09459 -123.27604 -130.89838 -135.77846 -137.11242 -138.98172
 [19] -145.17721 -143.26054 -143.71593 -143.43644 -143.41802 -141.84751
 [25] -146.51417 -140.50101 -145.36768 -144.83347 -140.78435 -141.61768
 [31] -138.68347 -143.56856 -141.40189 -143.18226 -132.68226 -140.52962
 [37] -138.23050 -136.73050 -138.48050 -136.55101 -140.05101 -132.88435
 [43] -134.53347 -129.85014 -129.10014 -133.85014 -135.85014 -134.34387
 [49] -137.02808 -138.61142 -138.34387 -136.32721 -135.07721 -135.26142
 [55] -135.48259 -139.06593 -138.54212 -139.89926 -138.03523 -142.86856
 [61] -143.86856 -142.98698 -140.30277 -138.42119 -142.55277 -144.55277
 [67] -146.55277 -141.21944 -142.21944 -135.55277 -135.88610 -138.05277
 [73] -138.71944 -137.21944 -138.38610 -139.57031 -139.88610 -135.13610
 [79] -138.38610 -130.96944 -132.38610 -135.21944 -137.35101 -133.77896
 [85] -132.94563 -136.44563 -132.02896 -135.46944 -131.38610 -136.38610
 [91] -133.18281 -130.38610 -129.46505 -130.33347 -127.58347 -129.63610
 [97] -126.13610 -125.05311 -127.41680 -123.30311


$ligh
$ligh[[1]]
  [1] 38.85614 48.92456 66.25636 63.98684 62.22303 54.36535 57.28750 48.55088
  [9] 53.12500 55.18553 55.00746 55.11886 51.84803 45.65022 45.38355 49.56075
 [17] 48.99496 50.73553 47.42412 47.00746 44.75833 44.52083 49.25504 45.08838
 [25] 45.52588 45.61798 48.96798 52.07697 53.61382 50.25965 57.12697 56.65943
 [33] 57.99276 54.22961 55.89627 52.54364 51.16382 52.83048 51.80965 49.66382
 [41] 47.66382 55.08048 50.67697 52.04364 49.06447 50.85614 50.18947 51.84298
 [49] 52.32982 49.24649 50.75965 51.20965 48.95965 50.03860 51.35000 50.10000
 [57] 51.43333 51.93333 53.62193 51.28860 50.28860 50.51228 49.77544 51.34123
 [65] 47.02544 44.02544 47.08794 48.25461 46.92127 46.25461 45.58794 45.25461
 [73] 45.92127 43.92127 44.58794 42.82478 43.08794 43.33794 42.08794 43.17127
 [81] 45.08794 44.42127 45.10548 46.33794 47.00461 48.00461 46.83794 44.08794
 [89] 45.83794 45.33794 46.33794 44.46294 44.04189 46.73268 45.92018 45.27544
 [97] 46.02544 45.12083 45.81601 45.99583


$accenCol
$accenCol[[1]]
  [1] -315.1190 -325.9951 -426.0945 -415.2631 -375.5444 -386.6382 -410.3325
  [8] -385.5393 -370.6266 -377.4920 -387.5686 -389.7946 -376.9315 -377.5415
 [15] -377.8937 -371.5044 -374.4411 -376.7248 -374.4322 -373.1656 -373.9380
 [22] -365.2322 -368.8928 -364.0402 -370.1652 -354.7047 -364.5713 -371.0262
 [29] -371.6963 -369.5713 -378.8762 -380.9323 -375.0990 -379.3166 -366.9832
 [36] -369.1069 -368.4438 -370.4438 -368.2354 -362.7963 -364.1297 -366.9630
 [43] -366.5595 -360.0428 -347.9178 -353.0845 -357.9178 -352.7261 -354.9629
 [50] -350.0463 -351.5594 -350.8761 -342.1261 -345.6787 -347.9713 -349.0547
 [57] -350.7928 -350.3880 -350.6906 -348.0240 -347.0240 -347.2476 -345.5108
 [64] -344.5503 -340.7608 -341.2608 -344.1358 -338.1358 -335.8025 -334.8025
 [71] -333.8025 -331.8025 -336.3025 -332.3025 -333.3025 -331.5393 -331.8025
 [78] -328.0525 -330.3025 -325.0525 -326.3025 -326.8025 -328.5130 -327.4572
 [85] -326.9572 -329.4572 -327.2072 -328.3858 -327.8025 -331.3025 -329.9765
 [92] -329.0525 -328.7104 -331.2498 -326.1248 -329.1775 -327.6775 -323.2822
 [99] -326.9998 -325.2822


$peop
$peop[[1]]
  [1]  -843.3747 -1206.8436 -1182.3624 -1276.4996 -1236.1193 -1228.8407
  [7] -1218.3082 -1185.2902 -1241.7777 -1218.2584 -1193.9970 -1151.4704
 [13] -1196.7824 -1175.0812 -1248.4284 -1220.2092 -1228.9068 -1245.9501
 [19] -1215.4485 -1244.6223 -1219.5271 -1212.2830 -1198.4497 -1207.7825
 [25] -1196.6789 -1206.7825 -1201.9769 -1190.4906 -1187.3995 -1186.4030
 [31] -1200.0471 -1208.3228 -1200.9462 -1206.8448 -1194.8317 -1204.3281
 [37] -1217.0615 -1203.5281 -1215.3218 -1216.0448 -1216.1246 -1213.5315
 [43] -1224.4784 -1191.8815 -1198.2576 -1182.2445 -1189.7691 -1190.2567
 [49] -1182.9212 -1182.1084 -1190.8060 -1182.9965 -1178.2187 -1193.1910
 [55] -1191.0886 -1202.2275 -1184.5365 -1196.4115 -1200.9473 -1215.6044
 [61] -1208.7489 -1183.3655 -1193.4322 -1196.9512 -1187.1544 -1181.6322
 [67] -1191.3322 -1185.6489 -1206.4822 -1216.2905 -1207.6405 -1197.8560
 [73] -1188.2227 -1200.3560 -1188.6322 -1181.0989 -1198.0989 -1205.5572
 [79] -1198.6989 -1199.4322 -1195.2989 -1198.8989 -1197.7322 -1204.4655
 [85] -1194.3322 -1205.0989 -1214.6286 -1210.8953 -1210.7953 -1209.4620
 [91] -1210.6286 -1207.9620 -1214.4263 -1209.9263 -1215.1763 -1215.9453
 [97] -1214.8203 -1209.4096 -1212.6584 -1209.5673


$graff
$graff[[1]]
  [1] 51 61 30 28  5  5 10  5  3 -1  0  4  2 -1  0  3  5  7  7  7  5  7  4  6  5
 [26]  7  7  7 11  7  8  6  6  5  6  4  4  4  4  2  6  4  4  4  7  7  4  7  7  4
 [51]  7  6  5  5  3  2  4  4  3  3  5  4  5  3  1  5  4  4  6  6  6  6  4  5  6
 [76]  6  7  8  7  8  7  6  9 10  9 11 11  9  9  9 10 11 12  9 11 11 11 10  9 11


$buildDiffAges
$buildDiffAges[[1]]
  [1] 109 121 122 111 107 103  97  98  94  94  91  91  92  88  91  97  98  98
 [19]  97  98  97  94  90  94  93  94  94  90  95  90  90  89  90  88  91  91
 [37]  93  93  94  96  94  93  92  93  97  96  94  98  98  97  99  97  99  95
 [55]  96  97  98  99  99  99 100 100 100 100 100 101  99  98 101 100 100 101
 [73]  99 100 101 101 102 103 101 102 102 102 104 102 101 103 102 102 102 101
 [91] 100 102 103 101 102 103 102 101 100 101


$streetWid
$streetWid[[1]]
  [1] 1895.0815  638.6373 1026.5264 1059.0151 1210.6983 1370.5812 1343.1217
  [8] 1269.7803 1359.6517 1273.9307 1164.2021 1081.1694 1258.3088 1074.4045
 [15] 1176.1863 1171.1658 1073.2968 1023.3722 1060.3857  995.0281 1038.9119
 [22]  972.7324 1011.1685 1071.4636 1057.5112 1044.1951 1146.6154 1135.8382
 [29] 1129.0815 1109.6829 1047.9091 1026.8958  986.3762  966.3095  979.9785
 [36]  975.0702  924.1140  912.9474  953.8981  937.0474  946.1503 1036.1474
 [43]  990.7503  993.7731 1004.6141  985.8635 1014.8165 1009.1534 1046.2111
 [50] 1040.4437 1037.6800 1087.3332 1127.0903 1067.2237 1093.9665 1093.6528
 [57] 1054.6332 1040.1832 1075.9832 1077.6499 1065.2332 1105.6832 1094.0070
 [64] 1098.8903 1142.8403 1116.5903 1077.3403 1113.1237 1109.7903 1124.3880
 [71] 1108.1475 1155.7687 1154.6115 1157.0520 1134.0975 1102.8808 1088.0380
 [78] 1088.8975 1089.4308 1111.0975 1080.9571 1084.2905 1093.6809 1088.9476
 [85] 1100.7809 1079.6143 1117.4476 1116.3101 1133.7905 1142.1570 1108.6000
 [92] 1088.0643 1077.4213 1128.7000 1109.0809 1066.4809 1117.0643 1120.8071
 [99] 1167.8450 1135.2000


$sidewalkWid
$sidewalkWid[[1]]
  [1] -27.709268 -43.141272  -2.614267  21.918775  70.798980 112.977286
  [7] 118.263743 133.467981 119.419752 110.728189 104.646571  85.447713
 [13]  81.836689  94.222564  86.669380  85.686522  74.685808  78.474521
 [19]  85.781549  85.887878  88.529764  95.653229  85.579984  96.867772
 [25]  89.216299  82.614711  92.894702  90.678913  95.036229  98.576647
 [31]  92.426052 105.716246 107.544677 107.953011 103.643582 106.474151
 [37] 100.855850 105.098274 103.289512  92.647516  90.815676 100.060774
 [43]  98.211509  99.333220  86.919074  91.354816  97.351974  94.536819
 [49]  91.835274  87.406018  93.656633  93.522565  94.961537  89.118116
 [55]  94.130898 100.403344  97.056775  91.052609  95.660942  87.918518
 [61]  81.106018  85.310942  85.690704  88.236537  87.399037  86.586537
 [67]  84.152327  94.879081  86.087414  89.269395  92.858085  96.230813
 [73]  97.834384  95.926646  90.104676  88.317176  89.613605  88.524632
 [79]  84.333843  90.124632  90.303141  86.136474  87.866236  86.215359
 [85]  89.048692  84.715359  78.489482  84.998833  80.768053  80.685660
 [91]  80.704958  78.797815  78.561850  86.996625  82.097815  82.089482
 [97]  81.492891  84.398097  87.477643  87.809125


$debris
$debris[[1]]
  [1] 0.2347459 0.1798606 0.1886410 0.1801951 0.1809797 0.1690175 0.1696480
  [8] 0.1665801 0.1721255 0.1743041 0.1797136 0.1862611 0.1805305 0.1728086
 [15] 0.1762857 0.1763328 0.1759345 0.1737114 0.1760319 0.1724323 0.1729140
 [22] 0.1728149 0.1791399 0.1790340 0.1829804 0.1786681 0.1803560 0.1847848
 [29] 0.1774762 0.1770287 0.1830772 0.1798250 0.1763945 0.1727254 0.1722046
 [36] 0.1793452 0.1783595 0.1749486 0.1750854 0.1774031 0.1728436 0.1773273
 [43] 0.1769332 0.1787523 0.1753236 0.1775003 0.1764034 0.1834284 0.1784439
 [50] 0.1846804 0.1864579 0.1914263 0.1897505 0.1854386 0.1843540 0.1793405
 [57] 0.1839660 0.1850973 0.1868763 0.1878732 0.1905084 0.1861146 0.1874505
 [64] 0.1896202 0.1915072 0.1897021 0.1883751 0.1890494 0.1868224 0.1886870
 [71] 0.1882963 0.1903440 0.1877126 0.1872885 0.1845346 0.1849471 0.1866734
 [78] 0.1850190 0.1851345 0.1861734 0.1878103 0.1890906 0.1904823 0.1868521
 [85] 0.1847351 0.1858160 0.1847954 0.1820592 0.1834393 0.1868777 0.1879059
 [92] 0.1851742 0.1841681 0.1833052 0.1836268 0.1823140 0.1815940 0.1809768
 [99] 0.1851910 0.1859672


$pavement
$pavement[[1]]
  [1] 0.1530701 0.1199115 0.1460685 0.1553593 0.1565471 0.1570417 0.1473942
  [8] 0.1450328 0.1423059 0.1399280 0.1412704 0.1342038 0.1331629 0.1308841
 [15] 0.1361028 0.1375205 0.1357604 0.1401885 0.1429231 0.1447068 0.1391141
 [22] 0.1455088 0.1439826 0.1454974 0.1472174 0.1470754 0.1528442 0.1491749
 [29] 0.1467769 0.1439899 0.1478419 0.1471596 0.1484693 0.1433965 0.1455380
 [36] 0.1485304 0.1488547 0.1483323 0.1455837 0.1480560 0.1399942 0.1486985
 [43] 0.1454749 0.1482088 0.1462541 0.1440630 0.1458421 0.1512238 0.1477607
 [50] 0.1498278 0.1476011 0.1505381 0.1509771 0.1490633 0.1471949 0.1441968
 [57] 0.1495213 0.1479141 0.1501507 0.1489101 0.1482187 0.1476544 0.1479836
 [64] 0.1507672 0.1525554 0.1502229 0.1500730 0.1538945 0.1503575 0.1507519
 [71] 0.1558265 0.1550039 0.1535990 0.1540282 0.1528480 0.1516613 0.1528315
 [78] 0.1526222 0.1480645 0.1524712 0.1524417 0.1493771 0.1515442 0.1533811
 [85] 0.1535880 0.1529032 0.1523800 0.1474702 0.1504024 0.1500747 0.1526540
 [92] 0.1526607 0.1500751 0.1501015 0.1513331 0.1505744 0.1502783 0.1495421
 [99] 0.1504488 0.1513511


$landscape
$landscape[[1]]
  [1] 0.3244341 0.2887459 0.3008884 0.3031229 0.2955164 0.2942938 0.2922865
  [8] 0.2960368 0.2960937 0.3002448 0.3032266 0.3024995 0.2951683 0.2933508
 [15] 0.2999446 0.2963719 0.2963671 0.2985119 0.3003157 0.3020143 0.2986028
 [22] 0.3025009 0.3055903 0.3065152 0.3096432 0.3073625 0.3086552 0.3118507
 [29] 0.3069704 0.3017798 0.3065765 0.3053137 0.3048874 0.3014078 0.3026250
 [36] 0.3062518 0.3066999 0.3051321 0.3048550 0.3076461 0.2986760 0.3054768
 [43] 0.3033580 0.3063111 0.3063636 0.3033769 0.3040004 0.3118863 0.3074861
 [50] 0.3125023 0.3100384 0.3130483 0.3124941 0.3117741 0.3096835 0.3053169
 [57] 0.3107963 0.3105844 0.3123054 0.3123558 0.3130060 0.3085498 0.3093806
 [64] 0.3112897 0.3135408 0.3128242 0.3129355 0.3133030 0.3103983 0.3135180
 [71] 0.3145441 0.3137766 0.3110518 0.3120430 0.3106124 0.3113752 0.3119033
 [78] 0.3123480 0.3100412 0.3136239 0.3117361 0.3132660 0.3134375 0.3123887
 [85] 0.3111045 0.3107795 0.3129365 0.3095359 0.3120182 0.3114140 0.3143850
 [92] 0.3136367 0.3118924 0.3123686 0.3123854 0.3122423 0.3124751 0.3122824
 [99] 0.3114000 0.3127704


$propStreetWall
$propStreetWall[[1]]
  [1] 0.01777100 0.03326465 0.03147028 0.02720316 0.02853607 0.02795180
  [7] 0.02963912 0.02876789 0.02956440 0.02972555 0.02967482 0.03101393
 [13] 0.03319368 0.03005059 0.03040020 0.02995514 0.02974367 0.03028196
 [19] 0.02771531 0.02817455 0.02883558 0.02923502 0.02784970 0.02941488
 [25] 0.02922587 0.02843281 0.02786934 0.02952580 0.02951214 0.02948833
 [31] 0.02962212 0.02887251 0.02954261 0.02780950 0.02773978 0.02869164
 [37] 0.02908394 0.02943503 0.02904010 0.02935354 0.02912426 0.02806386
 [43] 0.02893194 0.02970352 0.03161883 0.03043536 0.02996700 0.02866272
 [49] 0.02762579 0.02874166 0.02944011 0.02864791 0.02933475 0.03081148
 [55] 0.03034983 0.03018228 0.02929770 0.03034066 0.03016462 0.03068692
 [61] 0.03014656 0.02881792 0.02980577 0.02950905 0.02924420 0.02915393
 [67] 0.03025468 0.03027813 0.03058151 0.03150858 0.03152170 0.03042047
 [73] 0.02934465 0.03037045 0.03004758 0.03013895 0.03073099 0.03124433
 [79] 0.03114239 0.03137084 0.03091772 0.03109888 0.03034977 0.03143369
 [85] 0.03084183 0.03093828 0.03295684 0.03231976 0.03264339 0.03192024
 [91] 0.03284182 0.03250463 0.03244950 0.03268864 0.03330537 0.03298082
 [97] 0.03357371 0.03367818 0.03290820 0.03379061


$propWind
$propWind[[1]]
  [1]  0.011256125 -0.005456748 -0.008335561 -0.007738841 -0.009310293
  [6] -0.010670299 -0.012280179 -0.012040450 -0.012260928 -0.011689084
 [11] -0.012036195 -0.013639941 -0.014345395 -0.014583135 -0.014891447
 [16] -0.013711454 -0.014469703 -0.016319710 -0.015535353 -0.015924141
 [21] -0.017375140 -0.016792208 -0.016952450 -0.016186810 -0.015541283
 [26] -0.015847479 -0.014891906 -0.015483091 -0.015513932 -0.015773691
 [31] -0.015866347 -0.015844214 -0.016050850 -0.016067397 -0.015290632
 [36] -0.016396349 -0.016357248 -0.015679536 -0.015711293 -0.016252182
 [41] -0.016502313 -0.015503349 -0.015624251 -0.016318488 -0.015977880
 [46] -0.015660817 -0.015777679 -0.015297788 -0.014865076 -0.014168472
 [51] -0.014966317 -0.014814569 -0.014625294 -0.015413001 -0.015288157
 [56] -0.015459494 -0.014957650 -0.015923095 -0.015700472 -0.016445556
 [61] -0.016836591 -0.015647290 -0.015798641 -0.015447974 -0.015964698
 [66] -0.016000216 -0.015913506 -0.015327455 -0.015801045 -0.015865966
 [71] -0.015523054 -0.014866360 -0.015041240 -0.015020139 -0.015386934
 [76] -0.015168890 -0.015418243 -0.015389029 -0.015490242 -0.015616635
 [81] -0.014980014 -0.015555615 -0.015176873 -0.015486982 -0.015316174
 [86] -0.015543677 -0.016063124 -0.016140790 -0.016183700 -0.016428437
 [91] -0.016063307 -0.016515500 -0.016074752 -0.016177258 -0.016248614
 [96] -0.016269755 -0.016447863 -0.016127715 -0.016346873 -0.016406199


$longSight
$longSight[[1]]
  [1] 126.6290043  72.9075758  24.3649351  29.7164502  31.5670996  17.8246753
  [7]  20.8437229   9.2123377   5.9861472   8.8584416  -6.0400433  -5.5153680
 [13]  -2.9876623  -7.0861472 -10.2361472  -7.3512987  -5.7274892  -3.5941558
 [19]   3.8900433  -2.7099567  -4.0099567   2.7480519  -0.7519481   4.0813853
 [25]   1.3385281   1.2718615 -11.4043290 -10.4709957 -12.5251082 -13.5251082
 [31] -12.2203463 -14.9870130 -14.8441558 -17.1441558 -19.2870130 -16.9870130
 [37] -16.2203463 -15.0870130 -16.1774892 -16.1536797 -13.3441558 -14.3870130
 [43] -11.7441558 -15.2536797 -14.4108225 -11.1432900 -11.0956710  -6.2623377
 [49]  -7.0805195  -2.5956710   0.5558442  -1.0108225  -8.6012987  -7.4043290
 [55] -13.5471861 -12.7290043 -13.2290043 -15.6290043 -15.6623377 -15.9290043
 [61] -11.1290043 -15.9623377 -14.8194805 -13.5194805 -15.2528139 -11.5099567
 [67] -11.0781385  -7.1599567 -11.5932900  -7.8932900 -13.6917749 -14.6584416
 [73] -15.0084416 -17.2584416 -13.5417749 -13.4751082 -13.3917749 -11.9417749
 [79] -13.0751082  -9.9417749  -9.6084416  -9.4084416  -6.2584416  -4.8584416
 [85]  -6.8584416  -5.2584416  -4.5766234  -3.3266234  -8.3266234  -9.1599567
 [91]  -7.2766234  -6.0266234  -6.3599567  -8.5266234  -7.7766234  -9.2766234
 [97]  -9.3766234  -9.1932900 -10.0432900 -12.2917749


$propSkyAhead
$propSkyAhead[[1]]
  [1] 0.06800295 0.07307898 0.04583807 0.05155146 0.05128760 0.05183697
  [7] 0.04535728 0.04847783 0.05333133 0.04832949 0.05073385 0.04865979
 [13] 0.04901292 0.04730155 0.04987875 0.04957888 0.05011747 0.04834337
 [19] 0.04825000 0.04648812 0.04874208 0.04656654 0.04639355 0.04810898
 [25] 0.04731095 0.04688778 0.04564733 0.04659803 0.04572129 0.04538923
 [31] 0.04669517 0.04651218 0.04535933 0.04632795 0.04631171 0.04615927
 [37] 0.04472049 0.04355288 0.04399818 0.04363290 0.04588147 0.04452386
 [43] 0.04571045 0.04417453 0.04587713 0.04706430 0.04473197 0.04610226
 [49] 0.04464389 0.04579364 0.04460489 0.04473324 0.04564399 0.04502316
 [55] 0.04502810 0.04535101 0.04548691 0.04574214 0.04681128 0.04724581
 [61] 0.04787234 0.04603507 0.04731991 0.04899695 0.04685503 0.04661123
 [67] 0.04649888 0.04752579 0.04975609 0.04800265 0.04997161 0.04959073
 [73] 0.05011613 0.05019124 0.05022486 0.05105070 0.05165619 0.05131499
 [79] 0.05171708 0.04902863 0.05225795 0.05183993 0.05106164 0.05178801
 [85] 0.05113785 0.05190297 0.04988896 0.04984534 0.04972764 0.04959866
 [91] 0.05034332 0.04957178 0.04917160 0.04779324 0.04902950 0.04992326
 [97] 0.04900495 0.05030047 0.04912273 0.04910853


$propSkyAcross
$propSkyAcross[[1]]
  [1] 0.08774195 0.10449574 0.08493498 0.09654144 0.09943588 0.09931708
  [7] 0.09697625 0.09520314 0.09792674 0.09527484 0.09952624 0.09639873
 [13] 0.09681131 0.09676280 0.09608173 0.09627829 0.09561411 0.09312639
 [19] 0.09460871 0.09312866 0.09567605 0.09256546 0.09289714 0.09312655
 [25] 0.09180690 0.09148485 0.09148903 0.09089652 0.09036538 0.09038357
 [31] 0.09041647 0.08993611 0.08838890 0.09112560 0.09113198 0.08994907
 [37] 0.09010433 0.08895367 0.09233214 0.09083278 0.09106585 0.09122725
 [43] 0.09064533 0.08966453 0.09219230 0.09222500 0.08958557 0.08868375
 [49] 0.08820952 0.09140493 0.08907239 0.09017349 0.09212407 0.09160687
 [55] 0.09157214 0.09223572 0.09212991 0.09094670 0.09260029 0.09329508
 [61] 0.09391112 0.09145319 0.09276327 0.09518738 0.09331379 0.09248386
 [67] 0.09302998 0.09305068 0.09570679 0.09402220 0.09610565 0.09565564
 [73] 0.09609826 0.09553603 0.09594805 0.09551546 0.09620556 0.09582716
 [79] 0.09702592 0.09446358 0.09722129 0.09685941 0.09602149 0.09719688
 [85] 0.09748709 0.09749998 0.09595515 0.09540017 0.09534935 0.09495167
 [91] 0.09601448 0.09460811 0.09413055 0.09336385 0.09477932 0.09506775
 [97] 0.09558517 0.09608826 0.09597897 0.09480851


$buildHeight
$buildHeight[[1]]
  [1] 6196.866 5819.789 7178.059 6833.668 6769.472 6609.448 6480.109 6373.243
  [9] 6214.294 6408.949 6431.126 6370.833 6322.419 6242.522 6539.512 6495.276
 [17] 6420.772 6503.684 6542.075 6441.066 6426.824 6426.636 6468.540 6570.269
 [25] 6567.114 6652.360 6563.893 6577.338 6392.419 6453.424 6510.768 6443.427
 [33] 6369.971 6458.675 6493.225 6568.893 6600.857 6586.107 6484.960 6587.999
 [41] 6512.990 6486.769 6469.979 6536.154 6465.638 6465.663 6487.388 6478.261
 [49] 6498.225 6501.201 6491.986 6503.892 6520.242 6466.895 6622.195 6619.129
 [57] 6603.821 6592.265 6551.010 6514.343 6506.782 6601.760 6522.095 6507.933
 [65] 6546.980 6582.551 6514.676 6509.692 6462.592 6413.479 6456.567 6512.530
 [73] 6517.455 6507.580 6496.464 6499.114 6481.400 6477.433 6435.706 6451.039
 [81] 6473.925 6439.354 6476.966 6383.908 6392.814 6388.608 6351.942 6445.458
 [89] 6423.542 6422.208 6378.108 6433.542 6441.383 6459.542 6436.292 6428.292
 [97] 6382.542 6440.328 6386.482 6460.328


$propActiveUse
$propActiveUse[[1]]
  [1] 0.05899726 0.05185737 0.05320747 0.05169942 0.04664268 0.04657049
  [7] 0.04970458 0.04997681 0.05206465 0.05181139 0.05342407 0.05224062
 [13] 0.05018885 0.05136007 0.05004843 0.04972065 0.05025055 0.04729930
 [19] 0.04659549 0.04658125 0.04672508 0.04613466 0.04793498 0.04775260
 [25] 0.04842492 0.04796959 0.04867316 0.05028909 0.05166394 0.05037459
 [31] 0.05126549 0.05067441 0.05001457 0.04974137 0.04931457 0.04902841
 [37] 0.04861103 0.04936091 0.04896537 0.04899276 0.04977580 0.04991669
 [43] 0.04986929 0.04958847 0.04978778 0.04969366 0.04958486 0.04884442
 [49] 0.04766438 0.04774828 0.04795923 0.04824576 0.04819019 0.04755491
 [55] 0.04633106 0.04530730 0.04671711 0.04652003 0.04735816 0.04742835
 [61] 0.04716851 0.04625418 0.04723418 0.04711477 0.04728936 0.04621294
 [67] 0.04687640 0.04681211 0.04695099 0.04805827 0.04687843 0.04682069
 [73] 0.04661731 0.04675394 0.04722839 0.04648893 0.04673340 0.04687646
 [79] 0.04766620 0.04720069 0.04754335 0.04809926 0.04799743 0.04765773
 [85] 0.04747264 0.04720824 0.04800703 0.04681745 0.04760584 0.04762376
 [91] 0.04873040 0.04717875 0.04711763 0.04714016 0.04719871 0.04701470
 [97] 0.04778763 0.04821654 0.04731518 0.04855404


$movCarsN
$movCarsN[[1]]
[1] 8804.795


$parkCarsN
$parkCarsN[[1]]
[1] 22714.58


$movCiclyN
$movCiclyN[[1]]
[1] 2662.119


$buildIdN
$buildIdN[[1]]
[1] 10307.54


$buildNRecN
$buildNRecN[[1]]
[1] 10367.03


$treeN
$treeN[[1]]
[1] 15723.24


$smallPlaN
$smallPlaN[[1]]
[1] 939.5333


$diffBuildN
$diffBuildN[[1]]
[1] 12321.84


$streeFurN
$streeFurN[[1]]
[1] 5737.34


$basColN
$basColN[[1]]
[1] 5094.668


$lighN
$lighN[[1]]
[1] 1985.973


$accenColN
$accenColN[[1]]
[1] 5897.676


$peopN
$peopN[[1]]
[1] 13767.32


$graffN
$graffN[[1]]
[1] 1152


$buildDiffAgesN
$buildDiffAgesN[[1]]
[1] 1760


$streetWidN
$streetWidN[[1]]
[1] 49113.32


$sidewalkWidN
$sidewalkWidN[[1]]
[1] 6385.188


$debrisN
$debrisN[[1]]
[1] 0.8615015


$pavementN
$pavementN[[1]]
[1] 0.837261


$landscapeN
$landscapeN[[1]]
[1] 0.8501494


$propStreetWallN
$propStreetWallN[[1]]
[1] 0.2187537


$propWindN
$propWindN[[1]]
[1] 0.12055


$longSightN
$longSightN[[1]]
[1] 4914.278


$propSkyAheadN
$propSkyAheadN[[1]]
[1] 0.3589732


$propSkyAcrossN
$propSkyAcrossN[[1]]
[1] 0.3581896


$buildHeightN
$buildHeightN[[1]]
[1] 63664.4


$propActiveUseN
$propActiveUseN[[1]]
[1] 0.248248


[1] ">>>> Cars"
feature realS lowerS higherS normS normS2
landscape 0.307426557324148 0.305467563166011 0.309385551482284 0.361614760282217 0.364245811599377
propSkyAcross 0.093683792737133 0.0927278105357813 0.0946397749384847 0.261548056457664 0.261418780257233
debris 0.182390641233551 0.179948274097778 0.184833008369325 0.211712506023743 0.212845599684665
propActiveUse 0.0484776124497897 0.0478469363683337 0.0491082885312458 0.195278937758784 0.192796307814589
pavement 0.147797587843609 0.145999177897457 0.149595997789762 0.1765251036299 0.177694444490208
smallPla 147.728705882353 145.878339013129 149.579072751576 0.15723625830095 0.154996639967276
propStreetWall 0.0300658375520449 0.0294474688634342 0.0306842062406556 0.137441502604085 0.136962563565006
propSkyAhead 0.0483902098024458 0.0471552621757202 0.0496251574291713 0.134801744237822 0.133540600842684
buildNRec 1282.85851837928 1275.69975676904 1290.01727998953 0.1237441255741 0.123752492544994
propWind -0.0148422385874159 -0.0158528204575547 -0.0138316567172771 -0.123121043549387 -0.128989210813296
buildHeight 6482.34318654444 6440.6977024804 6523.98867060849 0.101820529657886 0.101770919830925
tree 1431.111 1417.93945070371 1444.28254929629 0.0910188185973834 0.089923667084304
peop -1200.19982412032 -1212.65663763657 -1187.74301060407 -0.0871774300271392 -0.0873156093832898
accenCol -353.154398448043 -360.19418072595 -346.114616170136 -0.0598802647058965 -0.0594368555008098
buildDiffAges 98.18 96.4195858771844 99.9404141228156 0.0557840909090909 0.0559659090909091
streeFur 219.406022680324 215.183431494149 223.628613866499 0.0382417663097377 0.0383221950713552
diffBuild -365.16065085749 -376.395041596666 -353.926260118314 -0.0296352288678654 -0.0298886780162108
movCicly -71.9004476883372 -75.2078779676432 -68.5930174090313 -0.0270087241245945 -0.0276090625441355
basCol -134.478401034638 -138.341787870982 -130.615014198294 -0.0263959123955467 -0.0269234297892413
ligh 49.1984495614035 47.7382837058429 50.6586154169641 0.0247729751486164 0.0246548296246646
streetWid 1091.70758959553 1053.03897907697 1130.37620011409 0.0222283404141134 0.0221538906501866
buildId 168.011337092732 148.569904877737 187.452769307727 0.0162998447831788 0.0152920565230482
movCars 137.336821104414 127.8160951452 146.857547063629 0.0155979581724036 0.0151907770591607
parkCars 351.801011233413 332.197265840374 371.404756626451 0.0154878946871952 0.0156235971602841
sidewalkWid 87.5629338065075 80.3120180864418 94.8138495265732 0.013713446876365 0.0139646961681557
graff 7.43 4.87988898344074 9.98011101655926 0.00644965277777778 0.00520833333333333
longSight -5.2199783549784 -10.8873382588829 0.44738154892612 -0.00106220653529021 -0.00191127408802825
feature value norm
enclosure 2566.79706080195 0.0357807510320109
humanScale 1799.16833866039 0.0173584599656389
complexity 1600.15680669236 0.0146900252707549
coherence -1321.04815136127 -0.0385786570092106
linkage 1223.82443234496 0.0194776035170461
tidiness 227.473637466726 0.0330059921445207
legibility 162.791358737754 0.0106946052235394
imageability 116.191630317058 0.00293884028998166
transparency 87.5629338065075 0.013713446876365
     feature    value       norm
1 complexity 1600.157 0.01469003
         feature       realS       lowerS      higherS        normS
1        movCars   137.33682   127.816095   146.857547  0.015597958
2       parkCars   351.80101   332.197266   371.404757  0.015487895
3       movCicly   -71.90045   -75.207878   -68.593017 -0.027008724
4      buildNRec  1282.85852  1275.699757  1290.017280  0.123744126
5           tree  1431.11100  1417.939451  1444.282549  0.091018819
6       smallPla   147.72871   145.878339   149.579073  0.157236258
7      diffBuild  -365.16065  -376.395042  -353.926260 -0.029635229
8       streeFur   219.40602   215.183431   223.628614  0.038241766
9         basCol  -134.47840  -138.341788  -130.615014 -0.026395912
10          ligh    49.19845    47.738284    50.658615  0.024772975
11      accenCol  -353.15440  -360.194181  -346.114616 -0.059880265
12          peop -1200.19982 -1212.656638 -1187.743011 -0.087177430
13         graff     7.43000     4.879889     9.980111  0.006449653
14 buildDiffAges    98.18000    96.419586    99.940414  0.055784091
         normS2
1   0.015190777
2   0.015623597
3  -0.027609063
4   0.123752493
5   0.089923667
6   0.154996640
7  -0.029888678
8   0.038322195
9  -0.026923430
10  0.024654830
11 -0.059436856
12 -0.087315609
13  0.005208333
14  0.055965909
     feature    value       norm
1 humanScale 1799.168 0.01735846
       feature        realS      lowerS       higherS        normS       normS2
1      movCars   137.336821   127.81610   146.8575471  0.015597958  0.015190777
2     movCicly   -71.900448   -75.20788   -68.5930174 -0.027008724 -0.027609063
3         tree  1431.111000  1417.93945  1444.2825493  0.091018819  0.089923667
4     smallPla   147.728706   145.87834   149.5790728  0.157236258  0.154996640
5     streeFur   219.406023   215.18343   223.6286139  0.038241766  0.038322195
6         ligh    49.198450    47.73828    50.6586154  0.024772975  0.024654830
7         peop -1200.199824 -1212.65664 -1187.7430106 -0.087177430 -0.087315609
8    streetWid  1091.707590  1053.03898  1130.3762001  0.022228340  0.022153891
9  buildHeight  6482.343187  6440.69770  6523.9886706  0.101820530  0.101770920
10   longSight    -5.219978   -10.88734     0.4473815 -0.001062207 -0.001911274
       feature    value       norm
1 imageability 116.1916 0.00293884
    feature      realS     lowerS    higherS       normS      normS2
1   buildId   168.0113   148.5699   187.4528  0.01629984  0.01529206
2 buildNRec  1282.8585  1275.6998  1290.0173  0.12374413  0.12375249
3    basCol  -134.4784  -138.3418  -130.6150 -0.02639591 -0.02692343
4      peop -1200.1998 -1212.6566 -1187.7430 -0.08717743 -0.08731561
    feature    value       norm
1 enclosure 2566.797 0.03578075
      feature       realS     lowerS      higherS        normS       normS2
1        tree 1431.111000 1417.93945 1444.2825493  0.091018819  0.089923667
2        ligh   49.198450   47.73828   50.6586154  0.024772975  0.024654830
3   streetWid 1091.707590 1053.03898 1130.3762001  0.022228340  0.022153891
4 buildHeight 6482.343187 6440.69770 6523.9886706  0.101820530  0.101770920
5   longSight   -5.219978  -10.88734    0.4473815 -0.001062207 -0.001911274
    feature     value        norm
1 coherence -1321.048 -0.03857866
        feature       realS      lowerS     higherS       normS      normS2
1      streeFur   219.40602   215.18343   223.62861  0.03824177  0.03832220
2        basCol  -134.47840  -138.34179  -130.61501 -0.02639591 -0.02692343
3          ligh    49.19845    47.73828    50.65862  0.02477298  0.02465483
4      accenCol  -353.15440  -360.19418  -346.11462 -0.05988026 -0.05943686
5          peop -1200.19982 -1212.65664 -1187.74301 -0.08717743 -0.08731561
6 buildDiffAges    98.18000    96.41959    99.94041  0.05578409  0.05596591
7   buildHeight  6482.34319  6440.69770  6523.98867  0.10182053  0.10177092
  feature    value      norm
1 linkage 1223.824 0.0194776
    feature       realS     lowerS      higherS        normS       normS2
1   movCars  137.336821  127.81610  146.8575471  0.015597958  0.015190777
2 streetWid 1091.707590 1053.03898 1130.3762001  0.022228340  0.022153891
3 longSight   -5.219978  -10.88734    0.4473815 -0.001062207 -0.001911274
     feature    value       norm
1 legibility 162.7914 0.01069461
    feature      realS    lowerS     higherS        normS       normS2
1   buildId 168.011337 148.56990 187.4527693  0.016299845  0.015292057
2 longSight  -5.219978 -10.88734   0.4473815 -0.001062207 -0.001911274
       feature    value       norm
1 transparency 87.56293 0.01371345
      feature      realS     lowerS    higherS      normS    normS2
1 sidewalkWid   87.56293   80.31202   94.81385 0.01371345 0.0139647
2 buildHeight 6482.34319 6440.69770 6523.98867 0.10182053 0.1017709
   feature    value       norm
1 tidiness 227.4736 0.03300599
    feature       realS      lowerS     higherS       normS      normS2
1  streeFur 219.4060227 215.1834315 223.6286139 0.038241766 0.038322195
2     graff   7.4300000   4.8798890   9.9801110 0.006449653 0.005208333
3    debris   0.1823906   0.1799483   0.1848330 0.211712506 0.212845600
4  pavement   0.1477976   0.1459992   0.1495960 0.176525104 0.177694444
5 landscape   0.3074266   0.3054676   0.3093856 0.361614760 0.364245812
[1] "################### Men x Women - Safety"
[1] 0.1881274
[1] ">>>> Kendall Distance  0.188127379716165"
$movCars
$movCars[[1]]
  [1] -42.33744  41.01595  78.84964 152.47465 195.37685 263.80756 268.08980
  [8] 289.50214 316.56994 305.07193 305.96291 269.04269 274.99467 296.97294
 [15] 298.49383 280.40769 302.02378 303.28011 290.64509 277.87575 256.33280
 [22] 250.90162 259.64491 263.53729 258.72798 255.57068 256.61150 252.01656
 [29] 255.52533 260.13224 264.96759 259.07870 260.21444 257.67689 255.24949
 [36] 256.26503 260.37919 245.04394 237.96969 234.41489 233.68723 240.56056
 [43] 233.21601 231.84626 238.25168 235.43671 236.17671 244.15485 237.24763
 [50] 231.67038 243.25797 243.50818 235.72142 241.42507 241.59132 238.42652
 [57] 245.71670 246.30025 248.74953 258.56272 258.84509 257.56662 257.93428
 [64] 257.49569 250.76762 253.03547 247.26124 245.44918 246.69553 246.19110
 [71] 242.63554 249.31285 244.81924 255.26314 252.26314 249.49477 255.16143
 [78] 254.55545 261.50417 251.50417 248.85224 253.27446 267.41962 264.94184
 [85] 264.36413 265.69747 264.00929 273.19818 272.53152 261.56485 260.28806
 [92] 267.99445 269.28806 260.93890 266.98861 274.04416 261.04416 266.16656
 [99] 275.92382 273.62382


$parkCars
$parkCars[[1]]
  [1] 1325.629 1149.934 1337.770 1266.864 1187.434 1217.017 1162.031 1195.493
  [9] 1241.176 1255.756 1263.691 1265.508 1245.801 1228.247 1172.645 1175.958
 [17] 1185.403 1243.014 1226.426 1207.753 1206.628 1219.876 1216.327 1171.702
 [25] 1173.978 1171.704 1163.958 1157.384 1172.664 1166.230 1163.724 1177.772
 [33] 1135.701 1168.986 1152.737 1178.501 1180.794 1182.874 1165.596 1146.725
 [41] 1134.179 1118.100 1117.867 1116.460 1142.576 1128.989 1139.210 1132.419
 [49] 1149.162 1141.735 1130.387 1131.945 1121.147 1146.240 1155.443 1164.846
 [57] 1162.867 1194.154 1214.864 1218.177 1243.134 1209.851 1231.187 1211.489
 [65] 1175.534 1181.660 1167.500 1169.363 1208.470 1200.485 1194.185 1207.296
 [73] 1176.959 1203.901 1196.601 1197.158 1173.102 1186.862 1175.216 1185.635
 [81] 1191.463 1170.375 1178.997 1176.035 1180.743 1191.071 1177.422 1178.985
 [89] 1180.652 1186.241 1184.411 1178.646 1185.411 1183.817 1160.385 1141.218
 [97] 1163.663 1162.973 1168.277 1168.243


$movCicly
$movCicly[[1]]
  [1] 127.2868 135.0638 165.3030 170.9258 168.3140 165.8613 171.4782 170.7792
  [9] 164.5250 162.4230 167.6273 151.3613 147.3150 150.3249 146.4927 152.5691
 [17] 157.8028 161.7781 152.1575 153.5226 151.2866 152.3562 158.6712 163.0365
 [25] 161.5781 151.3704 150.2302 155.9434 152.8903 148.1445 150.8726 152.5999
 [33] 149.7707 152.2373 148.8227 148.8176 152.4261 151.5917 152.0590 151.2264
 [41] 156.5962 157.0295 153.3290 149.7902 156.8629 154.1037 152.4764 154.5621
 [49] 154.4954 159.0523 157.9085 159.5683 155.3495 157.6556 158.9514 158.0934
 [57] 157.4226 159.2824 160.5895 160.7993 163.6895 163.5895 163.4299 159.9825
 [65] 158.3693 156.9976 157.8238 154.8238 158.9072 154.6731 156.1731 163.2974
 [73] 158.9598 159.6834 159.1834 159.1834 158.1834 158.1834 158.4398 159.4398
 [81] 160.9134 161.2467 160.6499 161.1499 162.1634 165.1634 160.0666 163.7332
 [89] 166.7332 166.7332 164.9069 163.0693 166.9069 161.0693 163.5167 161.5167
 [97] 162.5167 165.0666 164.8102 166.8102


$buildId
$buildId[[1]]
  [1] 129.2203 319.6434 402.6251 547.4761 468.7213 504.0536 437.6808 412.5957
  [9] 421.7983 403.6935 451.8578 432.2517 420.8962 425.2382 456.9922 472.7827
 [17] 482.3644 478.1366 458.1676 437.3319 423.6176 419.7398 433.9676 430.5816
 [25] 424.6872 418.5150 417.4872 426.7261 419.9126 415.4515 413.3570 418.0038
 [33] 431.0126 433.8761 428.6316 430.4483 423.8483 451.0150 437.1038 439.4150
 [41] 449.7483 446.8650 441.6650 459.0872 465.5792 445.2959 422.2102 471.8713
 [49] 468.7380 441.7380 452.8713 440.6546 439.6118 470.5642 471.5626 475.0459
 [57] 454.2292 482.0126 484.1237 458.3237 481.3237 475.7904 494.9877 489.9877
 [65] 465.3687 463.0353 458.1187 437.7853 453.0660 451.3994 426.7912 459.1245
 [73] 453.6801 458.3994 435.3994 430.3994 428.7327 429.6216 432.6216 430.6216
 [81] 432.6216 436.8438 465.5938 463.5938 431.8438 455.8438 464.5938 467.2605
 [89] 468.2605 465.4827 458.7327 460.9549 462.0660 460.7327 418.1772 417.7327
 [97] 416.0660 425.4827 448.2605 449.2605


$buildNRec
$buildNRec[[1]]
  [1] -405.2841 -403.9592 -332.7539 -290.3284 -304.7180 -248.8415 -285.1755
  [8] -245.1336 -247.1041 -271.2715 -204.5969 -229.0920 -227.3475 -236.6674
 [15] -178.9563 -204.6063 -197.1840 -197.5118 -207.2539 -229.0182 -248.1539
 [22] -275.1317 -271.8928 -263.9945 -257.1556 -248.7890 -244.4668 -241.4945
 [29] -232.0866 -233.2144 -251.3755 -258.1168 -235.7033 -245.8556 -228.9001
 [36] -243.8168 -264.5223 -238.1168 -255.8945 -254.5834 -240.6056 -240.2390
 [43] -252.6834 -243.3056 -239.8644 -258.9810 -279.8509 -205.8675 -219.2009
 [50] -250.2009 -227.4675 -244.9731 -242.3398 -228.6033 -230.0977 -235.1310
 [57] -252.5310 -218.8810 -218.7699 -257.1699 -227.3699 -240.7699 -222.2383
 [64] -222.2383 -234.2860 -232.9526 -225.9360 -244.5137 -217.1711 -215.9488
 [71] -234.3395 -226.5395 -224.9839 -227.6155 -246.4155 -248.0822 -249.0822
 [78] -235.8599 -248.8599 -248.8599 -250.6599 -261.1044 -242.2044 -239.5377
 [85] -255.9711 -233.1044 -243.0044 -244.3377 -243.3377 -244.6488 -242.0822
 [92] -240.8599 -244.0822 -240.7488 -281.4377 -282.3488 -283.5488 -283.5822
 [99] -264.1377 -262.1377


$tree
$tree[[1]]
  [1]   38.59395 -111.37304 -156.73709 -122.47876 -195.73840 -195.01765
  [7] -173.92892 -133.67255 -154.72255  -93.97892 -120.07222 -104.15507
 [13]  -60.12369  -83.24771  -76.15163  -77.70882 -119.58448 -145.87761
 [19] -111.85997 -128.26781 -116.31193 -127.68971 -148.08971 -123.65637
 [25] -123.20441 -129.58676 -118.55441  -90.93873  -67.78873  -64.55539
 [31]  -85.21422  -72.21422  -60.59755  -83.55637  -89.03284  -97.99167
 [37] -102.98873  -84.01618  -98.54755  -94.98922 -110.52206 -102.02206
 [43] -101.53971 -109.26373 -106.18137 -116.73088 -128.27206 -124.33137
 [49] -120.43137 -135.03922 -139.02304 -142.03137 -133.05490 -139.12157
 [55] -117.96471 -123.87402 -109.29069 -113.28235 -122.82451 -132.59804
 [61] -137.45686 -133.45686 -132.51569 -131.61569 -139.03922 -135.85686
 [67] -141.33922 -140.78039 -149.25686 -143.92353 -145.36471 -141.29020
 [73] -134.49020 -132.89020 -132.83137 -126.49804 -118.49804 -118.49804
 [79] -114.09804 -117.49804 -116.49804 -127.09804 -131.75686 -125.27451
 [85] -127.62402 -115.08284 -114.85686 -128.06520 -131.46520 -118.46520
 [91] -118.46520 -117.66520 -126.46520 -115.57451 -127.54755 -122.54755
 [97] -122.54755 -126.68088 -139.73971 -143.23971


$smallPla
$smallPla[[1]]
  [1] 54.14314 36.83333 44.03333 41.03333 51.13137 48.13137 43.49804 41.43137
  [9] 41.53137 38.86471 40.09804 36.29804 41.72941 41.52941 46.20000 48.02941
 [17] 44.53333 49.66471 54.06471 55.06471 56.83333 59.33333 59.13333 55.93333
 [25] 56.93333 53.63333 53.46667 52.30000 55.80000 53.30000 50.30000 51.63333
 [33] 50.80000 51.30000 52.86863 52.36863 48.96667 50.70196 50.46667 50.46667
 [41] 48.46667 50.46667 50.46667 47.80000 51.80000 51.80000 50.00000 51.46667
 [49] 53.46667 51.46667 51.46667 50.46667 50.23137 50.43137 50.16667 50.66667
 [57] 50.16667 50.16667 50.50000 51.96667 51.96667 51.96667 52.46667 50.66667
 [65] 51.66667 50.66667 52.46667 52.06667 52.46667 52.06667 52.06667 52.86667
 [73] 51.86667 51.06667 51.06667 51.06667 51.06667 51.06667 51.06667 51.06667
 [81] 51.06667 51.06667 50.56667 50.56667 51.06667 52.53333 51.23333 51.23333
 [89] 52.03333 52.03333 52.53333 51.53333 52.53333 51.53333 52.53333 51.86667
 [97] 51.86667 51.36667 51.36667 51.36667


$diffBuild
$diffBuild[[1]]
  [1] -84.6972555  -3.7749779 -83.7474766 -47.0517938 -35.7207366  57.0559083
  [7]  33.2050906  36.1946529  75.9743609  43.2267178  66.1962109  33.8163168
 [13]  16.0470286  46.7139599  20.1743976  49.6923034  57.4265140  73.5633157
 [19]  65.3734837  58.1061436  33.7857732  30.6673522  31.6915946  42.2418351
 [25]  36.7377225  16.9935427  18.5543892  18.9104498  24.1937832   4.6645624
 [31]   2.9111232  -6.1722101  -8.7525131  -1.9562168  -6.9787036   2.1675927
 [37]   7.6842593  -0.1490740  -0.4029815  -4.9962475  10.1407896  -4.2092104
 [43]   8.0204192   6.9513956   9.6347290   5.9976919  -5.8902223  17.7202154
 [49]   9.7665117   9.0331784  12.2732457   9.4899124  11.9899124  17.8702154
 [55]  24.5671851  18.0875555  18.3838518  24.7171851  17.2702154  16.1165117
 [61]  26.2331784   9.3665117  10.1165117   1.0165117  12.6535487   0.5535487
 [67]  11.8868821  16.1483727  19.4831784  18.1143660  12.7643660  10.1780024
 [73]   1.2613357  -1.5719976  -2.3219976  -7.1553310 -10.8219976 -14.1219976
 [79] -15.8219976 -12.1791405  -8.7624738  -4.1291405  13.7875262   4.1208595
 [85] -13.5204939  -6.5124738   5.1637167  17.5208595  19.1637167  12.9137167
 [91]   3.4137167   4.9137167  12.0803833   5.6637167   6.6637167   1.9137167
 [97]   2.1637167  11.9137167  13.1637167  16.6637167


$streeFur
$streeFur[[1]]
  [1] 299.4675 212.8128 233.7436 255.6156 270.2696 286.2784 295.2140 302.2856
  [9] 306.7257 295.3199 306.7419 295.0006 289.8238 300.5911 308.2231 316.6792
 [17] 302.8905 304.5611 323.8731 319.0062 308.5964 320.0865 316.9210 306.7802
 [25] 309.8955 308.1590 313.1050 314.5889 325.9005 324.5697 315.2734 319.6389
 [33] 324.0846 322.1296 320.6215 311.0407 312.0185 310.8607 311.0740 312.3250
 [41] 312.6492 313.6564 309.4230 314.3863 311.1171 310.4340 306.8786 309.4314
 [49] 308.8744 305.0302 304.2839 309.9964 309.7881 305.3497 308.9262 308.3875
 [57] 307.2450 312.4699 307.0082 307.2982 307.4470 308.7137 304.6728 301.4232
 [65] 304.8490 305.9462 304.2924 302.6992 302.0764 300.3604 295.2003 297.2188
 [73] 299.0211 299.0328 298.1756 297.7306 298.7306 298.1889 300.8973 299.1889
 [81] 299.1889 292.9746 295.3703 297.4947 297.3649 301.9917 295.0629 294.6330
 [89] 294.1526 296.0409 293.6808 295.4974 294.2058 296.4625 291.7105 294.6272
 [97] 292.1272 295.9323 293.1228 294.1976


$basCol
$basCol[[1]]
  [1]  -70.01808 -155.06671 -156.64593 -161.82413 -151.15389 -144.19090
  [7] -156.60923 -166.38994 -148.09820 -165.71497 -160.98809 -165.25595
 [13] -162.70507 -155.26546 -167.07018 -152.60439 -145.45364 -139.54776
 [19] -145.22157 -145.36633 -150.25317 -149.00134 -149.16801 -151.51931
 [25] -151.77194 -158.93773 -158.93717 -160.71875 -159.80835 -159.30835
 [31] -163.86391 -160.09010 -165.86098 -164.50676 -165.54185 -164.72899
 [37] -160.42051 -164.49361 -165.61203 -169.73045 -165.09156 -163.31415
 [43] -163.78600 -166.12665 -164.51157 -160.41758 -162.55981 -161.97648
 [49] -161.24402 -153.60806 -154.07297 -149.08408 -149.33408 -151.13249
 [55] -152.04916 -150.19916 -148.25472 -150.86583 -146.42138 -145.47314
 [61] -146.63980 -147.60472 -151.85472 -152.85472 -151.14519 -151.37853
 [67] -152.76361 -150.59695 -153.58028 -153.46624 -151.46624 -155.04958
 [73] -153.88291 -155.23708 -153.73708 -154.68445 -155.68445 -154.35111
 [79] -153.43445 -154.43445 -153.83028 -153.18445 -151.68445 -155.33445
 [85] -158.91778 -157.91778 -155.16064 -154.80647 -153.80647 -156.80647
 [91] -158.99397 -157.24397 -155.99397 -156.39397 -152.57730 -150.57730
 [97] -154.26151 -150.06415 -147.81415 -149.04660


$ligh
$ligh[[1]]
  [1] -24.471930 -17.064693   7.257895 -12.859430 -17.780482  -6.155263
  [7]   7.685965  -3.878947  -4.066447 -12.266886  -3.036404 -10.869737
 [13]  -9.215351  -6.476316  -7.955482 -13.126974  -3.885307  -8.106140
 [19]  -9.751316  -7.792982  -8.761842 -10.521711  -3.292544  -4.238816
 [25] -11.637719  -9.083333 -11.161842 -11.610965  -8.368640 -10.201974
 [31] -10.535307 -10.451974 -11.378509  -9.931140  -9.782018  -8.597807
 [37] -11.128509  -8.505702  -8.856579  -8.957456  -6.874123  -4.933333
 [43]  -7.624123  -8.558333  -8.641667  -7.773246  -7.957456 -11.749123
 [49] -11.086842  -9.837939  -7.653728  -7.099561  -8.849561 -10.299561
 [55] -13.382895  -9.016228 -14.182895 -12.891228 -12.057895 -15.671272
 [61] -13.608772 -14.487061 -12.070395 -11.070395 -11.020395 -10.737061
 [67] -11.954605 -12.954605 -10.525439 -11.420175 -11.420175 -14.232675
 [73] -11.899342 -13.274342 -13.274342 -13.379605 -12.379605 -12.317105
 [79] -14.129605 -14.129605 -14.504605 -13.942105 -15.942105 -15.742105
 [85] -12.679605 -11.929605 -14.942105 -14.567105 -14.567105 -15.567105
 [91] -12.942105 -13.192105 -13.442105 -12.658772 -12.358772 -11.358772
 [97] -13.621930 -15.266667 -14.016667 -14.336842


$accenCol
$accenCol[[1]]
  [1]  -29.48298  -62.70866 -105.78062  -75.57342  -94.08137  -97.11331
  [7] -146.48017 -140.33162 -132.91358 -126.08088 -123.33000 -109.98476
 [13] -122.11546 -116.91515 -123.23338 -102.25355  -99.59842  -88.69265
 [19]  -97.84171 -101.57248 -107.05230 -104.83732 -117.87899 -119.92605
 [25] -116.08702 -125.81772 -121.61164 -117.78884 -123.10557 -123.52223
 [31] -125.60557 -124.59366 -123.59022 -121.30200 -124.09147 -127.13533
 [37] -116.74498 -116.00814 -118.21428 -119.75375 -117.08708 -127.04322
 [43] -118.58708 -118.62656 -115.22179 -110.29761 -113.09899 -105.76565
 [49] -110.56829 -112.64065 -112.76785 -109.19285 -111.69285 -108.21428
 [55] -109.71428 -101.43094 -108.09761 -105.01428 -104.01428 -106.96208
 [61] -104.25375 -105.42261 -106.67261 -112.67261 -113.13451 -118.68451
 [67] -122.67399 -125.00732 -122.26565 -124.15162 -128.65162 -119.10995
 [73] -125.85995 -120.77662 -123.77662 -123.72399 -128.22399 -125.26565
 [79] -121.97399 -122.97399 -122.80732 -124.09899 -118.09899 -120.14899
 [85] -125.94065 -124.44065 -122.83708 -123.50375 -123.50375 -119.50375
 [91] -125.00375 -126.00375 -123.50375 -125.38708 -131.50375 -135.50375
 [97] -129.24059 -126.29322 -126.04322 -127.55638


$peop
$peop[[1]]
  [1] 1005.2634 1154.6551 1164.0831 1021.8019 1092.1552 1123.3288 1102.6081
  [8] 1121.7997 1166.3732 1107.3108 1090.7366 1086.4580 1018.6702 1064.4246
 [15] 1034.0938 1061.5524 1050.2670 1069.7440 1063.3600 1076.9520 1066.1353
 [22] 1069.7430 1077.0541 1070.8173 1073.7359 1073.8300 1065.4497 1043.3661
 [29] 1039.1708 1025.7774 1049.1092 1017.3949 1026.1921 1033.6605 1005.1219
 [36] 1018.5002 1046.0734 1019.8648 1041.0571 1034.5673 1051.3542 1041.1018
 [43] 1035.0155 1050.3942 1028.9769 1033.1547 1029.3305 1026.9214 1025.9885
 [50] 1041.5956 1039.1956 1044.2709 1033.9376 1033.7785 1038.7309 1019.6833
 [57] 1016.8246 1029.3261 1021.6913 1019.5600 1035.1433 1021.4489 1006.9600
 [64] 1006.1746 1020.9635 1010.6302 1025.6378 1027.8827 1028.6933 1024.3827
 [71] 1022.6684 1013.0815 1016.2514 1007.2216 1007.8883 1005.2216 1002.2859
 [78]  990.7025  989.6748 1000.9716 1003.2049 1006.0629 1018.2184 1007.3295
 [85]  998.0462  998.5538 1021.8295 1039.2962 1043.4704 1039.8704 1015.2038
 [92] 1014.6847 1019.9704 1004.4704 1017.9704 1015.9990 1015.4462 1039.3795
 [99] 1028.1462 1032.7371


$graff
$graff[[1]]
  [1] 56 52 39 39 50 48 39 26 33 40 41 36 32 33 30 33 31 33 31 31 33 33 33 31 31
 [26] 34 32 33 34 34 36 37 36 36 36 36 33 34 33 33 31 30 31 33 30 32 31 31 31 32
 [51] 33 34 34 35 35 35 36 35 35 36 36 35 36 34 33 33 32 33 33 33 32 33 31 34 34
 [76] 34 33 33 33 34 34 34 34 34 34 32 34 33 34 34 34 34 34 34 34 35 35 35 35 35


$buildDiffAges
$buildDiffAges[[1]]
  [1]   7 -19 -33 -36 -39 -28 -21 -25 -29 -17 -15 -24 -31 -29 -28 -24 -23 -25
 [19] -24 -22 -23 -23 -27 -25 -25 -23 -24 -21 -21 -21 -23 -23 -22 -23 -21 -21
 [37] -23 -23 -25 -27 -27 -28 -28 -29 -32 -29 -27 -28 -27 -27 -27 -25 -26 -29
 [55] -29 -29 -28 -29 -28 -25 -26 -25 -26 -27 -29 -29 -29 -30 -29 -29 -30 -28
 [73] -29 -28 -28 -28 -29 -30 -29 -29 -29 -30 -30 -30 -30 -30 -31 -31 -30 -30
 [91] -30 -30 -30 -31 -31 -30 -30 -30 -30 -28


$streetWid
$streetWid[[1]]
  [1] 872.44913 -76.12321 409.40501 543.85274 365.79949 626.39963 570.47875
  [8] 539.36751 582.78431 632.40819 625.63464 678.45742 694.63806 764.54362
 [15] 660.87451 691.84223 693.90687 686.67506 698.20333 671.49320 674.94305
 [22] 620.51728 587.16411 590.26194 618.41342 587.61328 545.51328 571.70082
 [29] 597.98090 666.60025 634.10025 631.75273 671.07121 639.02584 630.66870
 [36] 611.48039 615.70896 670.73991 639.47087 650.11848 608.70658 629.89909
 [43] 656.89558 585.81463 573.77428 544.40761 480.05060 464.56726 472.86726
 [50] 410.54821 432.45060 433.34821 434.68155 412.98857 417.05523 416.90523
 [57] 461.51896 454.45523 463.19502 440.66168 448.82835 483.86168 472.09026
 [64] 487.27766 514.92133 524.81112 526.80467 496.42371 518.39990 539.66657
 [71] 512.19038 531.29038 557.66350 541.63437 531.80103 528.20103 520.03437
 [78] 517.36770 523.23437 526.70103 513.35398 527.66770 540.16770 550.66770
 [85] 513.46548 572.78143 545.14389 539.62428 564.09095 581.09095 569.75762
 [92] 574.56407 558.22428 588.48368 544.62428 548.29095 557.45762 569.59095
 [99] 557.05762 540.60206


$sidewalkWid
$sidewalkWid[[1]]
  [1] -175.99284435 -161.11085482  -49.32178063  -51.64545625  -86.42850140
  [6]  -98.95280335  -91.95756106  -66.86491705  -78.13349469  -74.78532747
 [11]  -60.28765758  -61.35302979  -30.64088414  -30.30401545  -30.21586314
 [16]  -28.13796916  -33.82131391  -18.87163765  -19.29087728  -19.38037276
 [21]  -16.60479022   -5.07474459   -4.23526046  -13.64175397   -3.87765677
 [26]  -16.08567118  -16.35233784  -21.60843028  -11.92219655   -0.06919068
 [31]  -14.67006788   -6.42876006  -10.75900099  -21.72889447  -16.61027975
 [36]  -10.64025811  -11.54354758  -13.36243286   -6.59865410  -16.15429319
 [41]  -12.77393605  -11.17580771   -4.37077134   -7.00855330   -5.00592172
 [46]   -7.43179891   -5.33245680   -4.62083400   -2.96995680  -10.96488162
 [51]  -10.71099690  -16.80325881  -18.63659214  -17.41005705  -13.99339039
 [56]  -20.56005705  -23.99829235  -15.76005705  -16.48935813  -31.33090518
 [61]  -26.10590518  -18.83102480  -20.64769146  -16.92342111  -11.77839322
 [66]  -18.73345187  -16.56994027  -18.80684503  -15.85327360  -14.11398789
 [71]  -18.15684503  -15.60521026   -8.31872186  -14.77631806  -16.82631806
 [76]  -16.14893711  -15.98227044  -13.53314763  -14.59981430  -15.83314763
 [81]  -14.51991234  -17.85727044  -22.03302801  -18.79893711  -17.49441878
 [86]  -15.97883907  -19.91203234  -20.40860097  -19.80860097  -17.25026764
 [91]  -19.59193430  -24.41365962  -25.50102521  -25.64209099  -29.04269188
 [96]  -26.30935855  -30.58435855  -29.87840617  -31.46261669  -28.94785061


$debris
$debris[[1]]
  [1] 0.13196411 0.08419188 0.12551179 0.16845643 0.18687094 0.18060714
  [7] 0.17425028 0.17110299 0.17525895 0.17508571 0.18095605 0.18021296
 [13] 0.18476226 0.18624721 0.18638453 0.17577312 0.17765133 0.17749398
 [19] 0.17351667 0.16958462 0.16425196 0.16368134 0.16111415 0.16212804
 [25] 0.15935959 0.15846958 0.16288920 0.16893294 0.16909785 0.17211756
 [31] 0.17701566 0.17723610 0.17625266 0.17882911 0.17517487 0.17854241
 [37] 0.17470709 0.17742182 0.17991420 0.18346979 0.17886932 0.17930814
 [43] 0.18255115 0.18261133 0.18703504 0.18131314 0.18208216 0.18252974
 [49] 0.18049043 0.18060772 0.18042184 0.18450034 0.18514395 0.18680532
 [55] 0.18443289 0.18544667 0.18513643 0.18476171 0.18530402 0.18365047
 [61] 0.18509063 0.18343063 0.18718610 0.18750793 0.18642215 0.19035085
 [67] 0.18561441 0.18578614 0.18858305 0.18866441 0.18714096 0.18413888
 [73] 0.18855351 0.18871885 0.18699167 0.18649913 0.18686085 0.18785202
 [79] 0.18507195 0.18609221 0.18432514 0.18395593 0.18367870 0.18579047
 [85] 0.18253832 0.18415624 0.18351645 0.18281227 0.18321896 0.18200928
 [91] 0.18663104 0.18959927 0.18682341 0.19186360 0.18665106 0.18869046
 [97] 0.18686957 0.18322954 0.18623004 0.18409055


$pavement
$pavement[[1]]
  [1] 0.084461575 0.004233793 0.069848035 0.083613886 0.097262179 0.077473253
  [7] 0.063265800 0.063316170 0.073071330 0.071548047 0.073775911 0.083607388
 [13] 0.091246774 0.088470391 0.096895738 0.092424181 0.088979128 0.095425286
 [19] 0.093059612 0.090646232 0.088981533 0.090149884 0.085946708 0.084985909
 [25] 0.086911085 0.080963467 0.086859384 0.087573866 0.089751503 0.092270784
 [31] 0.093246825 0.096117567 0.095487161 0.096812327 0.094884986 0.094860145
 [37] 0.094484648 0.092147734 0.092898933 0.094051850 0.094764789 0.099627879
 [43] 0.099373109 0.104962420 0.104970752 0.097755963 0.097156109 0.098407633
 [49] 0.097193424 0.095791874 0.094104095 0.096904990 0.097560301 0.100404618
 [55] 0.096320684 0.098025849 0.093074257 0.092646410 0.091888344 0.091242015
 [61] 0.092001471 0.092768538 0.092520115 0.092755109 0.093026851 0.094109971
 [67] 0.094516374 0.092468403 0.094579874 0.093485596 0.090864872 0.087426068
 [73] 0.092873951 0.091039215 0.089261774 0.089635462 0.089422669 0.092180776
 [79] 0.091290475 0.090909231 0.089127047 0.087814474 0.087579071 0.088019469
 [85] 0.084769948 0.089354079 0.089065028 0.087383609 0.088572989 0.088733397
 [91] 0.091130992 0.094130343 0.090900152 0.092882654 0.088882870 0.091357700
 [97] 0.088072359 0.085764771 0.087256610 0.088424673


$landscape
$landscape[[1]]
  [1] 0.10206180 0.05357396 0.08209561 0.13089791 0.13468521 0.11347156
  [7] 0.10680800 0.11372260 0.12231693 0.11677856 0.11918874 0.12578690
 [13] 0.13507315 0.13460409 0.14650683 0.14166110 0.13357313 0.12969909
 [19] 0.13125291 0.12819090 0.13183875 0.13476925 0.12820105 0.12396221
 [25] 0.12713730 0.11896803 0.12590077 0.12726577 0.13034885 0.13204687
 [31] 0.13495646 0.13468129 0.13812497 0.13540492 0.13414900 0.13595910
 [37] 0.13151388 0.13017452 0.12975767 0.13429273 0.13087904 0.13313739
 [43] 0.13903728 0.13799669 0.13987923 0.14035266 0.13868487 0.13937829
 [49] 0.13572591 0.13629555 0.13416937 0.13572005 0.13713016 0.13739366
 [55] 0.13722046 0.14079603 0.14069284 0.13599416 0.13616411 0.13344405
 [61] 0.13183452 0.13497965 0.13325726 0.13575262 0.13566848 0.13709401
 [67] 0.13541273 0.13401675 0.13480254 0.13454783 0.13297550 0.12964054
 [73] 0.13417185 0.13320413 0.13249906 0.13320539 0.13326642 0.13452951
 [79] 0.13404469 0.13441874 0.13144513 0.13258046 0.13264871 0.13407207
 [85] 0.13457220 0.13349747 0.13362603 0.13226322 0.13151890 0.13336133
 [91] 0.13491754 0.13659030 0.13434044 0.13871599 0.13607691 0.13509615
 [97] 0.13654112 0.13266326 0.13261078 0.13081824


$propStreetWall
$propStreetWall[[1]]
  [1] -0.03385938 -0.03608987 -0.04278498 -0.04414064 -0.04317677 -0.04530032
  [7] -0.04262963 -0.04229805 -0.04249814 -0.04100609 -0.04271600 -0.04254320
 [13] -0.04328212 -0.04505058 -0.04419965 -0.04227398 -0.04622518 -0.04548662
 [19] -0.04467871 -0.04499936 -0.04210666 -0.04237676 -0.04188633 -0.04436665
 [25] -0.04474081 -0.04448546 -0.04491045 -0.04440806 -0.04427521 -0.04390910
 [31] -0.04467835 -0.04371578 -0.04247326 -0.04412635 -0.04311949 -0.04388294
 [37] -0.04465727 -0.04427189 -0.04435267 -0.04383771 -0.04347914 -0.04365410
 [43] -0.04373532 -0.04108812 -0.04200997 -0.04184369 -0.04164788 -0.04230635
 [49] -0.04187534 -0.04100551 -0.04192367 -0.04192839 -0.04121446 -0.04135258
 [55] -0.04073182 -0.04059508 -0.04084776 -0.04101901 -0.04149223 -0.04234094
 [61] -0.04260688 -0.04252288 -0.04198649 -0.04133662 -0.04176357 -0.04139136
 [67] -0.04120296 -0.04108174 -0.04169107 -0.04211810 -0.04201322 -0.04299623
 [73] -0.04238794 -0.04327298 -0.04300148 -0.04215855 -0.04246723 -0.04233371
 [79] -0.04265537 -0.04182918 -0.04146280 -0.04267164 -0.04309464 -0.04364605
 [85] -0.04307658 -0.04321470 -0.04216036 -0.04301356 -0.04327445 -0.04243108
 [91] -0.04300077 -0.04268222 -0.04291063 -0.04237660 -0.04268702 -0.04295616
 [97] -0.04230284 -0.04284722 -0.04328102 -0.04355343


$propWind
$propWind[[1]]
  [1] 0.014419682 0.014322880 0.009851753 0.008326696 0.006186091 0.006893946
  [7] 0.007443424 0.004753966 0.006224230 0.005674059 0.005097519 0.004491213
 [13] 0.004742716 0.003787872 0.003285908 0.003440634 0.005742388 0.006973723
 [19] 0.005288743 0.005376874 0.003403020 0.002731910 0.005166017 0.005709772
 [25] 0.004824141 0.004464482 0.004737376 0.004502712 0.004438882 0.004341996
 [31] 0.004522883 0.004445967 0.003481128 0.004739643 0.003655436 0.004698336
 [37] 0.005559580 0.004802286 0.004787885 0.004439333 0.004789571 0.004767582
 [43] 0.004897596 0.004758967 0.005757254 0.006131945 0.006494645 0.006388236
 [49] 0.006332244 0.006575443 0.005950197 0.005992796 0.005792399 0.006148995
 [55] 0.005254355 0.005505387 0.005224301 0.006051666 0.006216737 0.006669772
 [61] 0.006847127 0.006234143 0.005880764 0.005626649 0.004867897 0.004543605
 [67] 0.004513509 0.004369932 0.005070578 0.004631072 0.004505533 0.004993730
 [73] 0.004553345 0.004594288 0.004637280 0.004374963 0.004781113 0.005088050
 [79] 0.005216395 0.004739258 0.004757503 0.005076758 0.005331677 0.005393138
 [85] 0.005240207 0.005027991 0.005119327 0.005418165 0.005571633 0.004901234
 [91] 0.004807448 0.005023794 0.005062472 0.004792226 0.005224977 0.005530804
 [97] 0.004841571 0.005043870 0.005174575 0.005436714


$longSight
$longSight[[1]]
  [1] 209.4580 194.3532 142.3673 147.1868 182.5498 183.5955 149.8965 134.1277
  [9] 128.7121 122.4985 126.9106 123.3439 121.8167 128.4348 126.8652 121.6652
 [17] 136.0981 139.6799 126.6037 127.1764 126.0502 122.6574 116.3907 121.2240
 [25] 116.1002 120.6351 124.4184 126.0946 123.9866 125.2961 130.3719 129.7885
 [33] 124.5461 133.5703 125.3370 121.4366 123.5628 125.1942 133.0275 130.0275
 [41] 120.6032 120.9866 125.6532 117.4381 121.7866 118.6199 115.1048 117.2866
 [49] 115.4532 120.2866 121.9532 125.8472 120.1805 119.1048 121.8643 122.3048
 [57] 118.9400 122.5310 119.9400 124.2734 125.4400 120.9400 124.5472 119.0472
 [65] 119.3805 117.7139 114.0472 112.5472 117.3654 111.8654 110.8654 118.5320
 [73] 112.8654 119.0320 120.0320 120.0320 121.0139 119.5139 119.0139 119.2139
 [81] 118.8805 116.1805 117.5734 117.5734 110.6805 113.1805 115.5734 113.9067
 [89] 115.4067 113.6067 113.8805 113.2139 113.3805 115.2139 112.5139 115.3139
 [97] 112.3805 113.4400 113.2400 112.5734


$propSkyAhead
$propSkyAhead[[1]]
  [1] 0.09147759 0.08341189 0.09489442 0.09361289 0.08967516 0.08489375
  [7] 0.09069773 0.08546112 0.08240304 0.08591743 0.08674960 0.08540184
 [13] 0.08573940 0.08415704 0.08264862 0.08701532 0.08696172 0.08965554
 [19] 0.09026802 0.08896931 0.09041963 0.09256688 0.09234574 0.09126561
 [25] 0.09042109 0.08786842 0.08920392 0.08943794 0.09041716 0.09091889
 [31] 0.08820831 0.08878796 0.09018506 0.08942687 0.09068537 0.08778775
 [37] 0.08830672 0.08885249 0.09029323 0.09110340 0.09330641 0.09316278
 [43] 0.09112965 0.09441951 0.09615120 0.09233980 0.09359490 0.09523961
 [49] 0.09629781 0.09403263 0.09345070 0.09316330 0.09461811 0.09572331
 [55] 0.09519203 0.09567885 0.09535050 0.09433054 0.09181604 0.09252381
 [61] 0.09241613 0.09176697 0.09117602 0.08976796 0.09240463 0.08955760
 [67] 0.09040634 0.09178433 0.09017962 0.09003575 0.08901268 0.09109054
 [73] 0.08970030 0.09069010 0.09052323 0.08983663 0.09053181 0.09155391
 [79] 0.09144474 0.09076201 0.09112216 0.09190909 0.09084041 0.09303416
 [85] 0.09038448 0.09145933 0.09007772 0.08989349 0.08967863 0.08892565
 [91] 0.08992232 0.08872308 0.08911823 0.08876929 0.08828879 0.08897416
 [97] 0.08852574 0.08911915 0.08947068 0.08931672


$propSkyAcross
$propSkyAcross[[1]]
  [1] 0.03462529 0.02103204 0.03634368 0.03379119 0.03369848 0.03547666
  [7] 0.04459678 0.04343500 0.03701485 0.03885486 0.04060649 0.03991735
 [13] 0.04031729 0.03747536 0.03855707 0.04232756 0.04353956 0.04150381
 [19] 0.04263940 0.04377467 0.04507258 0.04595410 0.04334750 0.04403436
 [25] 0.04306162 0.04201179 0.04311092 0.04495647 0.04579774 0.04620947
 [31] 0.04279419 0.04471608 0.04684480 0.04678469 0.04741553 0.04563039
 [37] 0.04549822 0.04586240 0.04624057 0.04641289 0.04937841 0.04978257
 [43] 0.04743211 0.04782086 0.04929218 0.04501722 0.04606936 0.04715883
 [49] 0.04911471 0.04676191 0.04688883 0.04608198 0.04785581 0.04743062
 [55] 0.04623637 0.04771879 0.04637323 0.04633885 0.04494815 0.04649286
 [61] 0.04597407 0.04484423 0.04296133 0.04231735 0.04405119 0.04269693
 [67] 0.04332330 0.04372996 0.04270508 0.04257438 0.04151210 0.04110453
 [73] 0.04080390 0.04070795 0.04063305 0.04055843 0.04128448 0.04215695
 [79] 0.04216585 0.04133512 0.04164972 0.04219062 0.04218010 0.04327227
 [85] 0.04020713 0.04228875 0.04138191 0.04010071 0.03978994 0.03921832
 [91] 0.03995886 0.03998424 0.04005119 0.04107019 0.03940078 0.04019912
 [97] 0.03968185 0.03983106 0.04023193 0.04007783


$buildHeight
$buildHeight[[1]]
  [1] -858.2808 -480.0807 -355.4342 -247.1841 -109.2899  632.7288  582.6089
  [8]  482.4967  558.9182  866.1318 1049.6525  775.2031  808.3906  774.6317
 [15]  677.0167  533.2443  714.8036  805.4983  626.6174  636.6507  617.6384
 [22]  477.2633  556.9997  555.5949  413.0527  525.2595  417.2364  622.6010
 [29]  629.0421  634.2666  642.9458  517.1703  519.2250  556.9912  637.3857
 [36]  584.0218  556.0369  623.2778  520.8780  524.4293  546.9402  557.3254
 [43]  579.6997  595.1442  637.9639  653.0623  686.4714  631.5136  595.2084
 [50]  651.7193  655.3826  653.2160  634.6435  643.3935  589.9680  579.7513
 [57]  565.9680  574.8847  585.8685  582.2417  519.6417  574.3326  703.3660
 [64]  698.9993  543.3660  539.5826  541.5251  549.2049  635.8417  616.1049
 [71]  622.7470  687.5970  673.3382  680.3382  684.5882  675.3382  680.3382
 [78]  640.4294  701.4461  691.4461  689.4461  682.0746  663.3746  675.8746
 [85]  653.1470  648.3137  649.0304  669.7804  674.2804  633.2216  651.0049
 [92]  658.4961  662.2549  651.0549  678.0637  693.2549  658.2192  645.9358
 [99]  664.8280  665.6137


$propActiveUse
$propActiveUse[[1]]
  [1] 0.001539737 0.008096022 0.008464158 0.015767546 0.013851821 0.013501168
  [7] 0.012088758 0.010900986 0.013145976 0.009413093 0.009241700 0.009076934
 [13] 0.013278323 0.011688446 0.009646111 0.010827418 0.008229254 0.007177909
 [19] 0.007786125 0.006769822 0.008150691 0.008173340 0.010876306 0.009370076
 [25] 0.009059784 0.008240965 0.008149708 0.009073718 0.010315229 0.010322815
 [31] 0.010157960 0.010076472 0.009667363 0.010655018 0.009799946 0.011919771
 [37] 0.011043292 0.011783670 0.011721904 0.012102637 0.011855621 0.012609340
 [43] 0.013063444 0.013262202 0.012125882 0.013285213 0.012334031 0.011276394
 [49] 0.011165457 0.012271508 0.011959627 0.011735073 0.012388391 0.011475520
 [55] 0.011482095 0.011159880 0.011550955 0.011418587 0.011096367 0.010712740
 [61] 0.010368908 0.010290501 0.010824920 0.011041279 0.010448394 0.010686489
 [67] 0.011142143 0.011295990 0.011183089 0.011231606 0.011140061 0.009908209
 [73] 0.011016783 0.010021891 0.010524764 0.010305519 0.010738486 0.010941832
 [79] 0.009916330 0.010431823 0.009914556 0.009363863 0.009312186 0.009313847
 [85] 0.009192201 0.009227134 0.010811089 0.010666465 0.010841733 0.010989975
 [91] 0.010912548 0.011508849 0.010686324 0.011578825 0.011880340 0.012276571
 [97] 0.011804687 0.011423448 0.011241268 0.011031568


$movCarsN
$movCarsN[[1]]
[1] 8804.795


$parkCarsN
$parkCarsN[[1]]
[1] 22714.58


$movCiclyN
$movCiclyN[[1]]
[1] 2662.119


$buildIdN
$buildIdN[[1]]
[1] 10307.54


$buildNRecN
$buildNRecN[[1]]
[1] 10367.03


$treeN
$treeN[[1]]
[1] 15723.24


$smallPlaN
$smallPlaN[[1]]
[1] 939.5333


$diffBuildN
$diffBuildN[[1]]
[1] 12321.84


$streeFurN
$streeFurN[[1]]
[1] 5737.34


$basColN
$basColN[[1]]
[1] 5094.668


$lighN
$lighN[[1]]
[1] 1985.973


$accenColN
$accenColN[[1]]
[1] 5897.676


$peopN
$peopN[[1]]
[1] 13767.32


$graffN
$graffN[[1]]
[1] 1152


$buildDiffAgesN
$buildDiffAgesN[[1]]
[1] 1760


$streetWidN
$streetWidN[[1]]
[1] 49113.32


$sidewalkWidN
$sidewalkWidN[[1]]
[1] 6385.188


$debrisN
$debrisN[[1]]
[1] 0.8615015


$pavementN
$pavementN[[1]]
[1] 0.837261


$landscapeN
$landscapeN[[1]]
[1] 0.8501494


$propStreetWallN
$propStreetWallN[[1]]
[1] 0.2187537


$propWindN
$propWindN[[1]]
[1] 0.12055


$longSightN
$longSightN[[1]]
[1] 4914.278


$propSkyAheadN
$propSkyAheadN[[1]]
[1] 0.3589732


$propSkyAcrossN
$propSkyAcrossN[[1]]
[1] 0.3581896


$buildHeightN
$buildHeightN[[1]]
[1] 63664.4


$propActiveUseN
$propActiveUseN[[1]]
[1] 0.248248


[1] ">>>> Cars"
feature realS lowerS higherS normS normS2
propSkyAhead 0.0904222994251975 0.0895328186548851 0.0913117801955099 0.251891523725016 0.251862132330088
debris 0.178927272701458 0.17454187218628 0.183312673216636 0.207692352214018 0.212802981771778
propStreetWall -0.042673732150891 -0.0431818745357351 -0.0421655897660469 -0.195076616721219 -0.194933845495657
landscape 0.131187726519284 0.127626026319045 0.134749426719523 0.154311386401209 0.157655499893635
propSkyAcross 0.0427568407862139 0.0414853207660967 0.0440283608063312 0.119369298372476 0.11934917517062
pavement 0.0896054555315656 0.0861314842135634 0.0930794268495678 0.107022127724109 0.109074811278019
peop 1038.76865892441 1027.83308579145 1049.70423205737 0.0754517541644708 0.0747532069991989
movCicly 157.84516620929 155.705601786743 159.984730631838 0.0592930459491282 0.0595598772402963
smallPla 50.4244509803922 49.1466874277012 51.7022145330831 0.0536696774785983 0.0544763566392996
streeFur 302.471302529968 297.628605385285 307.31399967465 0.0527197782697437 0.0530937537203778
parkCars 1183.92793484278 1171.65185219382 1196.20401749173 0.0521219399221894 0.051866980209162
propWind 0.00540322512986165 0.00489610566983013 0.00591034458989317 0.0448214541629102 0.0420876759232787
propActiveUse 0.0106681679378779 0.0101204922391677 0.0112158436365881 0.042973826421399 0.0438619639834975
buildId 442.683807017544 429.727698397207 455.639915637881 0.0429475621542732 0.0430283894891851
basCol -154.672492706124 -157.967914455873 -151.377070956375 -0.0303596825665713 -0.0303047795388915
graff 34.42 33.123825827805 35.716174172195 0.0298784722222222 0.0295138888888889
movCars 250.237988560855 235.974913142222 264.501063979488 0.0284206496650387 0.029109015919971
longSight 124.339344155844 119.3931048122 129.285583499489 0.0253016497338682 0.0245789006457684
buildNRec -246.83771595656 -256.834853574379 -236.84057833874 -0.0238098877484491 -0.0234707319585149
accenCol -116.129881868132 -120.763267333132 -111.496496403132 -0.0196907870809127 -0.0203198515428856
buildDiffAges -26.74 -28.3135198818812 -25.1664801181188 -0.0151931818181818 -0.0159090909090909
streetWid 555.426381900962 522.310482279643 588.542281522281 0.0113090783736771 0.0112772392856327
buildHeight 577.328465061159 499.697948584357 654.958981537961 0.00906830885182387 0.0099656168250925
tree -118.968844771241 -127.950849120654 -109.986840421829 -0.0075664317449687 -0.00780284510108764
ligh -10.7482521929822 -12.085724591374 -9.4107797945905 -0.00541208486937153 -0.00572446992530385
sidewalkWid -25.4639383179368 -34.1077497897438 -16.8201268461298 -0.0039879701399419 -0.0027141194380242
diffBuild 11.6158298689196 3.82700936418458 19.4046503736545 0.000942702275963372 0.000824502924575692
feature value norm
complexity 2355.61414442157 0.0216254001888912
humanScale 2349.7961962975 0.0226709431932372
imageability 1079.94225727927 0.0273150295583735
coherence 1032.94933468714 0.0301652881083284
linkage 930.003714617661 0.0148013417153262
legibility 567.023151173388 0.0372506796517103
enclosure 550.048629092582 0.00766759217299069
tidiness 337.29102298472 0.0489402859119424
transparency -25.4639383179368 -0.0039879701399419
     feature    value      norm
1 complexity 2355.614 0.0216254
         feature      realS      lowerS    higherS         normS        normS2
1        movCars  250.23799  235.974913  264.50106  0.0284206497  0.0291090159
2       parkCars 1183.92793 1171.651852 1196.20402  0.0521219399  0.0518669802
3       movCicly  157.84517  155.705602  159.98473  0.0592930459  0.0595598772
4      buildNRec -246.83772 -256.834854 -236.84058 -0.0238098877 -0.0234707320
5           tree -118.96884 -127.950849 -109.98684 -0.0075664317 -0.0078028451
6       smallPla   50.42445   49.146687   51.70221  0.0536696775  0.0544763566
7      diffBuild   11.61583    3.827009   19.40465  0.0009427023  0.0008245029
8       streeFur  302.47130  297.628605  307.31400  0.0527197783  0.0530937537
9         basCol -154.67249 -157.967914 -151.37707 -0.0303596826 -0.0303047795
10          ligh  -10.74825  -12.085725   -9.41078 -0.0054120849 -0.0057244699
11      accenCol -116.12988 -120.763267 -111.49650 -0.0196907871 -0.0203198515
12          peop 1038.76866 1027.833086 1049.70423  0.0754517542  0.0747532070
13         graff   34.42000   33.123826   35.71617  0.0298784722  0.0295138889
14 buildDiffAges  -26.74000  -28.313520  -25.16648 -0.0151931818 -0.0159090909
     feature    value       norm
1 humanScale 2349.796 0.02267094
       feature      realS     lowerS    higherS        normS       normS2
1      movCars  250.23799  235.97491  264.50106  0.028420650  0.029109016
2     movCicly  157.84517  155.70560  159.98473  0.059293046  0.059559877
3         tree -118.96884 -127.95085 -109.98684 -0.007566432 -0.007802845
4     smallPla   50.42445   49.14669   51.70221  0.053669677  0.054476357
5     streeFur  302.47130  297.62861  307.31400  0.052719778  0.053093754
6         ligh  -10.74825  -12.08572   -9.41078 -0.005412085 -0.005724470
7         peop 1038.76866 1027.83309 1049.70423  0.075451754  0.074753207
8    streetWid  555.42638  522.31048  588.54228  0.011309078  0.011277239
9  buildHeight  577.32847  499.69795  654.95898  0.009068309  0.009965617
10   longSight  124.33934  119.39310  129.28558  0.025301650  0.024578901
       feature    value       norm
1 imageability 1079.942 0.02731503
    feature     realS    lowerS   higherS       normS      normS2
1   buildId  442.6838  429.7277  455.6399  0.04294756  0.04302839
2 buildNRec -246.8377 -256.8349 -236.8406 -0.02380989 -0.02347073
3    basCol -154.6725 -157.9679 -151.3771 -0.03035968 -0.03030478
4      peop 1038.7687 1027.8331 1049.7042  0.07545175  0.07475321
    feature    value        norm
1 enclosure 550.0486 0.007667592
      feature      realS     lowerS    higherS        normS       normS2
1        tree -118.96884 -127.95085 -109.98684 -0.007566432 -0.007802845
2        ligh  -10.74825  -12.08572   -9.41078 -0.005412085 -0.005724470
3   streetWid  555.42638  522.31048  588.54228  0.011309078  0.011277239
4 buildHeight  577.32847  499.69795  654.95898  0.009068309  0.009965617
5   longSight  124.33934  119.39310  129.28558  0.025301650  0.024578901
    feature    value       norm
1 coherence 1032.949 0.03016529
        feature      realS     lowerS    higherS        normS       normS2
1      streeFur  302.47130  297.62861  307.31400  0.052719778  0.053093754
2        basCol -154.67249 -157.96791 -151.37707 -0.030359683 -0.030304780
3          ligh  -10.74825  -12.08572   -9.41078 -0.005412085 -0.005724470
4      accenCol -116.12988 -120.76327 -111.49650 -0.019690787 -0.020319852
5          peop 1038.76866 1027.83309 1049.70423  0.075451754  0.074753207
6 buildDiffAges  -26.74000  -28.31352  -25.16648 -0.015193182 -0.015909091
7   buildHeight  577.32847  499.69795  654.95898  0.009068309  0.009965617
  feature    value       norm
1 linkage 930.0037 0.01480134
    feature    realS   lowerS  higherS      normS     normS2
1   movCars 250.2380 235.9749 264.5011 0.02842065 0.02910902
2 streetWid 555.4264 522.3105 588.5423 0.01130908 0.01127724
3 longSight 124.3393 119.3931 129.2856 0.02530165 0.02457890
     feature    value       norm
1 legibility 567.0232 0.03725068
    feature    realS   lowerS  higherS      normS     normS2
1   buildId 442.6838 429.7277 455.6399 0.04294756 0.04302839
2 longSight 124.3393 119.3931 129.2856 0.02530165 0.02457890
       feature     value        norm
1 transparency -25.46394 -0.00398797
      feature     realS    lowerS   higherS        normS       normS2
1 sidewalkWid -25.46394 -34.10775 -16.82013 -0.003987970 -0.002714119
2 buildHeight 577.32847 499.69795 654.95898  0.009068309  0.009965617
   feature   value       norm
1 tidiness 337.291 0.04894029
    feature        realS       lowerS      higherS      normS     normS2
1  streeFur 302.47130253 297.62860539 307.31399967 0.05271978 0.05309375
2     graff  34.42000000  33.12382583  35.71617417 0.02987847 0.02951389
3    debris   0.17892727   0.17454187   0.18331267 0.20769235 0.21280298
4  pavement   0.08960546   0.08613148   0.09307943 0.10702213 0.10907481
5 landscape   0.13118773   0.12762603   0.13474943 0.15431139 0.15765550
