
Attaching package: ‘dplyr’

The following objects are masked from ‘package:stats’:

    filter, lag

The following objects are masked from ‘package:base’:

    intersect, setdiff, setequal, union


Attaching package: ‘reshape’

The following object is masked from ‘package:dplyr’:

    rename

There were 13 warnings (use warnings() to see them)
Version:  1.35.5
Date:     2015-07-26
Author:   Philip Leifeld (University of Konstanz)

Please cite the JSS article in your publications -- see citation("texreg").
[1] "################### Low x High income - Pleasantness"
[1] 0.1628591
[1] ">>>> Kendall Distance  0.162859120803046"
$movCars
$movCars[[1]]
  [1] 120.75238 164.34567 153.70639 171.93685 125.77617 102.04725  98.41399
  [8] 134.84201 123.30269  98.85546 109.49052 117.77911 103.71996  84.78781
 [15]  85.62297  73.31355  93.93656  90.98939  65.56301  73.10189  68.83773
 [22]  88.37705  84.51673  86.25348  89.37534  60.68991  65.79590  67.19074
 [29]  68.40630  66.21587  73.01074  93.64408 106.67912 109.22186 108.40439
 [36] 106.99328 103.83356  94.92325  88.27436  91.40015  87.34460  83.10070
 [43]  69.83825  77.89380  83.82714  70.55630  71.06107  73.35214  77.79023
 [50]  69.76999  81.88110  75.27634  73.21443  70.80948  62.47614  66.10868
 [57]  74.49757  76.24896  75.13090  63.39720  63.31387  66.64720  55.81387
 [64]  57.45276  53.11942  44.55799  48.05105  56.37327  58.37327  58.81771
 [71]  59.31771  61.88021  71.20069  73.26907  76.82462  74.98538  71.65205
 [78]  63.63923  62.42982  61.92982  57.98538  59.42982  58.87006  61.93256
 [85]  70.96034  62.09843  67.99593  66.87009  73.70342  63.41009  60.65399
 [92]  66.98732  61.01425  59.75816  59.17482  57.84149  57.75816  61.17482
 [99]  56.17482  59.60431


$parkCars
$parkCars[[1]]
  [1] 171.9875 187.4071 397.6091 401.8493 270.8069 299.4538 281.3791 313.2982
  [9] 267.7109 258.7891 259.4300 211.8562 191.7756 189.0990 227.3196 219.2330
 [17] 264.5278 217.1870 229.5218 209.0643 229.8032 241.1912 246.3850 225.8286
 [25] 240.1117 229.1942 218.7711 229.5204 229.3740 226.4512 221.6182 236.5367
 [33] 243.9623 273.6490 294.2664 283.9073 300.3772 301.9820 274.5864 288.0370
 [41] 293.6461 313.6822 303.8412 301.7697 311.0869 285.4508 298.5318 288.4591
 [49] 278.3734 272.7106 294.2662 303.6852 274.5995 284.1430 279.2541 285.6635
 [57] 290.6079 284.6718 271.5857 259.0436 272.6739 284.2850 283.5628 282.5628
 [65] 270.6739 272.4677 260.4260 278.9705 284.9705 276.5260 257.5260 283.5677
 [73] 284.2069 289.9547 299.3992 298.6356 285.6356 289.2253 268.1912 277.1912
 [81] 287.6356 276.7912 270.1237 270.8987 279.6209 283.8907 249.4002 261.0386
 [89] 269.2608 258.7097 257.5463 268.5574 268.6680 277.9046 262.4046 267.4046
 [97] 271.9046 266.4046 277.3137 262.3149


$movCicly
$movCicly[[1]]
  [1] 250.5189 183.4867 198.7094 227.6559 213.7341 216.0930 211.8525 222.0152
  [9] 207.7158 216.6557 218.2373 234.9616 234.7894 233.5017 232.3911 241.7919
 [17] 234.9109 240.0988 243.7257 237.5530 247.5660 243.0660 236.6517 234.4850
 [25] 241.8993 235.7350 240.7683 239.5863 239.0282 240.2282 243.1718 248.6282
 [33] 247.5718 247.0718 239.8528 246.2922 247.4028 244.6187 244.0521 241.7439
 [41] 240.9711 235.5809 237.8854 239.8854 240.3854 238.9687 241.6830 240.0521
 [49] 242.9664 242.2837 242.2837 247.7361 247.6504 246.1989 240.6989 244.8496
 [57] 247.1496 243.0329 241.9496 245.3638 243.1638 244.6638 245.3305 245.5305
 [65] 238.8305 241.1703 236.8869 237.0869 237.0869 234.8869 234.8869 236.1703
 [73] 235.8210 237.0646 236.5646 238.7986 233.7986 238.2986 238.2986 240.9986
 [81] 240.4986 238.7986 239.6153 243.8986 240.6986 246.8129 241.2296 239.4226
 [89] 239.9560 241.7226 244.1129 242.4462 237.6393 240.0296 243.0296 240.0296
 [97] 240.5296 243.5296 245.4568 242.0296


$buildId
$buildId[[1]]
  [1] -459.9084 -695.5091 -729.5117 -647.7652 -625.6025 -625.5372 -707.5086
  [8] -622.1380 -626.4993 -664.3938 -634.1911 -618.9269 -661.5054 -685.8348
 [15] -638.9038 -638.6800 -593.4713 -616.5451 -641.9261 -641.9023 -633.2432
 [22] -618.1935 -627.8816 -629.1673 -628.3840 -640.0245 -650.8549 -654.4168
 [29] -664.1160 -668.6493 -672.5065 -659.7287 -668.8665 -667.6443 -655.8610
 [36] -657.1467 -669.8610 -670.5277 -672.3277 -681.0634 -683.6665 -660.6665
 [43] -680.3427 -681.3110 -681.1523 -685.2634 -687.5594 -689.3427 -682.7499
 [50] -673.5594 -676.2261 -673.8832 -670.9094 -674.9689 -678.3023 -672.6356
 [57] -665.6832 -664.3499 -663.6832 -670.2332 -668.9475 -666.6142 -665.6142
 [64] -668.8372 -665.8372 -673.8689 -665.6467 -666.1705 -662.5038 -666.8372
 [71] -672.8372 -666.8372 -660.3610 -663.6943 -657.3610 -650.1705 -657.8372
 [78] -664.8205 -666.6300 -658.6300 -663.6300 -665.2967 -659.1634 -658.8300
 [85] -656.2110 -657.1470 -660.0136 -639.0136 -634.3470 -638.1470 -659.1470
 [92] -656.8136 -639.8136 -656.3374 -661.4327 -661.4327 -657.8136 -658.4327
 [99] -658.1470 -656.6708


$buildNRec
$buildNRec[[1]]
  [1] -271.5159 -424.1114 -345.0163 -320.4842 -250.5033 -306.6475 -387.6610
  [8] -337.4777 -381.2414 -413.9056 -370.9277 -380.5610 -397.0642 -419.1864
 [15] -385.6452 -363.5594 -327.1237 -382.0737 -374.1904 -374.4126 -366.3487
 [22] -371.4452 -369.2237 -361.2237 -359.8737 -355.2094 -370.0223 -369.1937
 [29] -352.8834 -360.7834 -369.9168 -363.6390 -375.6594 -378.6372 -360.6206
 [36] -368.4682 -375.4539 -372.5983 -350.3094 -370.3626 -368.2039 -348.7039
 [43] -374.8706 -371.6483 -369.5372 -373.1817 -373.3872 -384.6039 -383.5872
 [50] -370.3428 -383.8428 -365.1761 -365.8261 -360.8872 -368.8872 -362.7428
 [57] -358.9094 -358.9428 -361.7428 -368.3928 -368.3452 -366.3452 -367.3452
 [64] -368.6539 -371.6539 -372.0761 -368.3206 -371.6539 -369.6539 -368.6539
 [71] -366.6539 -367.1872 -367.3206 -374.4539 -373.9872 -375.9872 -377.6539
 [78] -370.0039 -368.3372 -376.6372 -383.6706 -384.3372 -377.3706 -376.5706
 [85] -378.3563 -380.2080 -379.0747 -358.7747 -356.6080 -352.7080 -372.2080
 [92] -373.7080 -354.0080 -374.8414 -371.7223 -374.7223 -379.5080 -376.8890
 [99] -377.8414 -372.1747


$tree
$tree[[1]]
  [1] -614.7680 -521.6230 -532.3956 -364.6833 -333.0672 -290.5471 -293.2569
  [8] -328.7039 -274.9618 -252.4363 -244.1132 -243.3466 -233.3985 -249.6387
 [15] -252.0216 -267.0632 -237.0725 -230.3721 -267.7665 -243.4611 -258.6444
 [22] -259.6194 -257.8111 -247.4111 -247.7278 -260.2278 -259.6106 -257.2366
 [29] -227.0856 -238.6773 -240.6606 -246.9690 -261.5773 -249.3356 -222.0523
 [36] -250.3856 -269.2773 -260.9940 -245.1023 -241.7116 -246.7533 -248.1121
 [43] -259.8866 -259.7690 -252.9356 -258.0606 -260.1273 -253.4356 -255.6440
 [50] -263.4106 -268.6440 -257.9440 -248.9440 -244.4616 -248.5116 -245.9351
 [57] -258.8018 -260.2018 -249.1851 -256.4018 -261.1518 -263.3351 -265.4851
 [64] -253.9851 -258.5351 -268.1185 -251.0685 -271.4351 -272.0351 -268.8685
 [71] -277.3685 -274.1185 -260.1185 -270.9351 -276.2018 -268.5851 -263.7851
 [78] -252.6018 -247.2685 -254.0685 -257.5033 -260.0101 -251.6518 -252.2283
 [85] -252.5616 -260.7283 -253.8283 -261.3538 -259.0538 -266.6038 -266.3866
 [92] -251.9449 -256.9038 -258.0449 -258.7449 -255.0949 -255.2949 -261.1949
 [99] -255.4949 -265.3783


$smallPla
$smallPla[[1]]
  [1] 61.10980 41.04706 43.14706 45.34706 39.28431 34.98235 28.81176 30.87255
  [9] 23.17255 31.13922 28.70784 29.64118 26.04314 24.07647 22.24118 22.84118
 [17] 18.77451 25.07451 27.17451 26.14510 27.94510 26.34510 30.87843 28.91176
 [25] 31.17843 28.54510 28.37843 28.71176 29.47843 30.27843 33.11176 30.27843
 [33] 30.31176 29.97843 26.87843 28.17843 29.47843 26.57843 28.57843 29.57843
 [41] 29.07843 29.07843 29.41176 29.41176 27.41176 27.41176 29.54510 28.74510
 [49] 28.74510 27.34510 27.54510 28.14510 28.14510 27.04510 24.91176 27.07647
 [57] 27.87647 27.07647 27.57647 27.70980 27.20980 27.54314 26.87647 24.87647
 [65] 24.74314 24.24314 23.74314 22.94314 22.94314 22.94314 23.94314 23.44314
 [73] 23.44314 25.94314 25.94314 22.24314 21.44314 24.74314 24.74314 24.74314
 [81] 25.47843 25.74314 23.04314 25.27843 24.47843 25.27843 25.94510 25.27843
 [89] 25.94510 26.44510 26.44510 26.44510 25.64510 25.64510 26.44510 25.14510
 [97] 25.14510 25.94510 25.94510 25.64510


$diffBuild
$diffBuild[[1]]
  [1]   4.9723746  41.3427210  71.7950110  97.4964450 116.1436539  84.6670787
  [7]   6.4607902  75.1304872  54.3251354  11.2524081  24.6584687  45.4494133
 [13]   8.5786341  -5.6837163   8.2714597  23.0520033  26.7362138   6.1498501
 [19]  -4.4510271   6.9831835   6.4498501  27.3968198  29.6468198  15.4831835
 [25]   5.1801532  -5.7633533   1.1468198   2.8134865 -13.2763403 -18.3596737
 [31] -17.7772175   6.7903263   8.3727825  12.1727825  18.7963869  11.9524121
 [37]  13.7471578  -0.9357352  -2.6506475   1.9521790  -1.1681913 -20.4181913
 [43] -25.3415920 -22.9249253 -21.6521981 -28.8415920 -38.7355314 -42.3355314
 [49] -38.0021981 -44.6095762 -38.9732126 -40.9269163 -45.2232126 -42.3725684
 [55] -47.0567790 -50.5102496 -38.8966132 -35.0632799 -32.6398792 -50.1929095
 [61] -51.3132799 -50.8308238 -43.8308238 -43.3308238 -47.5808238 -53.1111268
 [67] -38.4269163 -26.8966132 -16.9624027 -19.0760391 -20.5102496 -18.0760391
 [73] -10.4927057 -26.8141571 -21.6338541 -25.4974904 -29.4974904 -35.2474904
 [79] -38.7777935 -39.9277935 -39.2474904 -35.7777935 -34.0808238 -35.0808238
 [85] -28.9444601 -38.5808238 -30.6641571 -24.7171874 -31.9671874 -22.4671874
 [91] -27.9671874 -32.4671874 -22.0505207 -21.5505207 -21.3005207 -26.3005207
 [97] -34.0505207 -30.0505207 -35.6576636 -20.8838541


$streeFur
$streeFur[[1]]
  [1] -121.1754 -206.2424 -188.7016 -151.7490 -179.5843 -181.7080 -189.8677
  [8] -178.1556 -171.8077 -170.9858 -159.7704 -155.6222 -166.1651 -162.9427
 [15] -163.0266 -166.4190 -160.1825 -156.9842 -160.8291 -169.3934 -158.0753
 [22] -154.7310 -156.3502 -156.0046 -156.8606 -163.4234 -159.6890 -161.6362
 [29] -163.8454 -170.9746 -165.9687 -167.1486 -167.0608 -165.5868 -161.7367
 [36] -165.7862 -166.8796 -163.7326 -163.5492 -165.8697 -166.2983 -164.8054
 [43] -166.1417 -164.2640 -165.5806 -167.8088 -165.2995 -160.5405 -159.7905
 [50] -159.4274 -156.9946 -157.0003 -156.6102 -159.0871 -161.3329 -157.9502
 [57] -157.7949 -157.0145 -155.6336 -159.0306 -160.9009 -158.5271 -159.1271
 [64] -159.8148 -159.6796 -157.1249 -155.8507 -157.9985 -160.0223 -161.0608
 [71] -164.7897 -162.1536 -158.3572 -158.5411 -160.3858 -158.5122 -158.7295
 [78] -160.2221 -157.2252 -154.7417 -153.4412 -156.4082 -160.9065 -157.4065
 [85] -159.4288 -161.0568 -164.2544 -162.8615 -161.5449 -167.5595 -167.5310
 [92] -166.3782 -169.3648 -168.0645 -168.6639 -166.4931 -166.7788 -166.0925
 [99] -162.8782 -165.6034


$basCol
$basCol[[1]]
  [1]  -2.200305 -96.655768 -32.584973 -12.266475 -36.559458 -44.093668
  [7] -41.677371 -46.172107 -46.759489 -44.391068 -34.255643 -32.334590
 [13] -34.225819 -41.378450 -50.426696 -44.141608 -46.188976 -43.074941
 [19] -46.236345 -42.205643 -42.694240 -35.294240 -39.241608 -33.588976
 [25] -34.422310 -37.522310 -39.188976 -37.690731 -38.790731 -36.422310
 [31] -38.022310 -29.522310 -30.505643 -32.172310 -32.984810 -25.751476
 [37] -31.418143 -38.484810 -34.853231 -34.853231 -33.419898 -34.436564
 [43] -39.619898 -40.219898 -38.143456 -37.476790 -36.029421 -38.746088
 [49] -39.146088 -37.746088 -36.746088 -39.229421 -37.729421 -36.331176
 [55] -40.581176 -35.831176 -36.897842 -36.064509 -35.397842 -38.397842
 [61] -38.064509 -36.481176 -34.293676 -33.984152 -33.460342 -35.900819
 [67] -32.043676 -33.514854 -32.031520 -32.031520 -29.514854 -31.448187
 [73] -29.638663 -30.388663 -32.055330 -34.205330 -31.538663 -33.288663
 [79] -30.621996 -27.121996 -30.205330 -24.431520 -26.646433 -26.479766
 [85] -23.813099 -29.503575 -26.968488 -27.218488 -30.072654 -27.479766
 [91] -27.563099 -30.183933 -28.246433 -30.996433 -28.663099 -30.413099
 [97] -28.746433 -27.913099 -30.413099 -31.496433


$ligh
$ligh[[1]]
  [1] 54.72500 41.17588 68.99474 55.08114 45.11469 45.19978 43.49232 40.84496
  [9] 35.16842 35.25614 31.18092 28.11404 28.01250 26.35526 26.35197 27.61952
 [17] 24.56425 29.27368 34.44649 34.88509 32.24561 29.71228 37.94035 35.70175
 [25] 37.20175 33.66842 28.50175 30.63421 27.35088 26.03509 28.75175 26.83509
 [33] 30.09759 30.43092 29.88925 30.93925 30.85592 29.97259 30.45504 30.45504
 [41] 31.65504 30.53838 31.42171 31.47171 29.36645 27.86645 29.97171 28.22588
 [49] 27.09254 28.22588 27.89254 27.50921 28.00921 28.27500 25.77500 26.60833
 [57] 27.80833 26.80833 26.14167 25.80833 27.97500 27.14167 26.51667 26.85000
 [65] 25.85000 24.76667 27.68333 27.41140 28.04474 27.54474 26.57807 27.62807
 [73] 26.29474 25.54474 29.37807 28.66140 27.99474 28.24474 26.57807 26.07807
 [81] 28.82807 27.41140 25.84561 24.84561 25.17895 26.34561 24.36316 23.44649
 [89] 25.73816 24.67895 25.92895 26.18728 24.81228 25.56228 25.72895 25.97895
 [97] 25.81228 25.97895 26.97895 25.56228


$accenCol
$accenCol[[1]]
  [1] -21.007249 -24.156449 -14.974687   8.317476 -18.286471 -19.845243
  [7] -18.471617  -4.203195   5.436649  11.046298  28.847547  36.981319
 [13]  36.885266  26.924301  34.588775  39.544915  34.997547  27.403249
 [19]  23.908512  28.605880  30.450617  39.017284  22.736582  30.722547
 [25]  31.889213  25.122547  22.289213  18.799740  18.099740  22.722547
 [31]  10.289213  21.289213  10.597547   7.097547  10.764213  19.164213
 [37]  11.997547   7.264213  10.141406   2.074740   1.674740   9.574740
 [43]   4.474740   4.274740  15.089276  14.589276  13.536644   7.361644
 [49]   9.961644  16.361644  19.694978  15.711644  16.211644  18.288837
 [55]  19.038837  21.122171  22.722171  27.222171  26.722171  27.888837
 [61]  27.888837  29.138837  33.638837  37.376933  42.638837  47.626933
 [67]  51.388837  49.679564  52.329564  53.329564  52.679564  51.579564
 [73]  50.817660  40.734326  40.067660  47.417660  48.417660  39.667660
 [79]  42.167660  48.334326  41.250993  46.762898  47.969038  45.469038
 [85]  51.969038  48.207133  50.496607  50.496607  46.996607  47.219038
 [91]  46.219038  40.619038  43.119038  41.619038  40.619038  39.869038
 [97]  44.369038  44.869038  41.369038  43.119038


$peop
$peop[[1]]
  [1] -652.8493 -676.3790 -583.4455 -488.6629 -488.1179 -470.2948 -441.6625
  [8] -469.4063 -415.0077 -481.6715 -472.5124 -455.5642 -479.5663 -454.8010
 [15] -434.8508 -382.3969 -421.9581 -431.5067 -436.9838 -437.5281 -446.7130
 [22] -443.1913 -443.0281 -469.4908 -471.1170 -458.0889 -452.1100 -461.7822
 [29] -479.5846 -487.0300 -489.1285 -479.9015 -485.5320 -478.0142 -488.8237
 [36] -482.9154 -475.1654 -487.9434 -499.5483 -490.4406 -494.1740 -520.5644
 [43] -499.6795 -496.5795 -516.6776 -513.2512 -515.8103 -516.3109 -509.9797
 [50] -519.8399 -517.8156 -512.9544 -518.7260 -536.2791 -536.3513 -540.0066
 [57] -531.2359 -534.9859 -539.0653 -540.6671 -533.9810 -531.4405 -530.0482
 [64] -529.0673 -537.4411 -526.1889 -529.5522 -517.4096 -522.1873 -529.9778
 [71] -535.9112 -524.8873 -525.0207 -531.3679 -529.7457 -522.1179 -532.4207
 [78] -530.2728 -536.7117 -535.7784 -531.6450 -538.6895 -533.0673 -530.1804
 [85] -537.0077 -527.6613 -531.0963 -529.5407 -530.2391 -539.4836 -538.1058
 [92] -535.9058 -543.0907 -533.4907 -532.0264 -534.6336 -536.7129 -531.2486
 [99] -534.3836 -536.0296


$graff
$graff[[1]]
  [1]   4 -15 -10  -8 -13 -13 -19 -16 -20 -18 -19 -18 -18 -16 -16 -17 -16 -19
 [19] -18 -18 -18 -18 -18 -20 -20 -17 -18 -15 -14 -14 -17 -16 -15 -13 -14 -16
 [37] -13 -13 -15 -15 -15 -16 -17 -18 -17 -16 -17 -16 -16 -19 -18 -18 -19 -19
 [55] -17 -18 -17 -17 -16 -17 -18 -17 -17 -18 -16 -18 -17 -17 -17 -17 -17 -17
 [73] -18 -18 -18 -17 -17 -18 -19 -19 -18 -17 -17 -18 -18 -20 -20 -20 -20 -19
 [91] -19 -19 -19 -18 -19 -19 -19 -19 -19 -19


$buildDiffAges
$buildDiffAges[[1]]
  [1] -31 -47 -53 -66 -62 -73 -76 -69 -73 -75 -71 -67 -70 -65 -64 -68 -69 -67
 [19] -65 -63 -62 -62 -64 -65 -66 -66 -61 -59 -59 -58 -57 -61 -64 -65 -65 -66
 [37] -60 -61 -63 -65 -65 -63 -62 -63 -60 -63 -61 -61 -63 -66 -63 -62 -64 -62
 [55] -62 -62 -63 -63 -61 -60 -59 -59 -60 -61 -58 -56 -58 -60 -59 -57 -58 -58
 [73] -58 -58 -59 -58 -60 -61 -60 -59 -59 -59 -61 -60 -59 -60 -59 -61 -61 -62
 [91] -61 -61 -62 -61 -62 -62 -61 -61 -60 -61


$streetWid
$streetWid[[1]]
  [1] -1988.6627 -1332.5938 -1336.9455  -763.7771  -905.4513  -905.2172
  [7] -1026.5344  -946.6531  -926.4449  -940.5645  -852.0018  -733.2720
 [13]  -759.5869  -709.0935  -687.7299  -735.9393  -683.7153  -706.1510
 [19]  -780.5184  -783.1614  -657.0769  -668.2712  -710.6436  -707.6891
 [25]  -691.4145  -746.4214  -725.9174  -724.8806  -650.0321  -653.0821
 [31]  -704.4708  -626.4271  -665.6471  -665.4742  -609.1575  -651.8540
 [37]  -680.4637  -723.5909  -652.8742  -707.4318  -710.5020  -703.2914
 [43]  -749.1952  -743.5285  -724.0952  -729.1952  -678.7785  -705.9496
 [49]  -727.8934  -721.1163  -716.3496  -704.5768  -673.2434  -664.3768
 [55]  -729.0434  -678.0434  -666.1706  -669.5873  -670.4206  -724.3873
 [61]  -691.8040  -727.4706  -708.9373  -702.8540  -710.9373  -696.1373
 [67]  -635.4873  -678.3706  -637.1601  -624.0768  -685.2873  -632.1601
 [73]  -613.8268  -696.0268  -705.3601  -699.0706  -712.5706  -724.7278
 [79]  -697.8373  -700.5873  -718.2540  -735.8373  -757.1944  -733.1111
 [85]  -679.1944  -695.8683  -710.6683  -696.8349  -688.3849  -732.4516
 [91]  -732.7849  -751.0411  -765.4077  -782.5744  -800.2411  -793.0744
 [97]  -765.9077  -782.0744  -787.3507  -758.1839


$sidewalkWid
$sidewalkWid[[1]]
  [1] -247.4548 -160.9043 -156.9947 -101.8787 -115.3969 -100.8651  -83.9753
  [8] -100.5633 -108.5408 -111.1797 -101.8649 -117.1533 -119.0693 -134.3112
 [15] -129.7645 -134.1318 -133.1989 -131.9195 -130.7029 -129.6938 -131.7841
 [22] -131.8802 -128.5845 -121.1432 -122.7940 -126.5150 -123.4309 -127.5769
 [29] -125.5299 -121.2056 -120.6439 -120.8343 -116.2078 -108.6758 -120.9599
 [36] -114.7490 -116.7517 -117.6841 -124.4300 -119.0213 -124.0064 -122.9322
 [43] -120.4450 -113.4867 -120.3200 -116.3950 -120.4033 -123.0516 -125.8257
 [50] -121.8683 -121.5516 -127.9090 -124.1840 -123.0674 -128.2840 -131.0681
 [57] -140.6673 -138.6673 -141.3506 -140.2173 -143.9006 -136.5173 -137.0173
 [64] -133.3756 -136.9423 -142.2673 -146.2415 -144.3089 -142.5765 -143.4265
 [71] -142.4923 -141.9856 -140.8863 -133.8606 -131.3697 -137.2271 -139.3104
 [78] -142.9204 -139.6430 -137.0430 -137.7263 -137.5263 -141.0787 -139.5787
 [85] -136.6621 -135.3335 -135.8335 -132.9085 -132.2085 -134.9085 -136.2002
 [92] -132.7010 -135.6094 -138.6927 -136.1344 -137.2344 -136.8677 -137.3094
 [99] -139.7120 -135.0896


$debris
$debris[[1]]
  [1] 0.0370146936 0.0082825556 0.0520570136 0.0581680025 0.0402467053
  [6] 0.0362627049 0.0192406337 0.0236781611 0.0229727028 0.0347388798
 [11] 0.0294163397 0.0284477542 0.0255728974 0.0237514387 0.0264419054
 [16] 0.0201199974 0.0214265534 0.0185965745 0.0160551065 0.0106472909
 [21] 0.0160464886 0.0200070445 0.0143507010 0.0091339910 0.0091484623
 [26] 0.0007221224 0.0067681427 0.0102856516 0.0128959986 0.0037261317
 [31] 0.0087450559 0.0058544187 0.0111534253 0.0107394426 0.0204141026
 [36] 0.0171242454 0.0169254607 0.0203126660 0.0182586373 0.0139991625
 [41] 0.0135164474 0.0131668852 0.0104074293 0.0082256652 0.0110630138
 [46] 0.0119602319 0.0082442524 0.0131810796 0.0126921087 0.0128612359
 [51] 0.0152355505 0.0172563176 0.0154393970 0.0144846157 0.0149205289
 [56] 0.0183134264 0.0227246766 0.0232477729 0.0249993645 0.0203895372
 [61] 0.0204661954 0.0221828209 0.0203390996 0.0220419069 0.0260246008
 [66] 0.0204418480 0.0251338258 0.0238781676 0.0222463841 0.0204258583
 [71] 0.0179742909 0.0213715879 0.0236907414 0.0255422708 0.0265061638
 [76] 0.0316573593 0.0326580443 0.0260700281 0.0268893127 0.0285605776
 [81] 0.0296632374 0.0259229453 0.0224837951 0.0266554525 0.0265741009
 [86] 0.0236280845 0.0224346665 0.0215065183 0.0263740150 0.0211650292
 [91] 0.0231395152 0.0232908578 0.0173005181 0.0210368122 0.0173168479
 [96] 0.0183100824 0.0196176089 0.0215321183 0.0227943881 0.0205741236


$pavement
$pavement[[1]]
  [1] -0.044799815 -0.004308936  0.026575221  0.044256368  0.041421240
  [6]  0.038647826  0.049946983  0.055157110  0.055650155  0.067205863
 [11]  0.072825746  0.077142340  0.079349906  0.088855205  0.078222704
 [16]  0.070400316  0.069302226  0.072080341  0.066843167  0.068693154
 [21]  0.072538730  0.072756842  0.067686446  0.067979337  0.066401625
 [26]  0.064811804  0.073346280  0.074674825  0.071328241  0.072775348
 [31]  0.072397643  0.072002765  0.070667360  0.069113546  0.071963256
 [36]  0.071534951  0.065309651  0.061244547  0.058351862  0.058583782
 [41]  0.053157746  0.061717178  0.059735840  0.059990898  0.062308609
 [46]  0.065161309  0.060693356  0.060753368  0.057132051  0.060939781
 [51]  0.064680059  0.062941279  0.063343292  0.061165934  0.061250057
 [56]  0.065007322  0.062184944  0.064041566  0.066190743  0.063287688
 [61]  0.062343536  0.062879055  0.059653809  0.065042925  0.071719637
 [66]  0.069651391  0.070303743  0.068642202  0.069260818  0.069134513
 [71]  0.067903735  0.071784680  0.069455110  0.072131760  0.071246537
 [76]  0.074441233  0.073858656  0.066979142  0.069389255  0.075730797
 [81]  0.071931071  0.073125376  0.067423750  0.069701772  0.070361932
 [86]  0.069878206  0.069378260  0.064349801  0.069295483  0.064786138
 [91]  0.067058022  0.068080467  0.062863488  0.064550662  0.063308988
 [96]  0.063656085  0.067304008  0.069300505  0.071471640  0.065539509


$landscape
$landscape[[1]]
  [1]  0.0164628496  0.0167966282  0.0103915650  0.0075470053 -0.0046812403
  [6] -0.0075015673 -0.0121298938 -0.0147561581 -0.0058501891  0.0098156303
 [11]  0.0113468350  0.0078526737  0.0144076066  0.0174350803  0.0115542161
 [16]  0.0016419412  0.0037580259  0.0086927151  0.0060717877  0.0049347272
 [21]  0.0037666381  0.0060423322 -0.0005124553 -0.0012741764 -0.0023110559
 [26] -0.0063209142 -0.0008960582  0.0011776240 -0.0012376937 -0.0034877717
 [31] -0.0014322676 -0.0051040557 -0.0058437564 -0.0090908303 -0.0036473103
 [36] -0.0034059749 -0.0076711695 -0.0086597989 -0.0102669190 -0.0094403046
 [41] -0.0131882035 -0.0074756847 -0.0105042491 -0.0094857964 -0.0096363279
 [46] -0.0057708708 -0.0096924417 -0.0085496088 -0.0111633675 -0.0080233801
 [51] -0.0050634624 -0.0058300626 -0.0063683800 -0.0084522100 -0.0097191622
 [56] -0.0012279831 -0.0019945291 -0.0010088802  0.0017796332 -0.0004068160
 [61] -0.0035633888 -0.0010933957 -0.0032595770 -0.0002048629  0.0046625168
 [66]  0.0029017610  0.0010717057  0.0001694079 -0.0004879135 -0.0006142179
 [71] -0.0015170761  0.0013103521  0.0068763008  0.0069866297  0.0060771764
 [76]  0.0076268047  0.0085943032  0.0023247381  0.0050356474  0.0090393036
 [81]  0.0045087598  0.0044662978 -0.0004958198  0.0036329636  0.0021312758
 [86]  0.0019884084  0.0029305563 -0.0009639268  0.0027045035 -0.0031362848
 [91] -0.0010672153 -0.0004692607 -0.0055487430 -0.0035499476 -0.0055723229
 [96] -0.0051590866 -0.0019688965 -0.0019933197  0.0005181695 -0.0028855185


$propStreetWall
$propStreetWall[[1]]
  [1] 0.02589049 0.02028769 0.02554295 0.02675808 0.02599569 0.02428498
  [7] 0.03115496 0.02668304 0.02744916 0.03272961 0.03363269 0.03143770
 [13] 0.03468934 0.03660646 0.03581363 0.03323936 0.03320396 0.03272626
 [19] 0.03257148 0.03415708 0.03162416 0.03098342 0.03197024 0.03297916
 [25] 0.03091051 0.03438370 0.03366217 0.03476539 0.03483713 0.03458522
 [31] 0.03304634 0.03185043 0.03105237 0.03097964 0.03093303 0.03215859
 [37] 0.03154459 0.03096665 0.03292427 0.03246739 0.03202010 0.03162826
 [43] 0.03104005 0.03155846 0.03132990 0.03324127 0.03030599 0.03031889
 [49] 0.02976939 0.03060114 0.03063726 0.03181397 0.03111553 0.03162523
 [55] 0.03175787 0.03312637 0.03223060 0.03221076 0.03242554 0.03328310
 [61] 0.03263822 0.03348628 0.03377877 0.03593156 0.03634490 0.03652235
 [67] 0.03598084 0.03569207 0.03550062 0.03515525 0.03544401 0.03541201
 [73] 0.03603894 0.03493613 0.03526679 0.03623207 0.03750259 0.03596144
 [79] 0.03609187 0.03647308 0.03615567 0.03546668 0.03630735 0.03670703
 [85] 0.03557120 0.03593834 0.03624726 0.03583189 0.03541742 0.03565697
 [91] 0.03582652 0.03577393 0.03583723 0.03587698 0.03590180 0.03611094
 [97] 0.03616817 0.03576615 0.03593042 0.03499675


$propWind
$propWind[[1]]
  [1]  3.445485e-03  1.850040e-03  2.088124e-03  4.253973e-03  6.061445e-03
  [6]  3.635056e-03  2.171555e-03  5.934183e-03  4.357740e-03  1.878305e-03
 [11]  2.461024e-03  3.435420e-03  9.674261e-04  3.354414e-04  7.325595e-04
 [16]  1.957176e-03  2.195468e-03  2.142067e-03  1.229334e-03  1.176884e-03
 [21]  3.776335e-04  1.689480e-03  1.069157e-03  7.432113e-04  1.164092e-03
 [26]  1.170492e-06  8.612075e-06 -4.314986e-04 -6.103402e-04 -7.147229e-04
 [31] -3.937956e-04  1.763502e-03  1.794607e-03  2.444994e-03  2.035733e-03
 [36]  3.005865e-03  3.666538e-03  2.610757e-03  1.604144e-03  1.547131e-03
 [41]  2.056664e-03  1.711453e-03  1.888536e-03  1.902961e-03  2.283627e-03
 [46]  2.568611e-04  8.352709e-04  3.594287e-04  9.521910e-04  1.438222e-03
 [51]  1.781392e-03  1.957059e-03  1.982636e-03  2.040957e-03  1.224857e-03
 [56]  1.215202e-03  1.917377e-03  2.293603e-03  1.535859e-03  1.096725e-03
 [61]  1.883212e-03  1.907848e-03  1.600397e-03  1.270389e-03  2.432133e-04
 [66]  2.426178e-04  5.445686e-04  7.259344e-04  9.538688e-04  9.219878e-04
 [71]  5.935192e-04  6.705289e-04  7.432915e-04  9.384812e-04  1.101761e-03
 [76]  1.071262e-03  3.308595e-04  9.143960e-04  6.301734e-04  4.114455e-04
 [81]  6.281774e-04  1.026407e-03  1.180383e-03  7.881503e-04  1.191395e-03
 [86]  1.023992e-03  9.765748e-04  1.169037e-03  1.498449e-03  1.462301e-03
 [91]  1.258706e-03  1.872414e-03  1.629767e-03  1.540329e-03  1.571969e-03
 [96]  1.398193e-03  1.421384e-03  2.001449e-03  1.890749e-03  2.164225e-03


$longSight
$longSight[[1]]
  [1]  -76.11061 -152.22208  -10.10325  -25.60758  -51.88139  -46.80260
  [7]  -52.81926  -48.93745  -48.72078  -43.45411  -40.85563  -37.89048
 [13]  -45.20714  -53.56580  -36.29762  -35.63095  -42.67944  -39.09762
 [19]  -33.79762  -36.46429  -37.59459  -34.51277  -44.21277  -47.61277
 [25]  -42.76429  -49.61277  -56.96126  -56.25260  -55.95823  -53.45823
 [31]  -58.24307  -50.99156  -49.32792  -48.74307  -49.40974  -46.10974
 [37]  -46.34307  -50.80974  -48.07641  -53.84307  -53.00974  -55.37641
 [43]  -56.52792  -57.29459  -57.79459  -52.96126  -55.27944  -53.82792
 [49]  -49.37944  -54.57944  -54.07944  -48.66126  -51.54610  -57.87078
 [55]  -56.27078  -55.03745  -51.70411  -53.20411  -53.60411  -49.38896
 [61]  -51.32229  -49.83745  -50.30411  -46.63745  -47.53745  -49.17078
 [67]  -44.83745  -37.83745  -37.93745  -41.93745  -47.83745  -42.93745
 [73]  -42.43745  -47.03745  -46.03745  -41.93745  -41.87078  -52.53745
 [79]  -54.03745  -51.03745  -47.03745  -50.03745  -46.03745  -46.53745
 [85]  -48.37078  -45.87078  -44.87078  -45.53745  -45.73745  -51.53745
 [91]  -49.87078  -48.17078  -54.13745  -47.97078  -49.30411  -49.80411
 [97]  -48.47078  -46.30411  -45.63745  -49.97078


$propSkyAhead
$propSkyAhead[[1]]
  [1]  3.806370e-02 -1.222359e-02 -1.754010e-02 -6.940449e-03 -2.039215e-02
  [6] -1.475556e-02 -1.103827e-02 -7.888172e-03 -7.327148e-03 -4.149696e-03
 [11] -7.365245e-03 -7.867656e-03 -6.800531e-03 -9.644567e-03 -8.729488e-03
 [16] -7.029169e-03 -7.780925e-03 -6.512382e-03 -5.934374e-03 -4.802928e-03
 [21] -5.984345e-03 -3.407304e-03 -4.732451e-03 -6.572290e-03 -4.807447e-03
 [26] -2.226862e-03 -6.060181e-03 -6.417565e-03 -4.204122e-03 -5.878669e-03
 [31] -5.044209e-03 -4.881285e-03 -6.837078e-03 -5.511704e-03 -9.284291e-03
 [36] -5.988452e-03 -7.182135e-03 -5.495713e-03 -5.236295e-03 -4.141688e-03
 [41] -2.936272e-03 -3.462960e-03 -4.918668e-03 -5.605468e-03 -5.433180e-03
 [46] -6.439940e-03 -5.786634e-03 -5.920635e-03 -4.646198e-03 -3.087605e-03
 [51] -4.651183e-03 -4.038090e-03 -3.099718e-03 -1.649332e-03 -9.400173e-04
 [56] -2.234344e-03  2.383480e-04  9.814478e-04 -2.707353e-05  9.796436e-05
 [61] -6.351533e-04  1.957700e-03  2.365883e-03  1.028652e-03 -2.404812e-04
 [66] -9.915182e-04 -1.756521e-03 -3.765512e-03 -4.946486e-03 -5.070467e-03
 [71] -4.228082e-03 -6.812254e-03 -6.645963e-03 -3.802477e-03 -2.918927e-03
 [76] -2.096142e-03 -2.614140e-03  1.002142e-03 -1.437807e-03 -3.028960e-03
 [81] -1.439819e-03 -1.625375e-03  4.019444e-04 -1.351355e-03 -1.270010e-03
 [86] -1.382359e-03 -2.112906e-03 -1.307387e-04 -4.454847e-05  1.268916e-03
 [91]  5.257203e-04  4.839928e-04  1.666161e-03  7.067271e-04  1.956774e-04
 [96]  4.086332e-04  4.966636e-04  1.426552e-04 -8.108858e-04  3.209000e-05


$propSkyAcross
$propSkyAcross[[1]]
  [1] -0.02147602 -0.05552432 -0.06529616 -0.06123836 -0.06381345 -0.06105563
  [7] -0.06021231 -0.05606903 -0.05665027 -0.05880186 -0.06088106 -0.06345957
 [13] -0.06166667 -0.06471819 -0.06152700 -0.06358244 -0.06170520 -0.06157097
 [19] -0.06488891 -0.05981692 -0.06325286 -0.06314768 -0.06186545 -0.06129088
 [25] -0.05970832 -0.06091379 -0.06340203 -0.06503141 -0.06248856 -0.06131821
 [31] -0.06217165 -0.05941915 -0.06170621 -0.06282501 -0.06288844 -0.06332432
 [37] -0.06426534 -0.06349044 -0.06396307 -0.06264513 -0.05991598 -0.06016795
 [43] -0.06150831 -0.06255608 -0.06029754 -0.06254922 -0.05954021 -0.06066851
 [49] -0.06114851 -0.06064833 -0.06097270 -0.06085828 -0.05969151 -0.05805654
 [55] -0.05774604 -0.05783205 -0.05716098 -0.05659923 -0.05710040 -0.05717477
 [61] -0.05704685 -0.05511658 -0.05515539 -0.05644570 -0.05742068 -0.05635427
 [67] -0.05757499 -0.05930735 -0.05999058 -0.05904301 -0.05903546 -0.05994017
 [73] -0.05880343 -0.05859053 -0.05739624 -0.05554498 -0.05649222 -0.05435006
 [79] -0.05589618 -0.05731704 -0.05531136 -0.05468104 -0.05420608 -0.05627598
 [85] -0.05486203 -0.05561706 -0.05653450 -0.05528684 -0.05522020 -0.05408666
 [91] -0.05375164 -0.05481269 -0.05361350 -0.05511937 -0.05518325 -0.05494188
 [97] -0.05472432 -0.05518325 -0.05570742 -0.05687136


$buildHeight
$buildHeight[[1]]
  [1] 4355.609 4102.627 4704.951 3596.054 3480.707 3310.240 3190.526 3551.612
  [9] 3185.733 3138.724 2925.256 3073.993 2783.087 2718.961 2848.761 2718.302
 [17] 2906.113 2839.750 2854.333 2829.941 2780.114 2872.547 2846.797 2795.739
 [25] 2813.964 2706.647 2801.572 2936.912 2953.486 2862.727 2848.589 2925.864
 [33] 2975.531 2890.002 2912.419 2959.900 3013.600 3059.863 2976.605 2956.189
 [41] 2842.381 2851.681 2797.798 2818.539 2867.598 2827.978 2740.703 2792.370
 [49] 2815.037 2839.084 2856.084 3007.251 3009.668 3027.634 3009.959 2968.446
 [57] 2994.496 2900.746 2870.946 2872.754 2911.804 2872.929 2866.304 3008.246
 [65] 2988.571 2970.629 2992.821 2939.487 2934.748 2904.248 2990.248 3030.748
 [73] 3043.748 3071.487 3213.165 3266.165 3207.915 3128.821 3118.821 3147.331
 [81] 3079.040 2932.540 2941.506 3075.006 3055.506 3073.422 3057.752 2951.752
 [89] 2968.752 2925.422 2925.547 2968.589 2919.422 2957.422 2941.922 2942.922
 [97] 2946.422 2943.672 2947.672 2948.672


$propActiveUse
$propActiveUse[[1]]
  [1] -0.020377901 -0.018018753 -0.003050306  0.011801615  0.015535405
  [6]  0.014266127  0.012579897  0.009334784  0.008999515  0.006443891
 [11]  0.006774939  0.006180419  0.005647565  0.006817581  0.007732249
 [16]  0.009553276  0.011952032  0.009452248  0.009725655  0.010698584
 [21]  0.009185566  0.008798855  0.008360177  0.008642420  0.007673149
 [26]  0.008140508  0.008456885  0.008215503  0.009566048  0.008724985
 [31]  0.008784513  0.008770747  0.009683490  0.010720051  0.012410292
 [36]  0.011779563  0.011937631  0.011743459  0.011058719  0.012159333
 [41]  0.012498012  0.011007613  0.010551160  0.010934274  0.011476707
 [46]  0.011146297  0.010856268  0.010191078  0.009906365  0.010408180
 [51]  0.009965196  0.010437337  0.010682411  0.010221053  0.008921981
 [56]  0.010751457  0.009703685  0.009429446  0.009369042  0.008840529
 [61]  0.008645201  0.010008475  0.010343039  0.010821377  0.009157753
 [66]  0.007891065  0.007988115  0.006699652  0.006337258  0.006201891
 [71]  0.005846729  0.006015598  0.007253475  0.006969138  0.006786245
 [76]  0.007263858  0.007577548  0.009267524  0.009660487  0.008173049
 [81]  0.008894747  0.008796948  0.009355637  0.009369364  0.008450726
 [86]  0.008080157  0.008559839  0.009643139  0.009238889  0.009186664
 [91]  0.009012660  0.009557775  0.010072437  0.009284947  0.009970784
 [96]  0.010069148  0.008889888  0.008765705  0.009095235  0.008685147


$movCarsN
$movCarsN[[1]]
[1] 8804.795


$parkCarsN
$parkCarsN[[1]]
[1] 22714.58


$movCiclyN
$movCiclyN[[1]]
[1] 2662.119


$buildIdN
$buildIdN[[1]]
[1] 10307.54


$buildNRecN
$buildNRecN[[1]]
[1] 10367.03


$treeN
$treeN[[1]]
[1] 15723.24


$smallPlaN
$smallPlaN[[1]]
[1] 939.5333


$diffBuildN
$diffBuildN[[1]]
[1] 12321.84


$streeFurN
$streeFurN[[1]]
[1] 5737.34


$basColN
$basColN[[1]]
[1] 5094.668


$lighN
$lighN[[1]]
[1] 1985.973


$accenColN
$accenColN[[1]]
[1] 5897.676


$peopN
$peopN[[1]]
[1] 13767.32


$graffN
$graffN[[1]]
[1] 1152


$buildDiffAgesN
$buildDiffAgesN[[1]]
[1] 1760


$streetWidN
$streetWidN[[1]]
[1] 49113.32


$sidewalkWidN
$sidewalkWidN[[1]]
[1] 6385.188


$debrisN
$debrisN[[1]]
[1] 0.8615015


$pavementN
$pavementN[[1]]
[1] 0.837261


$landscapeN
$landscapeN[[1]]
[1] 0.8501494


$propStreetWallN
$propStreetWallN[[1]]
[1] 0.2187537


$propWindN
$propWindN[[1]]
[1] 0.12055


$longSightN
$longSightN[[1]]
[1] 4914.278


$propSkyAheadN
$propSkyAheadN[[1]]
[1] 0.3589732


$propSkyAcrossN
$propSkyAcrossN[[1]]
[1] 0.3581896


$buildHeightN
$buildHeightN[[1]]
[1] 63664.4


$propActiveUseN
$propActiveUseN[[1]]
[1] 0.248248


[1] ">>>> Cars"
feature realS lowerS higherS normS normS2
propSkyAcross -0.0587407760022607 -0.0602760729567048 -0.0572054790478167 -0.163993529182948 -0.165731366238843
propStreetWall 0.0331339716956743 0.0321704778342702 0.0340974655570784 0.151467021306544 0.152053133051405
movCicly 238.042176695952 234.824923496266 241.259429895637 0.0894182955336704 0.090268990495613
pavement 0.0641953668042424 0.059386557455312 0.0690041761531727 0.0766730630926756 0.080327322135033
buildId -657.711103592316 -666.562197220922 -648.860009963709 -0.0638087231864057 -0.0642252660380301
buildHeight 3008.26702199888 2917.35501703415 3099.17902696361 0.0472519477475484 0.046258932992944
peop -507.314352147853 -520.734041147906 -493.894663147801 -0.0368491650701152 -0.037785281557534
buildNRec -367.748233082707 -374.56175450864 -360.934711656773 -0.0354728778600865 -0.0357076903021912
buildDiffAges -61.81 -63.4431186242972 -60.1768813757028 -0.0351193181818182 -0.0346590909090909
propActiveUse 0.00866046118382953 0.00724744167634515 0.0100734806913139 0.034886323294718 0.0372740360876957
smallPla 27.7258823529412 26.0960969798228 29.3556677260596 0.0295102700130646 0.0286969751357579
streeFur -162.911088145308 -165.673255606639 -160.148920683977 -0.0283948803501858 -0.0281382838490312
debris 0.0203750060025626 0.0176123998626802 0.0231376121424451 0.0236505752262131 0.02371888285572
sidewalkWid -130.382938285308 -135.681158606946 -125.084717963671 -0.0204195933145753 -0.02065716616173
tree -268.130550653594 -285.134959277381 -251.126142029808 -0.017053132811051 -0.0164121853365018
streetWid -747.637086349974 -799.745920094369 -695.528252605578 -0.0152226949963409 -0.0144680262016682
ligh 29.9798114035087 27.8368863556475 32.12273645137 0.0150957830882941 0.0140655375117255
graff -16.91 -17.8318387179785 -15.9881612820215 -0.0146788194444444 -0.0147569444444444
propWind 0.00151809666749719 0.00116371286550424 0.00187248046949015 0.0125930899715878 0.0118606679049532
parkCars 268.683764549669 257.825808903128 279.541720196211 0.0118286921203404 0.0120051638241204
propSkyAhead -0.00358587665664296 -0.00538024760846539 -0.00179150570482053 -0.00998926084244276 -0.0113933001966858
longSight -49.0266385281386 -53.0517474699816 -45.0015295862955 -0.00997636624263652 -0.00993844026803252
movCars 78.8094975347969 71.4135148604011 86.2054802091928 0.0089507477765291 0.00811221285406783
basCol -34.8852764844805 -37.7322161467469 -32.038336822214 -0.00684740965756719 -0.00672755550392445
accenCol 26.9614311740891 20.9987636962418 32.9240986519364 0.00457153483759253 0.00478957455582038
diffBuild -11.5105805521709 -21.931338380093 -1.08982272424884 -0.000934160590043192 -0.00175235040772495
landscape -0.000556006543319248 -0.00269499350180763 0.00158298041516913 -0.000654010423262613 -0.00122101808744987
feature value norm
imageability -1567.65896530736 -0.0396508708555391
humanScale -1360.46234783767 -0.0131258041241893
enclosure -1034.8144641282 -0.0144251523701397
complexity -761.017517355156 -0.00698641940257276
linkage -717.854227343315 -0.0114249067543435
coherence -709.979474200044 -0.0207335777961758
legibility -706.737742120454 -0.0464292528003884
tidiness -179.737073779044 -0.0260795075477618
transparency -130.382938285308 -0.0204195933145753
     feature     value         norm
1 complexity -761.0175 -0.006986419
         feature      realS     lowerS     higherS         normS       normS2
1        movCars   78.80950   71.41351   86.205480  0.0089507478  0.008112213
2       parkCars  268.68376  257.82581  279.541720  0.0118286921  0.012005164
3       movCicly  238.04218  234.82492  241.259430  0.0894182955  0.090268990
4      buildNRec -367.74823 -374.56175 -360.934712 -0.0354728779 -0.035707690
5           tree -268.13055 -285.13496 -251.126142 -0.0170531328 -0.016412185
6       smallPla   27.72588   26.09610   29.355668  0.0295102700  0.028696975
7      diffBuild  -11.51058  -21.93134   -1.089823 -0.0009341606 -0.001752350
8       streeFur -162.91109 -165.67326 -160.148921 -0.0283948804 -0.028138284
9         basCol  -34.88528  -37.73222  -32.038337 -0.0068474097 -0.006727556
10          ligh   29.97981   27.83689   32.122736  0.0150957831  0.014065538
11      accenCol   26.96143   20.99876   32.924099  0.0045715348  0.004789575
12          peop -507.31435 -520.73404 -493.894663 -0.0368491651 -0.037785282
13         graff  -16.91000  -17.83184  -15.988161 -0.0146788194 -0.014756944
14 buildDiffAges  -61.81000  -63.44312  -60.176881 -0.0351193182 -0.034659091
     feature     value       norm
1 humanScale -1360.462 -0.0131258
       feature      realS     lowerS    higherS        normS       normS2
1      movCars   78.80950   71.41351   86.20548  0.008950748  0.008112213
2     movCicly  238.04218  234.82492  241.25943  0.089418296  0.090268990
3         tree -268.13055 -285.13496 -251.12614 -0.017053133 -0.016412185
4     smallPla   27.72588   26.09610   29.35567  0.029510270  0.028696975
5     streeFur -162.91109 -165.67326 -160.14892 -0.028394880 -0.028138284
6         ligh   29.97981   27.83689   32.12274  0.015095783  0.014065538
7         peop -507.31435 -520.73404 -493.89466 -0.036849165 -0.037785282
8    streetWid -747.63709 -799.74592 -695.52825 -0.015222695 -0.014468026
9  buildHeight 3008.26702 2917.35502 3099.17903  0.047251948  0.046258933
10   longSight  -49.02664  -53.05175  -45.00153 -0.009976366 -0.009938440
       feature     value        norm
1 imageability -1567.659 -0.03965087
    feature      realS     lowerS    higherS       normS       normS2
1   buildId -657.71110 -666.56220 -648.86001 -0.06380872 -0.064225266
2 buildNRec -367.74823 -374.56175 -360.93471 -0.03547288 -0.035707690
3    basCol  -34.88528  -37.73222  -32.03834 -0.00684741 -0.006727556
4      peop -507.31435 -520.73404 -493.89466 -0.03684917 -0.037785282
    feature     value        norm
1 enclosure -1034.814 -0.01442515
      feature      realS     lowerS    higherS        normS      normS2
1        tree -268.13055 -285.13496 -251.12614 -0.017053133 -0.01641219
2        ligh   29.97981   27.83689   32.12274  0.015095783  0.01406554
3   streetWid -747.63709 -799.74592 -695.52825 -0.015222695 -0.01446803
4 buildHeight 3008.26702 2917.35502 3099.17903  0.047251948  0.04625893
5   longSight  -49.02664  -53.05175  -45.00153 -0.009976366 -0.00993844
    feature     value        norm
1 coherence -709.9795 -0.02073358
        feature      realS     lowerS    higherS        normS       normS2
1      streeFur -162.91109 -165.67326 -160.14892 -0.028394880 -0.028138284
2        basCol  -34.88528  -37.73222  -32.03834 -0.006847410 -0.006727556
3          ligh   29.97981   27.83689   32.12274  0.015095783  0.014065538
4      accenCol   26.96143   20.99876   32.92410  0.004571535  0.004789575
5          peop -507.31435 -520.73404 -493.89466 -0.036849165 -0.037785282
6 buildDiffAges  -61.81000  -63.44312  -60.17688 -0.035119318 -0.034659091
7   buildHeight 3008.26702 2917.35502 3099.17903  0.047251948  0.046258933
  feature     value        norm
1 linkage -717.8542 -0.01142491
    feature      realS     lowerS    higherS        normS       normS2
1   movCars   78.80950   71.41351   86.20548  0.008950748  0.008112213
2 streetWid -747.63709 -799.74592 -695.52825 -0.015222695 -0.014468026
3 longSight  -49.02664  -53.05175  -45.00153 -0.009976366 -0.009938440
     feature     value        norm
1 legibility -706.7377 -0.04642925
    feature      realS     lowerS    higherS        normS      normS2
1   buildId -657.71110 -666.56220 -648.86001 -0.063808723 -0.06422527
2 longSight  -49.02664  -53.05175  -45.00153 -0.009976366 -0.00993844
       feature     value        norm
1 transparency -130.3829 -0.02041959
      feature     realS    lowerS   higherS       normS      normS2
1 sidewalkWid -130.3829 -135.6812 -125.0847 -0.02041959 -0.02065717
2 buildHeight 3008.2670 2917.3550 3099.1790  0.04725195  0.04625893
   feature     value        norm
1 tidiness -179.7371 -0.02607951
    feature         realS        lowerS       higherS         normS
1  streeFur -1.629111e+02 -1.656733e+02 -160.14892068 -0.0283948804
2     graff -1.691000e+01 -1.783184e+01  -15.98816128 -0.0146788194
3    debris  2.037501e-02  1.761240e-02    0.02313761  0.0236505752
4  pavement  6.419537e-02  5.938656e-02    0.06900418  0.0766730631
5 landscape -5.560065e-04 -2.694994e-03    0.00158298 -0.0006540104
        normS2
1 -0.028138284
2 -0.014756944
3  0.023718883
4  0.080327322
5 -0.001221018
[1] "################### Low x High income - Safety"
[1] 0.2011076
[1] ">>>> Kendall Distance  0.201107649705781"
$movCars
$movCars[[1]]
  [1] -284.2713 -327.0974 -336.6997 -332.2562 -343.4441 -370.3870 -431.1192
  [8] -467.7566 -470.0505 -512.8603 -505.7142 -480.1522 -464.7060 -461.8495
 [15] -480.8137 -503.9554 -489.7787 -486.0281 -481.1031 -480.7115 -478.1583
 [22] -476.8522 -473.7205 -471.9742 -481.3056 -491.4319 -476.6077 -479.5902
 [29] -494.3728 -493.2957 -501.4513 -500.7868 -499.8034 -500.2584 -500.1936
 [36] -503.2110 -498.6148 -486.6872 -489.6820 -494.9475 -491.9820 -489.9820
 [43] -494.0031 -496.9123 -498.5661 -500.6100 -497.2736 -493.1145 -495.2665
 [50] -494.1155 -493.1897 -498.3290 -491.9299 -489.3820 -491.7323 -496.1732
 [57] -496.6860 -495.4575 -496.7014 -491.4230 -494.4377 -493.4377 -497.4377
 [64] -496.2588 -488.3080 -492.3330 -493.5769 -496.0833 -485.3458 -482.5897
 [71] -482.6325 -483.3611 -494.9442 -488.8272 -490.5336 -485.4583 -487.0207
 [78] -488.4593 -494.9970 -498.6917 -496.0261 -494.9765 -496.8098 -493.8098
 [85] -484.1418 -484.6707 -485.2204 -481.2204 -483.1659 -495.9932 -498.4932
 [92] -497.3762 -496.3540 -500.3762 -496.7915 -505.7915 -501.2081 -506.5863
 [99] -508.4012 -498.6697


$parkCars
$parkCars[[1]]
  [1]  -930.5960 -1101.2474 -1088.2843  -817.0812  -774.4106  -691.8659
  [7]  -722.4610  -799.9781  -797.0950  -865.2578  -779.5174  -745.1695
 [13]  -722.4692  -771.8400  -751.4823  -770.9944  -829.9412  -798.2782
 [19]  -802.5403  -757.9962  -755.6648  -767.3621  -782.6466  -740.0392
 [25]  -736.1323  -761.3705  -733.8034  -735.0288  -735.2764  -732.7379
 [31]  -756.7776  -809.8653  -766.4906  -790.5370  -778.9980  -755.8418
 [37]  -730.7605  -741.2817  -715.6950  -720.1575  -728.0121  -706.2874
 [43]  -741.4055  -751.0664  -750.0278  -748.7498  -724.2888  -727.7218
 [49]  -732.4364  -748.1570  -728.9842  -731.9089  -749.0433  -761.1172
 [55]  -754.6906  -750.7917  -756.9840  -762.3316  -772.0397  -783.1374
 [61]  -780.7561  -771.2561  -768.3108  -772.9790  -772.8885  -772.8410
 [67]  -784.8998  -816.4248  -793.8166  -782.5318  -788.8174  -815.9934
 [73]  -834.6731  -837.6613  -835.8748  -846.8353  -851.4751  -853.2699
 [79]  -849.1025  -798.8829  -790.3749  -811.5970  -795.2637  -797.0273
 [85]  -825.9042  -797.7861  -818.2867  -787.0084  -799.5536  -785.9118
 [91]  -775.0785  -800.2593  -789.2371  -776.0230  -771.7924  -778.0368
 [97]  -785.2035  -781.3915  -777.4488  -773.7249


$movCicly
$movCicly[[1]]
  [1] -55.47724 -49.51694 -86.16062 -62.69939 -41.00956 -49.62903 -35.36268
  [8] -38.08432 -38.86175 -47.01646 -51.64748 -62.80688 -58.44120 -56.74428
 [15] -58.98731 -60.93484 -59.14433 -58.17897 -57.49967 -51.24139 -51.03267
 [22] -51.16296 -48.48366 -48.35436 -47.55759 -53.04138 -37.91509 -38.82937
 [29] -40.74366 -41.64688 -53.04688 -51.21593 -51.85749 -53.45799 -56.26860
 [36] -59.55431 -52.51920 -47.59455 -47.09455 -45.46072 -49.98849 -48.32183
 [43] -46.18799 -44.29775 -44.61513 -44.50986 -43.73154 -40.69487 -44.08108
 [50] -43.99654 -47.89846 -44.66442 -45.74775 -42.82154 -44.77104 -47.11392
 [57] -45.35751 -45.27179 -47.66203 -49.05228 -49.33273 -53.53273 -50.53273
 [64] -59.04773 -57.52201 -55.48511 -56.87536 -60.21729 -55.72870 -57.11895
 [71] -56.48298 -60.09420 -58.43446 -58.60753 -55.69325 -54.36632 -55.34396
 [78] -55.79133 -56.65087 -51.50799 -54.70536 -55.30465 -52.63798 -53.63798
 [85] -58.62894 -56.99419 -57.39490 -55.39490 -55.51227 -59.19251 -58.19251
 [92] -61.42656 -59.42656 -59.42656 -58.34322 -56.34322 -52.67656 -51.67656
 [99] -51.86357 -49.67656


$buildId
$buildId[[1]]
  [1] -173.95535 -296.71249 -350.48546 -190.48814 -297.01140 -158.80163
  [7] -185.75485 -159.38338 -188.91249 -212.08367 -182.12389 -151.31040
 [13] -124.29612  -91.70986  -61.97627  -32.81834  -96.58977  -58.24056
 [19]  -56.05881  -72.29373  -50.70698  -61.51675  -70.54348  -73.47444
 [25]  -64.50221  -64.74983  -83.97494  -83.67494  -93.73208  -93.20827
 [31]  -88.95827  -62.70272  -70.99795  -48.91462  -37.34319  -28.89319
 [37]  -37.94081  -62.51224  -65.98843  -72.98843  -68.27414  -52.27414
 [43]  -42.94081  -40.46462  -43.79795  -46.79795  -54.68129  -47.01462
 [49]  -37.89795  -55.61725  -49.28392  -47.95058  -23.47439  -55.80773
 [55]  -33.47439  -24.14106  -18.14106  -24.59106  -23.92439  -26.59106
 [61]  -31.04106  -25.37439  -31.32176  -28.10510  -18.67627  -20.81913
 [67]  -42.87469  -43.87469  -18.81913  -15.81913  -15.81913  -19.65510
 [73]  -41.87469  -43.20802  -47.94850  -42.28183  -45.47732  -48.47732
 [79]  -71.28684  -72.28684  -71.23421  -67.56754  -67.56754  -67.56754
 [85]  -70.42469  -58.56754  -66.95351  -69.90088  -46.23421  -43.96992
 [91]  -43.96992  -49.30326  -48.30326  -50.30326  -48.24770  -70.30326
 [97]  -76.73684  -75.68922  -81.32970  -77.07018


$buildNRec
$buildNRec[[1]]
  [1] -603.2525 -571.0985 -590.6760 -607.0495 -673.4846 -485.4543 -595.1212
  [8] -536.5185 -579.8589 -624.9706 -607.2768 -562.3879 -533.1466 -541.0206
 [15] -525.1799 -511.6601 -561.3625 -525.2673 -524.7228 -548.9307 -529.0909
 [22] -535.9839 -545.5988 -569.3425 -562.6647 -562.7338 -593.1785 -595.2619
 [29] -594.1563 -587.5452 -563.8119 -556.7952 -556.8484 -529.5817 -521.9849
 [36] -502.1904 -519.9206 -563.1841 -564.2674 -568.6008 -564.0650 -543.6206
 [43] -537.2873 -539.3150 -532.5150 -533.6817 -543.4650 -541.6650 -519.7039
 [50] -539.2946 -537.6279 -540.4279 -523.7612 -547.1279 -533.5946 -525.4835
 [57] -516.1723 -514.7223 -510.7223 -524.8335 -526.1835 -513.7390 -523.8150
 [64] -508.8873 -505.3188 -512.6522 -531.3188 -527.7633 -510.9855 -511.9855
 [71] -508.5188 -512.0706 -532.8522 -525.0966 -531.7466 -534.7799 -534.1484
 [78] -534.1484 -548.0150 -544.1817 -544.6133 -548.9466 -549.9466 -548.6133
 [85] -544.2799 -536.8355 -538.8706 -546.9466 -521.7466 -518.0331 -517.0331
 [92] -512.8109 -515.8109 -513.4776 -514.0109 -532.2109 -543.1095 -539.1571
 [99] -542.8484 -539.9761


$tree
$tree[[1]]
  [1] 127.7122549 153.2856209 107.5098039 164.1008170 135.0640523 143.9517974
  [7]  49.9650327  51.1645425  18.2816993 -12.7124183   1.7032680  37.7635621
 [13]  26.8625817  46.8434641  18.4826797  55.3405229  43.1397059  56.9622549
 [19]  54.3887255  38.7622549  48.9794118  37.1147059  17.7897059  -0.8946078
 [25]  -6.9848039  25.3416667  -7.0156863  -3.7156863  -0.7990196 -16.3240196
 [31]  -0.6166667   5.2338235   8.8843137  -9.2490196   3.9921569   1.8421569
 [37]  -3.0990196   8.8666667  -3.9055556  -2.8055556   0.3431373 -20.5068627
 [43]   0.1848039  -9.9109477  -7.4692810  -9.5516340 -17.1692810 -18.2281046
 [49] -30.7281046 -22.0045752 -16.7129085 -22.9629085 -25.4217320 -21.9452614
 [55] -21.0457516   3.8366013   4.3366013  -2.2133987   5.0542484  -8.5457516
 [61]  10.4542484  12.4542484 -12.7016340  11.6223856  -2.4599673  -9.4599673
 [67] -17.4011438  -0.4506536  -8.5683007  -8.6859477 -19.8683007  -4.5447712
 [73] -14.4506536  -8.4506536 -20.4506536 -16.7506536 -16.7506536 -18.5506536
 [79]  -6.7334967 -28.8418301 -24.0418301 -35.0418301 -36.0418301 -33.0418301
 [85] -25.8418301 -41.8418301 -33.1683007 -40.5418301 -33.1006536 -27.6006536
 [91] -29.4006536 -12.5506536 -25.5506536 -22.5506536 -22.1006536 -27.5418301
 [97] -31.5418301 -25.0418301 -32.6183007 -30.5418301


$smallPla
$smallPla[[1]]
  [1] -15.405882 -13.015686  -2.423529 -11.452941 -11.449020  -3.578431
  [7]  -6.715686 -12.678431 -12.641176 -11.313725 -14.311765 -15.815686
 [13]  -9.415686 -11.580392  -9.145098 -11.243137 -12.580392 -13.078431
 [19]  -9.913725  -9.845098 -11.713725 -10.382353 -10.180392 -10.880392
 [25] -10.113725 -10.849020 -12.084314 -11.284314  -9.617647 -10.117647
 [31] -10.117647 -11.117647 -10.752941 -14.752941 -13.252941 -12.752941
 [37] -12.752941 -12.217647 -13.517647 -15.017647 -15.752941 -16.752941
 [43] -16.752941 -16.588235 -16.588235 -17.588235 -16.588235 -18.019608
 [49] -17.019608 -17.784314 -17.784314 -17.284314 -17.784314 -18.450980
 [55] -17.950980 -15.284314 -16.284314 -15.784314 -14.784314 -15.284314
 [61] -15.284314 -16.284314 -16.019608 -16.519608 -16.519608 -16.519608
 [67] -16.519608 -15.519608 -16.519608 -16.519608 -17.186275 -16.950980
 [73] -17.186275 -15.519608 -15.519608 -16.186275 -16.186275 -16.186275
 [79] -16.186275 -16.186275 -16.519608 -16.519608 -16.519608 -16.519608
 [85] -16.519608 -17.519608 -17.284314 -17.186275 -17.186275 -17.519608
 [91] -17.519608 -16.519608 -16.519608 -16.519608 -16.519608 -16.519608
 [97] -15.519608 -16.186275 -16.350980 -16.186275


$diffBuild
$diffBuild[[1]]
  [1] 168.06963 316.52399 143.17258  63.47736   9.02387  82.79621  77.10343
  [8]  15.18098  63.51337  58.17765  79.29325  72.14083  50.67978  48.25665
 [15]  55.81750  62.92033  30.17033  38.97120  55.88225  51.14151  54.17855
 [22]  74.52764  78.98504  80.61467  65.82976  59.25683  68.12329  73.28996
 [29]  80.00965  73.50292  51.37174  55.14669  45.38493  58.84234  63.47655
 [36]  54.17285  66.09039  73.60706  76.95336  71.17002  64.33669  79.75336
 [43]  66.78366  67.90380  67.15380  52.20380  50.23713  57.78713  59.73713
 [50]  53.65380  50.11676  55.43342  58.05009  49.48342  41.05009  52.55467
 [57]  58.95467  60.18713  68.99083  58.39083  62.82504  61.54171  61.37417
 [64]  63.47504  66.97504  57.04083  56.29083  55.72787  63.47787  59.51120
 [71]  59.81120  54.42787  55.50194  57.51861  54.15107  57.15194  54.00477
 [78]  49.46773  52.79912  52.73528  46.73528  47.83810  56.42144  50.71773
 [85]  60.43898  70.38898  68.20565  60.35194  66.78898  65.13898  67.13898
 [92]  70.23986  68.38898  61.51861  61.18528  61.43528  66.68528  74.11949
 [99]  66.29760  78.61949


$streeFur
$streeFur[[1]]
  [1]  60.4086161 -10.5631784   8.4871850   9.8979909   9.7742099  24.3895695
  [7]  17.2243903  -6.6909219 -10.8073171  -6.5517030   5.2110766  17.2679627
 [13]  -7.6538016  -4.7866236  -1.0832483   8.9413548   5.4706795  -8.5696629
 [19]   2.3274821   4.5642710  -4.4994836   7.3019695   1.4756394  -5.8438240
 [25]  -8.8814658  -7.0551021  -4.1764723  -1.2544835  -2.9432311  -0.3891806
 [31]  -8.3992684 -11.0036284  -4.2470755  -2.9280278   0.2277725  -2.9031849
 [37]   3.1384509   0.4677804   4.8776998  -0.8927314   3.5510967   4.7278878
 [43]  12.2671785  10.1105887  12.0750782  13.2766754  12.8042395  11.2054521
 [49]  10.5244997   9.1323523   6.3113047  11.5920692  12.9688396  10.5261961
 [55]   8.0204218  15.8819397  19.2948469  17.1162755  14.3515930  15.2821485
 [61]  16.2821485  14.9882889  13.1745096  18.4685415  15.6846654  18.3073311
 [67]  14.3285667  17.2831715  18.0692359  16.1247915  16.8787597  17.9915573
 [73]  17.6976194  15.1976194  19.8003504  19.4193981  16.1377979  18.5425598
 [79]  17.0923668  15.0469356  15.8281856  14.4067571  14.0067571  14.8531856
 [85]  15.9484237  14.0317571  11.2933642  13.9365190  15.9305666  17.9888999
 [91]  16.5888999  16.2400904  14.6150904  14.2865190  19.6853285  18.5387120
 [97]  15.9241286  20.0613835  17.2625740  15.8836057


$basCol
$basCol[[1]]
  [1] 172.30909 145.57254  78.67905 106.48251  93.24872  89.34627 101.78947
  [8]  79.71800  91.83762  83.70731  83.08319  75.94410  81.39068  73.85998
 [15]  80.25404  86.01590  78.56975  79.93295  83.09194  86.68171  84.65795
 [22]  85.41855  97.54421 100.77930 101.12754  96.86087  97.06889  97.40222
 [29]  91.21889  95.05222  92.36626  98.61626  96.50222 100.51209  97.81472
 [36] 106.95257 101.66075  97.73422 100.42469  96.40088  96.88005 101.05088
 [43]  99.73422  99.50803  95.34136  92.49136  91.31755  96.46755 100.30386
 [50]  94.31370  91.34672  98.85624  92.27291  90.50624  91.97053  92.21338
 [57]  96.38005  91.35624  94.00624  90.25624  87.73957  89.30624  88.87291
 [64]  89.30624  93.61874  93.86874  92.78541  92.59096  93.20207  92.21874
 [71]  95.04823  94.03541  95.00763  94.09096  90.59096  93.09096  95.27846
 [78]  93.62462  95.77846  96.20795  95.02045  95.52045  96.18414  96.18414
 [85]  96.60081 100.68414  98.93414  99.01747  98.51747  96.85081  97.85081
 [92]  98.10081  97.60081  97.60081  96.35081  93.68414  93.89545  95.22878
 [99]  96.56212  94.39545


$ligh
$ligh[[1]]
  [1] -19.0096491   4.5054825  10.9087719 -14.0508772   0.9445175   8.0780702
  [7]   6.8526316   7.6260965  10.4833333   5.9730263   2.0986842  12.1736842
 [13]  23.3820175  13.1517544  14.2921053  11.8671053  12.3337719  12.0521930
 [19]  10.9754386   9.1052632  13.7916667  13.2543860  15.8302632  14.8826754
 [25]  15.7677632  12.7552632  15.0302632  14.3635965  12.0802632  12.4760965
 [31]  14.3146930   9.3355263  12.6469298  10.2938596  10.0844298  11.7938596
 [37]  15.3677632  10.8041667  13.1375000  11.4708333   9.9291667  10.6875000
 [43]  10.0750000   9.2416667   8.2416667  10.2083333  12.4708333  12.7083333
 [49]  13.2291667  13.6041667  12.3625000  11.4291667  12.1791667  10.2291667
 [55]   9.8125000  10.5125000   9.8458333   8.0958333   9.7291667   7.6458333
 [61]   7.7791667   8.5791667   5.2125000   5.5791667   6.1208333   5.6208333
 [67]   4.7041667   3.1208333   4.6208333   6.6541667   4.1208333   2.4541667
 [73]   1.8083333   3.6208333   4.8083333   3.5583333   3.1833333   3.1833333
 [79]   5.6833333   6.1833333   5.8083333   6.0583333   6.4333333   5.4333333
 [85]   6.9333333   7.7458333   8.4958333   7.7458333   9.7458333   6.7458333
 [91]   6.7458333   7.2458333   5.9958333   5.4958333   5.2458333   4.9125000
 [97]   5.1208333   6.3708333   5.1208333   8.5375000


$accenCol
$accenCol[[1]]
  [1] 431.8644 423.8658 347.9892 385.3514 325.5778 329.1706 364.9416 347.1288
  [9] 358.3538 365.1391 369.9676 349.3223 345.5108 346.7468 366.7916 368.1634
 [17] 360.4493 373.4528 369.8738 371.6440 369.7800 370.4159 372.9273 382.5015
 [25] 383.2023 382.1440 374.0466 373.7132 370.5299 372.6549 373.5689 384.2606
 [33] 382.0799 389.1939 390.1216 392.5392 384.9001 380.9528 382.0480 385.0361
 [41] 388.2861 390.9361 391.0778 389.1730 384.1730 377.7230 376.3694 379.2944
 [49] 387.5980 378.2335 380.4028 388.3409 382.0909 375.8909 381.2480 385.5194
 [57] 389.5194 386.7575 384.3909 384.0575 379.9575 381.3575 384.6575 386.5242
 [65] 391.2575 392.0075 390.0075 388.6742 391.0075 390.2075 392.9883 390.4242
 [73] 388.2159 384.9242 383.2992 387.7992 387.7992 386.5300 387.8825 384.1133
 [81] 383.6133 381.1133 383.8514 383.8514 381.0181 387.7264 381.4764 387.0597
 [89] 382.0597 383.3931 385.3931 382.1431 384.1431 385.6431 386.8931 384.8931
 [97] 381.9883 383.3216 385.1550 384.1550


$peop
$peop[[1]]
  [1] -105.8674 -133.3180 -188.3686 -236.5402 -256.9558 -422.8145 -356.6660
  [8] -367.5937 -336.7801 -319.5525 -278.7020 -307.0584 -326.6726 -316.3898
 [15] -321.8239 -316.1239 -334.8842 -371.1008 -355.4376 -349.4416 -362.3412
 [22] -317.7723 -310.8870 -312.4572 -327.0901 -347.3793 -298.1192 -292.5125
 [29] -316.4391 -322.4422 -347.8396 -341.8297 -354.2929 -333.8838 -332.9787
 [36] -344.5897 -332.9049 -326.4465 -313.5582 -335.8158 -318.1813 -298.9404
 [43] -327.0308 -322.7767 -321.6272 -323.1347 -323.4367 -307.3950 -305.1450
 [50] -300.1022 -302.0605 -303.3922 -295.9831 -295.2593 -330.0510 -333.6692
 [57] -321.2260 -323.2169 -319.9502 -317.6169 -332.8169 -336.7752 -324.3502
 [64] -344.0419 -335.3752 -327.9752 -324.4661 -314.2581 -317.2686 -322.3924
 [71] -317.1924 -316.6015 -304.8087 -314.8921 -311.2944 -316.9040 -310.7540
 [78] -314.0040 -310.6262 -305.2754 -302.3421 -290.4611 -285.7754 -296.0611
 [85] -292.5611 -282.1444 -278.6444 -292.8111 -276.4778 -289.3349 -289.0492
 [92] -294.9349 -292.0492 -303.0492 -302.5730 -301.0063 -296.0825 -292.2063
 [99] -300.1366 -290.0159


$graff
$graff[[1]]
  [1] -45 -40 -33 -49 -50 -52 -53 -56 -48 -55 -58 -56 -57 -61 -60 -63 -62 -62
 [19] -61 -59 -57 -57 -59 -54 -56 -56 -57 -57 -57 -58 -58 -60 -59 -61 -62 -57
 [37] -57 -60 -56 -56 -59 -58 -58 -57 -56 -57 -56 -56 -56 -59 -59 -58 -60 -60
 [55] -59 -59 -60 -60 -59 -61 -61 -60 -59 -57 -56 -57 -58 -59 -58 -58 -58 -59
 [73] -56 -57 -56 -57 -57 -58 -58 -56 -55 -55 -56 -56 -56 -56 -58 -56 -57 -56
 [91] -56 -56 -56 -56 -56 -55 -57 -57 -57 -56


$buildDiffAges
$buildDiffAges[[1]]
  [1]  -77 -142 -125 -118 -120 -118 -118 -127 -121 -123 -116 -118 -120 -121 -123
 [16] -127 -127 -122 -120 -116 -121 -119 -117 -114 -115 -115 -117 -118 -114 -113
 [31] -115 -118 -114 -116 -120 -122 -120 -119 -117 -116 -118 -116 -117 -118 -119
 [46] -119 -120 -119 -119 -118 -116 -115 -114 -116 -118 -120 -120 -118 -118 -118
 [61] -119 -118 -117 -116 -114 -117 -116 -119 -119 -118 -117 -115 -118 -118 -119
 [76] -119 -121 -121 -121 -120 -119 -120 -120 -119 -119 -120 -120 -119 -120 -119
 [91] -119 -120 -119 -118 -117 -116 -119 -119 -116 -120


$streetWid
$streetWid[[1]]
  [1] 1888.974 2082.515 1254.854 1908.114 2045.301 2032.356 1952.689 1832.781
  [9] 1559.277 1601.111 1636.750 1709.868 1768.053 1694.611 1663.509 1694.514
 [17] 1624.793 1669.783 1676.293 1650.597 1642.666 1640.021 1645.147 1561.446
 [25] 1588.002 1655.150 1561.608 1585.852 1548.496 1573.640 1490.060 1546.722
 [33] 1531.564 1596.514 1668.137 1588.693 1675.412 1720.802 1684.758 1672.341
 [41] 1707.283 1687.345 1683.250 1626.038 1644.552 1608.836 1630.455 1633.182
 [49] 1596.348 1620.348 1613.795 1622.147 1639.837 1622.118 1633.206 1701.993
 [57] 1712.387 1654.220 1636.040 1627.237 1717.448 1708.118 1644.769 1702.478
 [65] 1633.348 1624.438 1575.538 1603.574 1628.471 1626.289 1627.878 1641.051
 [73] 1583.306 1602.169 1527.736 1586.203 1557.346 1563.152 1612.512 1577.235
 [81] 1579.099 1541.266 1554.732 1552.566 1576.649 1590.732 1578.375 1588.629
 [89] 1601.379 1593.102 1595.769 1646.585 1588.652 1588.352 1607.485 1588.596
 [97] 1592.103 1646.503 1603.677 1643.460


$sidewalkWid
$sidewalkWid[[1]]
  [1] 136.29589 111.88107  84.87356 129.32672 150.98766 114.25380 108.20934
  [8] 114.93314 106.53214 116.98411 113.94264 141.11458 151.08929 140.13472
 [15] 155.89273 132.00793 143.80510 149.25126 164.10389 145.47969 138.17449
 [22] 113.65610 135.51084 113.90770 122.06095 117.19762 114.75863 112.66050
 [29] 107.69117 112.38314 107.11038 108.02633 106.99519 105.51495 106.47716
 [36] 101.74244  98.42423 107.71439 103.63232 102.52290 105.59732 108.42377
 [43] 109.91120 108.00302 107.50551 101.40945 112.88736 110.33385 106.63385
 [50] 116.50395 116.40712 118.75804 116.83781 120.73290 116.58568 121.75725
 [57] 117.89197 120.05864 118.83245 119.22947 121.92026 124.03055 120.74503
 [64] 126.35688 120.24452 116.02428 111.09095 114.43335 113.32428 111.75870
 [71] 120.37831 123.73308 118.54830 119.08090 110.82257 110.97257 112.79280
 [78] 112.83850 108.63447 108.19759 105.99806 103.75563 107.06472 105.90563
 [85] 106.73063 106.55146 110.56337 107.65073 109.27573 107.83137 108.49046
 [92] 109.53553 111.42796 109.84462 111.49462 109.15018 107.74468 108.54468
 [99] 106.22538 108.58502


$debris
$debris[[1]]
  [1] 0.07768283 0.10496158 0.10463637 0.08223882 0.08084533 0.11784610
  [7] 0.10691971 0.10115031 0.09322373 0.09032194 0.08497198 0.09009368
 [13] 0.10030590 0.09903398 0.09946259 0.09300127 0.09792349 0.09932506
 [19] 0.09869184 0.08902956 0.09565402 0.09416330 0.08660428 0.08555941
 [25] 0.08245933 0.08420753 0.07939874 0.07694246 0.07827421 0.07918166
 [31] 0.08146338 0.07973802 0.08449838 0.08263586 0.08458730 0.07790542
 [37] 0.08003015 0.07866950 0.07981337 0.08024070 0.08012116 0.08089772
 [43] 0.07980358 0.07848043 0.07961090 0.08100212 0.08094983 0.07768252
 [49] 0.08025351 0.08045934 0.07887893 0.07682563 0.07944679 0.07801884
 [55] 0.07802012 0.07876596 0.07586673 0.07566765 0.07500802 0.07821877
 [61] 0.07840756 0.07888028 0.07762758 0.07871068 0.07976195 0.07850791
 [67] 0.07760112 0.07571795 0.07809296 0.07984512 0.08005068 0.07614107
 [73] 0.07192581 0.07624493 0.07339234 0.07845156 0.07752309 0.07749745
 [79] 0.07962345 0.07854863 0.07920090 0.07929357 0.07815821 0.07765843
 [85] 0.07869849 0.08008821 0.07953035 0.07997175 0.08086511 0.07845640
 [91] 0.07748569 0.07766749 0.07717737 0.07600259 0.07993146 0.07778262
 [97] 0.07835402 0.07815663 0.07788475 0.07693066


$pavement
$pavement[[1]]
  [1] 0.1804561 0.1769994 0.1678649 0.1688231 0.1737329 0.1812939 0.1799946
  [8] 0.1733196 0.1803738 0.1818333 0.1784280 0.1828906 0.1889681 0.1858920
 [15] 0.1913119 0.1922429 0.1888513 0.1857701 0.1918161 0.1838878 0.1870742
 [22] 0.1823004 0.1880524 0.1888816 0.1864298 0.1879118 0.1842354 0.1848425
 [29] 0.1815695 0.1858478 0.1817913 0.1851805 0.1854540 0.1858679 0.1877099
 [36] 0.1844592 0.1887391 0.1870430 0.1903687 0.1926016 0.1898360 0.1899943
 [43] 0.1881105 0.1856825 0.1868710 0.1831494 0.1865969 0.1832906 0.1862613
 [50] 0.1851983 0.1833045 0.1877754 0.1839334 0.1837077 0.1850233 0.1880570
 [57] 0.1859901 0.1834607 0.1832969 0.1845564 0.1858476 0.1851150 0.1864391
 [64] 0.1855520 0.1870558 0.1869911 0.1862798 0.1808596 0.1820458 0.1816913
 [71] 0.1826422 0.1819269 0.1805479 0.1828629 0.1774522 0.1814836 0.1793042
 [78] 0.1775051 0.1812375 0.1792700 0.1807810 0.1798902 0.1779710 0.1780688
 [85] 0.1781457 0.1806198 0.1783521 0.1809673 0.1793623 0.1808417 0.1796541
 [92] 0.1796075 0.1783221 0.1782792 0.1808916 0.1812615 0.1804070 0.1806410
 [99] 0.1812961 0.1800206


$landscape
$landscape[[1]]
  [1] 0.2329883 0.2556569 0.2403202 0.2330460 0.2247410 0.2402253 0.2355509
  [8] 0.2316473 0.2287116 0.2276432 0.2278790 0.2311837 0.2340397 0.2342070
 [15] 0.2380278 0.2353344 0.2368876 0.2344588 0.2387968 0.2324772 0.2349442
 [22] 0.2313072 0.2348862 0.2309389 0.2325573 0.2378030 0.2274724 0.2296376
 [29] 0.2275178 0.2277526 0.2307847 0.2340152 0.2342773 0.2333864 0.2341556
 [36] 0.2297391 0.2269641 0.2270054 0.2260988 0.2281512 0.2269998 0.2238405
 [43] 0.2251859 0.2253236 0.2262001 0.2246237 0.2227707 0.2212093 0.2206181
 [50] 0.2213529 0.2198477 0.2211495 0.2215045 0.2197916 0.2211703 0.2207223
 [57] 0.2215323 0.2218739 0.2214504 0.2229982 0.2238444 0.2241719 0.2220837
 [64] 0.2242825 0.2239079 0.2228027 0.2234237 0.2223499 0.2233411 0.2237467
 [71] 0.2245402 0.2233713 0.2201689 0.2211322 0.2190044 0.2219370 0.2222804
 [78] 0.2225410 0.2230966 0.2183890 0.2191284 0.2194820 0.2181480 0.2185409
 [85] 0.2197477 0.2181954 0.2182925 0.2191487 0.2184097 0.2187260 0.2179952
 [92] 0.2178079 0.2167613 0.2172912 0.2187424 0.2183579 0.2180299 0.2170376
 [99] 0.2191934 0.2168019


$propStreetWall
$propStreetWall[[1]]
  [1] 0.02637452 0.03988704 0.03076693 0.02649260 0.02824182 0.03208083
  [7] 0.03302295 0.03177418 0.03527118 0.03402936 0.03394434 0.03410447
 [13] 0.03332368 0.03365373 0.03260737 0.03598528 0.03447460 0.03323250
 [19] 0.03374093 0.03313394 0.03368988 0.03298019 0.03384878 0.03340018
 [25] 0.03426965 0.03468336 0.03284361 0.03456603 0.03336961 0.03376930
 [31] 0.03368679 0.03593320 0.03539230 0.03338980 0.03391880 0.03378092
 [37] 0.03274345 0.03170729 0.03250273 0.03317068 0.03180171 0.03067855
 [43] 0.03191410 0.03144865 0.03084137 0.03060853 0.02948320 0.03097647
 [49] 0.03061303 0.03040000 0.02985326 0.03118119 0.03047215 0.03001079
 [55] 0.02943986 0.02941893 0.03039774 0.03087188 0.03224813 0.03015648
 [61] 0.03036760 0.02987104 0.03060612 0.03048741 0.03118800 0.03038551
 [67] 0.03046443 0.03063555 0.03031482 0.02965536 0.03022793 0.03020445
 [73] 0.03124227 0.03105164 0.03056111 0.03066940 0.03041788 0.03048116
 [79] 0.03085615 0.03026808 0.03018287 0.03051244 0.03067839 0.03060788
 [85] 0.03011712 0.03045976 0.03024216 0.02980606 0.03013011 0.03142715
 [91] 0.03130769 0.03131801 0.03083440 0.03114190 0.03079535 0.03108096
 [97] 0.03044070 0.03056587 0.03154114 0.03077909


$propWind
$propWind[[1]]
  [1] 0.0005845985 0.0040155754 0.0002312289 0.0046782264 0.0031843536
  [6] 0.0041097305 0.0019379536 0.0007723612 0.0017514643 0.0027572087
 [11] 0.0031686626 0.0036230873 0.0041894897 0.0045187860 0.0033939003
 [16] 0.0027637740 0.0020815368 0.0040914196 0.0043299401 0.0044162434
 [21] 0.0043611355 0.0047170100 0.0038460965 0.0050090102 0.0046456322
 [26] 0.0040940255 0.0053987535 0.0045683059 0.0047459108 0.0054216932
 [31] 0.0043877128 0.0032160937 0.0037406611 0.0036500538 0.0044807530
 [36] 0.0045666439 0.0053167354 0.0064603823 0.0064451746 0.0057065761
 [41] 0.0061345877 0.0066050190 0.0059320493 0.0059295574 0.0057199112
 [46] 0.0060145931 0.0063844853 0.0065592961 0.0069956382 0.0067216238
 [51] 0.0071384100 0.0065977060 0.0064536049 0.0063381893 0.0061475332
 [56] 0.0065040150 0.0067263220 0.0062725091 0.0057029646 0.0064616371
 [61] 0.0059129232 0.0058935276 0.0060478279 0.0057909845 0.0065458049
 [66] 0.0065422031 0.0067253044 0.0063817523 0.0066368816 0.0069720652
 [71] 0.0067516715 0.0062717724 0.0059027095 0.0058750187 0.0059407629
 [76] 0.0061687727 0.0058841559 0.0060404969 0.0064663268 0.0059313366
 [81] 0.0058852239 0.0056721667 0.0057725940 0.0060681781 0.0060572017
 [86] 0.0068049642 0.0063947577 0.0068952673 0.0059210664 0.0054639647
 [91] 0.0055025400 0.0052488470 0.0055401217 0.0055508238 0.0057443446
 [96] 0.0056748069 0.0058832373 0.0058183008 0.0051553892 0.0061422274


$longSight
$longSight[[1]]
  [1] 157.5439 160.4442 199.1844 168.9052 168.8331 153.1721 183.2519 183.2504
  [9] 197.0297 174.1948 174.5963 173.6039 186.8152 193.2009 175.4929 184.8595
 [17] 190.7413 191.7838 190.6918 185.1247 187.4504 194.0580 184.7747 194.5262
 [25] 189.1818 194.1413 194.5944 199.6777 191.9610 187.7000 192.5167 193.9333
 [33] 194.9167 190.5000 193.5152 194.8333 200.3424 199.1091 202.4424 203.6091
 [41] 203.8909 204.1091 204.0576 205.8909 210.7091 206.8909 210.8909 209.2909
 [49] 213.1242 207.1242 204.1242 202.2242 201.7242 201.7242 202.4909 204.4909
 [57] 205.3909 200.3909 198.2242 202.0576 199.6242 196.6242 199.5242 194.6242
 [65] 197.3909 196.7242 198.0576 197.9667 195.7242 196.3909 195.0576 192.3909
 [73] 194.7000 194.2000 198.7000 200.7000 197.0182 196.2000 203.0333 199.3364
 [81] 200.3364 200.3364 198.3364 199.3364 197.1697 198.1697 196.1697 198.1697
 [89] 197.1697 193.6697 191.6697 193.6697 193.1697 192.6697 194.1697 192.3697
 [97] 196.3697 194.3697 191.0364 195.3697


$propSkyAhead
$propSkyAhead[[1]]
  [1] -0.02946710 -0.03214108 -0.01199964 -0.02722634 -0.03349774 -0.02659585
  [7] -0.01972589 -0.01401644 -0.01795335 -0.01978758 -0.02390273 -0.03090546
 [13] -0.02781038 -0.02721478 -0.02526091 -0.02485249 -0.02340268 -0.01772321
 [19] -0.01947888 -0.01800068 -0.01742754 -0.01921312 -0.01956103 -0.01784513
 [25] -0.02043115 -0.01906553 -0.02166000 -0.02231760 -0.02053991 -0.01965898
 [31] -0.01938704 -0.01886038 -0.01792710 -0.01738008 -0.01797348 -0.01739871
 [37] -0.01768647 -0.02193462 -0.02365859 -0.02173076 -0.02286212 -0.02385161
 [43] -0.02310812 -0.02185145 -0.02222807 -0.02197755 -0.02226811 -0.02416951
 [49] -0.02366794 -0.02704759 -0.02598926 -0.02496348 -0.02574129 -0.02747202
 [55] -0.02476445 -0.02346852 -0.02451554 -0.02412088 -0.02338272 -0.02339428
 [61] -0.02293312 -0.02172307 -0.02201442 -0.02170016 -0.02194006 -0.02110042
 [67] -0.02195060 -0.01989187 -0.01909888 -0.02007211 -0.02025876 -0.02176734
 [73] -0.02121347 -0.01975704 -0.02046868 -0.02086464 -0.02084025 -0.02153382
 [79] -0.02183246 -0.02019921 -0.02038326 -0.01993751 -0.01938195 -0.01967255
 [85] -0.02084919 -0.01970439 -0.02149876 -0.02036660 -0.02044720 -0.02020514
 [91] -0.01946982 -0.02016244 -0.01992884 -0.01986320 -0.01986868 -0.02060677
 [97] -0.02095011 -0.02068405 -0.02058063 -0.02071959


$propSkyAcross
$propSkyAcross[[1]]
  [1] -8.104749e-03 -4.784129e-03  1.225814e-02  7.859778e-03  4.627759e-05
  [6]  1.007206e-02  2.056457e-02  2.337139e-02  2.073795e-02  1.783211e-02
 [11]  1.461790e-02  9.223183e-03  1.383372e-02  1.374550e-02  1.724816e-02
 [16]  1.780945e-02  1.707319e-02  2.182516e-02  2.090491e-02  2.354785e-02
 [21]  2.476236e-02  2.240080e-02  2.270712e-02  2.380553e-02  2.516816e-02
 [26]  2.726500e-02  2.173476e-02  2.231301e-02  2.413504e-02  2.391187e-02
 [31]  2.630726e-02  2.602823e-02  2.883933e-02  2.620356e-02  2.782802e-02
 [36]  2.834911e-02  2.832691e-02  2.438028e-02  2.358607e-02  2.426676e-02
 [41]  2.373609e-02  2.226755e-02  2.282466e-02  2.385316e-02  2.274053e-02
 [46]  2.333233e-02  2.257134e-02  2.079483e-02  2.170562e-02  1.780302e-02
 [51]  1.835908e-02  1.929796e-02  1.871901e-02  1.625674e-02  2.007846e-02
 [56]  2.147281e-02  1.983661e-02  1.956537e-02  2.068399e-02  2.057687e-02
 [61]  2.139203e-02  2.266952e-02  2.179691e-02  2.161847e-02  2.116959e-02
 [66]  2.145470e-02  2.045431e-02  2.117839e-02  2.228767e-02  2.187831e-02
 [71]  2.087852e-02  2.076863e-02  2.013504e-02  2.169429e-02  2.055090e-02
 [76]  2.040491e-02  1.951180e-02  1.905770e-02  2.086445e-02  2.005827e-02
 [81]  2.007532e-02  2.056225e-02  2.011310e-02  2.109601e-02  1.973205e-02
 [86]  2.080759e-02  1.906538e-02  2.078970e-02  2.071108e-02  2.105664e-02
 [91]  2.075049e-02  2.111642e-02  1.996132e-02  2.057134e-02  2.077172e-02
 [96]  1.990114e-02  1.950815e-02  2.006726e-02  2.023572e-02  2.014469e-02


$buildHeight
$buildHeight[[1]]
  [1] -2862.459 -4811.356 -4527.011 -3858.998 -3734.648 -3471.888 -3266.259
  [8] -3779.869 -3585.352 -3907.500 -3594.823 -3338.410 -3513.409 -3420.705
 [15] -3613.654 -3480.470 -3385.170 -3245.106 -3477.926 -3341.031 -3398.627
 [22] -3353.878 -3422.675 -3348.955 -3330.315 -3364.998 -3185.987 -3229.035
 [29] -3172.233 -3270.599 -3020.414 -3251.188 -3086.552 -3224.896 -3383.979
 [36] -3240.740 -3330.714 -3185.831 -3156.802 -3293.844 -3229.081 -3215.599
 [43] -3137.224 -3145.836 -3147.092 -3156.862 -3132.102 -3148.563 -3141.302
 [50] -3169.407 -3118.183 -3243.552 -3250.970 -3255.720 -3349.720 -3337.638
 [57] -3382.471 -3383.388 -3282.930 -3389.876 -3423.543 -3384.102 -3414.781
 [64] -3392.447 -3356.424 -3362.864 -3348.364 -3397.626 -3391.435 -3379.435
 [71] -3363.885 -3369.352 -3421.043 -3451.364 -3429.685 -3444.257 -3456.947
 [78] -3443.147 -3479.922 -3466.372 -3481.333 -3489.333 -3485.333 -3466.333
 [85] -3428.483 -3444.833 -3473.030 -3443.333 -3513.155 -3491.500 -3486.500
 [92] -3517.125 -3491.375 -3489.625 -3468.750 -3482.000 -3472.250 -3536.159
 [99] -3552.339 -3518.909


$propActiveUse
$propActiveUse[[1]]
  [1] 0.03930359 0.04814555 0.03269512 0.04295200 0.04551696 0.04484037
  [7] 0.03942722 0.03698283 0.03781441 0.03692497 0.03782364 0.03611395
 [13] 0.03651543 0.03553002 0.03299753 0.03499509 0.03469059 0.03484865
 [19] 0.03518636 0.03348055 0.03578581 0.03506830 0.03423448 0.03413922
 [25] 0.03461972 0.03484345 0.03510016 0.03507495 0.03257402 0.03300162
 [31] 0.03249279 0.03326522 0.03378045 0.03372111 0.03414171 0.03507878
 [37] 0.03487787 0.03484709 0.03586453 0.03486583 0.03478351 0.03485878
 [43] 0.03536613 0.03512610 0.03488929 0.03394924 0.03374040 0.03474067
 [49] 0.03373232 0.03355371 0.03314475 0.03260778 0.03251053 0.03307026
 [55] 0.03304780 0.03171410 0.03278819 0.03167526 0.03238945 0.03145338
 [61] 0.03177018 0.03150999 0.03120293 0.03017864 0.03148902 0.03043988
 [67] 0.03016416 0.02891356 0.02979052 0.02986440 0.03003151 0.02907677
 [73] 0.02867185 0.02894071 0.02857602 0.02853972 0.02873238 0.02883267
 [79] 0.03006370 0.02900863 0.02908847 0.02931463 0.02901182 0.02928044
 [85] 0.02866862 0.02945516 0.02970494 0.02953550 0.03024093 0.02978927
 [91] 0.02931475 0.02946761 0.02894031 0.02889750 0.02941672 0.02899133
 [97] 0.02953486 0.03026125 0.02981609 0.03046564


$movCarsN
$movCarsN[[1]]
[1] 8804.795


$parkCarsN
$parkCarsN[[1]]
[1] 22714.58


$movCiclyN
$movCiclyN[[1]]
[1] 2662.119


$buildIdN
$buildIdN[[1]]
[1] 10307.54


$buildNRecN
$buildNRecN[[1]]
[1] 10367.03


$treeN
$treeN[[1]]
[1] 15723.24


$smallPlaN
$smallPlaN[[1]]
[1] 939.5333


$diffBuildN
$diffBuildN[[1]]
[1] 12321.84


$streeFurN
$streeFurN[[1]]
[1] 5737.34


$basColN
$basColN[[1]]
[1] 5094.668


$lighN
$lighN[[1]]
[1] 1985.973


$accenColN
$accenColN[[1]]
[1] 5897.676


$peopN
$peopN[[1]]
[1] 13767.32


$graffN
$graffN[[1]]
[1] 1152


$buildDiffAgesN
$buildDiffAgesN[[1]]
[1] 1760


$streetWidN
$streetWidN[[1]]
[1] 49113.32


$sidewalkWidN
$sidewalkWidN[[1]]
[1] 6385.188


$debrisN
$debrisN[[1]]
[1] 0.8615015


$pavementN
$pavementN[[1]]
[1] 0.837261


$landscapeN
$landscapeN[[1]]
[1] 0.8501494


$propStreetWallN
$propStreetWallN[[1]]
[1] 0.2187537


$propWindN
$propWindN[[1]]
[1] 0.12055


$longSightN
$longSightN[[1]]
[1] 4914.278


$propSkyAheadN
$propSkyAheadN[[1]]
[1] 0.3589732


$propSkyAcrossN
$propSkyAcrossN[[1]]
[1] 0.3581896


$buildHeightN
$buildHeightN[[1]]
[1] 63664.4


$propActiveUseN
$propActiveUseN[[1]]
[1] 0.248248


[1] ">>>> Cars"
feature realS lowerS higherS normS normS2
landscape 0.225796364939857 0.223623004886574 0.22796972499314 0.265596112095905 0.263297756923462
pavement 0.183226974705148 0.181819992606877 0.184633956803418 0.218840924060573 0.218920687967205
propStreetWall 0.03166529791903 0.0310442116887355 0.0322863841493244 0.144753197673732 0.141776126140967
propActiveUse 0.0329829665050914 0.031815738097827 0.0341501949123558 0.132862951324571 0.132499975664978
debris 0.0825951849134608 0.079981853812594 0.0852085160143276 0.0958735243500343 0.0922674791013421
buildDiffAges -118.35 -120.047866458377 -116.652133541623 -0.0672443181818182 -0.0676136363636364
accenCol 380.07529197995 375.558374946449 384.592209013452 0.0644449260491898 0.0650261519143079
propSkyAhead -0.0216990600696208 -0.0227543524931167 -0.0206437676461249 -0.0604475813940017 -0.0582421679493646
propSkyAcross 0.0201533942801209 0.0184049007971663 0.0219018877630754 0.0562645997881483 0.0580482159777674
movCars -481.173457774904 -493.556075745737 -468.790839804071 -0.0546490257142156 -0.0560094953295881
buildHeight -3399.94521680553 -3476.48445324356 -3323.4059803675 -0.0534041800658619 -0.053209056059348
buildNRec -542.47753132832 -551.647308691039 -533.3077539656 -0.0523272105193853 -0.0518047705340796
graff -56.79 -58.0442396403235 -55.5357603596765 -0.049296875 -0.0494791666666667
propWind 0.00524595874680334 0.00478770665236018 0.0057042108412465 0.0435168799854143 0.0479617628357984
longSight 194.330400432901 191.0428989372 197.617901928601 0.0395440377925178 0.0399213969894686
parkCars -782.203542639483 -800.58282800982 -763.824257269146 -0.0344361889406664 -0.0340780134344954
streetWid 1642.2516089542 1608.0554535856 1676.44776432279 0.0334380086365288 0.0331104320790345
peop -311.136557414808 -323.318512622778 -298.954602206838 -0.0225996412579003 -0.0229830040653203
movCicly -52.0388977145141 -54.2993551171362 -49.778440311892 -0.0195479204554005 -0.0197506509014648
basCol 94.7525079365083 91.2361460468251 98.2688698261915 0.0185983688050114 0.0186497034144682
sidewalkWid 116.098596487217 111.98716163199 120.210031342443 0.0181824873395192 0.0176223194605019
smallPla -14.4636666666667 -15.4461721886074 -13.481161144726 -0.0153945221031719 -0.0169420780445863
buildId -72.5175588972432 -91.1030045132115 -53.932113281275 -0.00703538805496021 -0.00542644113201961
diffBuild 64.6407315995303 54.9548790933291 74.3265841057315 0.00524602766108544 0.00490149564260262
ligh 8.4399605263158 6.7926253347853 10.0872957178463 0.00424978702047861 0.00430939147209569
streeFur 9.54178131634738 6.27229597352084 12.8112666591739 0.00166310189128233 0.0022460825311906
tree 4.10255718954296 -8.82188235258283 17.0269967316687 0.000260923093051763 -0.000460622765429024
feature value norm
enclosure 1849.12452710296 0.0257765077503962
complexity -1797.0808229905 -0.0164978598303052
linkage 1355.40855161219 0.0215718118336066
humanScale 999.85372884841 0.00964663536522248
imageability -831.379139703862 -0.0210281111070123
legibility 121.812841535657 0.00800251476173287
transparency 116.098596487217 0.0181824873395192
coherence 63.3229843443142 0.00184922532256043
tidiness -46.7566001590941 -0.00678429375263896
     feature     value        norm
1 complexity -1797.081 -0.01649786
         feature       realS      lowerS    higherS         normS        normS2
1        movCars -481.173458 -493.556076 -468.79084 -0.0546490257 -0.0560094953
2       parkCars -782.203543 -800.582828 -763.82426 -0.0344361889 -0.0340780134
3       movCicly  -52.038898  -54.299355  -49.77844 -0.0195479205 -0.0197506509
4      buildNRec -542.477531 -551.647309 -533.30775 -0.0523272105 -0.0518047705
5           tree    4.102557   -8.821882   17.02700  0.0002609231 -0.0004606228
6       smallPla  -14.463667  -15.446172  -13.48116 -0.0153945221 -0.0169420780
7      diffBuild   64.640732   54.954879   74.32658  0.0052460277  0.0049014956
8       streeFur    9.541781    6.272296   12.81127  0.0016631019  0.0022460825
9         basCol   94.752508   91.236146   98.26887  0.0185983688  0.0186497034
10          ligh    8.439961    6.792625   10.08730  0.0042497870  0.0043093915
11      accenCol  380.075292  375.558375  384.59221  0.0644449260  0.0650261519
12          peop -311.136557 -323.318513 -298.95460 -0.0225996413 -0.0229830041
13         graff  -56.790000  -58.044240  -55.53576 -0.0492968750 -0.0494791667
14 buildDiffAges -118.350000 -120.047866 -116.65213 -0.0672443182 -0.0676136364
     feature    value        norm
1 humanScale 999.8537 0.009646635
       feature        realS       lowerS     higherS         normS
1      movCars  -481.173458  -493.556076  -468.79084 -0.0546490257
2     movCicly   -52.038898   -54.299355   -49.77844 -0.0195479205
3         tree     4.102557    -8.821882    17.02700  0.0002609231
4     smallPla   -14.463667   -15.446172   -13.48116 -0.0153945221
5     streeFur     9.541781     6.272296    12.81127  0.0016631019
6         ligh     8.439961     6.792625    10.08730  0.0042497870
7         peop  -311.136557  -323.318513  -298.95460 -0.0225996413
8    streetWid  1642.251609  1608.055454  1676.44776  0.0334380086
9  buildHeight -3399.945217 -3476.484453 -3323.40598 -0.0534041801
10   longSight   194.330400   191.042899   197.61790  0.0395440378
          normS2
1  -0.0560094953
2  -0.0197506509
3  -0.0004606228
4  -0.0169420780
5   0.0022460825
6   0.0043093915
7  -0.0229830041
8   0.0331104321
9  -0.0532090561
10  0.0399213970
       feature     value        norm
1 imageability -831.3791 -0.02102811
    feature      realS     lowerS    higherS        normS       normS2
1   buildId  -72.51756  -91.10300  -53.93211 -0.007035388 -0.005426441
2 buildNRec -542.47753 -551.64731 -533.30775 -0.052327211 -0.051804771
3    basCol   94.75251   91.23615   98.26887  0.018598369  0.018649703
4      peop -311.13656 -323.31851 -298.95460 -0.022599641 -0.022983004
    feature    value       norm
1 enclosure 1849.125 0.02577651
      feature        realS       lowerS    higherS         normS        normS2
1        tree     4.102557    -8.821882    17.0270  0.0002609231 -0.0004606228
2        ligh     8.439961     6.792625    10.0873  0.0042497870  0.0043093915
3   streetWid  1642.251609  1608.055454  1676.4478  0.0334380086  0.0331104321
4 buildHeight -3399.945217 -3476.484453 -3323.4060 -0.0534041801 -0.0532090561
5   longSight   194.330400   191.042899   197.6179  0.0395440378  0.0399213970
    feature    value        norm
1 coherence 63.32298 0.001849225
        feature        realS       lowerS     higherS        normS       normS2
1      streeFur     9.541781     6.272296    12.81127  0.001663102  0.002246083
2        basCol    94.752508    91.236146    98.26887  0.018598369  0.018649703
3          ligh     8.439961     6.792625    10.08730  0.004249787  0.004309391
4      accenCol   380.075292   375.558375   384.59221  0.064444926  0.065026152
5          peop  -311.136557  -323.318513  -298.95460 -0.022599641 -0.022983004
6 buildDiffAges  -118.350000  -120.047866  -116.65213 -0.067244318 -0.067613636
7   buildHeight -3399.945217 -3476.484453 -3323.40598 -0.053404180 -0.053209056
  feature    value       norm
1 linkage 1355.409 0.02157181
    feature     realS    lowerS   higherS       normS      normS2
1   movCars -481.1735 -493.5561 -468.7908 -0.05464903 -0.05600950
2 streetWid 1642.2516 1608.0555 1676.4478  0.03343801  0.03311043
3 longSight  194.3304  191.0429  197.6179  0.03954404  0.03992140
     feature    value        norm
1 legibility 121.8128 0.008002515
    feature     realS   lowerS   higherS        normS       normS2
1   buildId -72.51756 -91.1030 -53.93211 -0.007035388 -0.005426441
2 longSight 194.33040 191.0429 197.61790  0.039544038  0.039921397
       feature    value       norm
1 transparency 116.0986 0.01818249
      feature      realS     lowerS   higherS       normS      normS2
1 sidewalkWid   116.0986   111.9872   120.210  0.01818249  0.01762232
2 buildHeight -3399.9452 -3476.4845 -3323.406 -0.05340418 -0.05320906
   feature    value         norm
1 tidiness -46.7566 -0.006784294
    feature        realS       lowerS      higherS        normS       normS2
1  streeFur   9.54178132   6.27229597  12.81126666  0.001663102  0.002246083
2     graff -56.79000000 -58.04423964 -55.53576036 -0.049296875 -0.049479167
3    debris   0.08259518   0.07998185   0.08520852  0.095873524  0.092267479
4  pavement   0.18322697   0.18181999   0.18463396  0.218840924  0.218920688
5 landscape   0.22579636   0.22362300   0.22796972  0.265596112  0.263297757
