[1] "# Modal leave user out from Nov15 data"
# Pleasantness
   V1                V2          V3          V4    V5          V6          V7
1  13        landscape1 0.071383013 0.047238237  6534 0.072528400 0.070237626
2  23 bairro1_liberdade 0.041654189 0.006191029  4156 0.041842412 0.041465966
3  15            trees1 0.027589933 0.013025119  6431 0.027908272 0.027271593
4  10         mov_cars1 0.023931191 0.006477017  6744 0.024085775 0.023776607
5   9       street_wid1 0.023665125 0.013605966  6690 0.023991160 0.023339090
6  21    bairro1_catole 0.020765816 0.005070970  8912 0.020871098 0.020660535
7  20     graffiti1_Yes 0.019678111 0.005698765  1366 0.019980318 0.019375905
8  37    bairro2_centro 0.017997858 0.003618448  7558 0.018079435 0.017916281
9  11        park_cars1 0.016640272 0.006402959  7754 0.016782789 0.016497756
10 28        landscape2 0.014927739 0.008201676  7786 0.015109916 0.014745562
11 36    bairro2_catole 0.012436339 0.003306535  3557 0.012545002 0.012327677
12 12      mov_ciclyst1 0.010510522 0.004242866  2765 0.010668668 0.010352375
13  3             baixa 0.010162471 0.003159167  3427 0.010268242 0.010056701
14 14      build_ident1 0.009309695 0.003915384 10481 0.009384654 0.009234737
15 22    bairro1_centro 0.008702788 0.005000663  7892 0.008813115 0.008592461
16 17       diff_build1 0.007147273 0.004228879  8307 0.007238212 0.007056334
17 30            trees2 0.006426716 0.004499017  6906 0.006532825 0.006320607
18 24       street_wid2 0.006103889 0.004048129  7392 0.006196172 0.006011606
19 35     graffiti2_Yes 0.005521121 0.003102676 10360 0.005580866 0.005461376
20 16     build_height1 0.005368374 0.003497562  6337 0.005454488 0.005282261
21 18           people1 0.004856731 0.003252147  7568 0.004930001 0.004783461
22 27      mov_ciclyst2 0.004046199 0.002434120  9010 0.004096460 0.003995938
23  4       media baixa 0.003886138 0.002503068  9112 0.003937532 0.003834744
24 25         mov_cars2 0.003801017 0.002834728  5398 0.003876638 0.003725396
25  6        media alta 0.003541674 0.002790294  5737 0.003613877 0.003469471
26 33           people2 0.003103202 0.002088615  7517 0.003150417 0.003055987
27 38 bairro2_liberdade 0.002762123 0.002160071  5038 0.002821769 0.002702476
28  8            casado 0.002701692 0.002132797  5649 0.002757310 0.002646075
29  0               age 0.002648336 0.001917918  6877 0.002693666 0.002603007
30  1         masculino 0.002604971 0.002011546  5094 0.002660210 0.002549731
31 26        park_cars2 0.002591904 0.001879435  6663 0.002637031 0.002546776
32 32       diff_build2 0.002524530 0.001985476  6141 0.002574188 0.002474871
33 29      build_ident2 0.002445964 0.002044082  6090 0.002497301 0.002394626
34  5             media 0.002270174 0.001715395  6257 0.002312678 0.002227670
35 31     build_height2 0.002236823 0.001707836  6363 0.002278785 0.002194860
36  2          feminino 0.002215392 0.001758156  4783 0.002265218 0.002165566
   V1                V2           V3          V4    V5           V6
1  13        landscape1 -0.079419620 0.014606218  6280 -0.079058372
2  23 bairro1_liberdade -0.041193230 0.006177500  8658 -0.041063107
3  14      build_ident1 -0.029851468 0.009703142  2333 -0.029457734
4  28        landscape2 -0.024846361 0.016133019  5028 -0.024400432
5  15            trees1 -0.024746885 0.017481570  6383 -0.024318024
6   9       street_wid1 -0.023769251 0.011099595  6124 -0.023491255
7  11        park_cars1 -0.023298557 0.016145499  5060 -0.022853696
8  10         mov_cars1 -0.020873435 0.014346209  6070 -0.020512532
9  21    bairro1_catole -0.020609888 0.005113915  3902 -0.020449432
10 20     graffiti1_Yes -0.018755405 0.005566486 11448 -0.018653437
11 37    bairro2_centro -0.017610253 0.003768108  5256 -0.017508384
12 36    bairro2_catole -0.012409456 0.003344591  9257 -0.012341323
13 17       diff_build1 -0.011625010 0.008723680  4507 -0.011370324
14  3             baixa -0.010681021 0.003378932  9387 -0.010612667
15 12      mov_ciclyst1 -0.010428019 0.003986714 10049 -0.010350071
16 24       street_wid2 -0.008601819 0.005720331  5422 -0.008449558
17 30            trees2 -0.007895828 0.005416108  5908 -0.007757721
18 22    bairro1_centro -0.007826904 0.004917248  4922 -0.007689531
19 18           people1 -0.005886777 0.004578032  5246 -0.005762894
20 16     build_height1 -0.004796089 0.003073232  6477 -0.004721245
21 35     graffiti2_Yes -0.004152023 0.003281915  2454 -0.004022174
22  6        media alta -0.003898066 0.002919393  7077 -0.003830049
23 33           people2 -0.003891431 0.002977735  5297 -0.003811241
24 27      mov_ciclyst2 -0.003434151 0.002555346  3804 -0.003352947
25 38 bairro2_liberdade -0.003212088 0.002237074  7776 -0.003162366
26 25         mov_cars2 -0.003202680 0.002128048  7416 -0.003154247
27  4       media baixa -0.003127010 0.002466686  3702 -0.003047551
28  8            casado -0.003116113 0.002316823  7165 -0.003062468
29  1         masculino -0.002982406 0.001985739  7720 -0.002938110
30  2          feminino -0.002845321 0.001995730  8031 -0.002801673
31  0               age -0.002726389 0.002094086  5937 -0.002673122
32 26        park_cars2 -0.002685242 0.002074194  6151 -0.002633406
33 32       diff_build2 -0.002467327 0.001827998  6673 -0.002423468
34  5             media -0.002389744 0.001773519  6557 -0.002346817
35 29      build_ident2 -0.002372644 0.001829144  6724 -0.002328923
36 31     build_height2 -0.002244306 0.001700296  6451 -0.002202815
37  7          solteiro  0.000000000 0.000000000 12814  0.000000000
38 19      graffiti1_No  0.000000000 0.000000000 12814  0.000000000
39 34      graffiti2_No  0.000000000 0.000000000 12814  0.000000000
             V7
1  -0.079780869
2  -0.041323352
3  -0.030245203
4  -0.025292291
5  -0.025175745
6  -0.024047246
7  -0.023743418
8  -0.021234339
9  -0.020770345
10 -0.018857373
11 -0.017712122
12 -0.012477589
13 -0.011879695
14 -0.010749375
15 -0.010505966
16 -0.008754080
17 -0.008033935
18 -0.007964276
19 -0.006010661
20 -0.004870933
21 -0.004281872
22 -0.003966083
23 -0.003971620
24 -0.003515355
25 -0.003261810
26 -0.003251114
27 -0.003206469
28 -0.003169759
29 -0.003026702
30 -0.002888969
31 -0.002779656
32 -0.002737077
33 -0.002511187
34 -0.002432671
35 -0.002416364
36 -0.002285798
37  0.000000000
38  0.000000000
39  0.000000000
# Safety
   V1                V2          V3          V4   V5          V6          V7
1  35     graffiti2_Yes 0.065818558 0.010210894 1937 0.066273281 0.065363835
2  28        landscape2 0.055851281 0.021262404 1093 0.057111803 0.054590760
3  13        landscape1 0.039357215 0.028210547 1047 0.041065995 0.037648434
4  23 bairro1_liberdade 0.031268103 0.005211082 1257 0.031556180 0.030980026
5  10         mov_cars1 0.028087141 0.014155533 1734 0.028753411 0.027420872
6  25         mov_cars2 0.022607960 0.012546871 1077 0.023357294 0.021858625
7   9       street_wid1 0.022344675 0.015028630 1191 0.023198191 0.021491159
8  30            trees2 0.020777989 0.014055232 1278 0.021548575 0.020007404
9  24       street_wid2 0.020589665 0.009916752 1065 0.021185248 0.019994081
10  1         masculino 0.017169969 0.004879446 1627 0.017407065 0.016932872
11  2          feminino 0.016500903 0.003970104 1627 0.016693814 0.016307993
12 26        park_cars2 0.016189651 0.010470896  815 0.016908526 0.015470777
13 21    bairro1_catole 0.014404424 0.004464359 1606 0.014622765 0.014186084
14 22    bairro1_centro 0.014380105 0.005294132 1920 0.014616911 0.014143300
15 20     graffiti1_Yes 0.013486734 0.008410778  154 0.014815119 0.012158350
16 14      build_ident1 0.012620592 0.006384041 1629 0.012930608 0.012310577
17 37    bairro2_centro 0.012018119 0.005028344 1253 0.012296537 0.011739701
18 36    bairro2_catole 0.011417210 0.004555970 1547 0.011644240 0.011190180
19 11        park_cars1 0.011308896 0.006035369 1464 0.011618055 0.010999737
20 16     build_height1 0.010610747 0.004151676 1159 0.010849765 0.010371730
21  6        media alta 0.010105613 0.004938879 2041 0.010319880 0.009891346
22  5             media 0.009905632 0.008989507 1090 0.010439300 0.009371965
23  3             baixa 0.008821022 0.004106437 1964 0.009002633 0.008639411
24 12      mov_ciclyst1 0.008509624 0.003921657 1817 0.008689942 0.008329305
25 29      build_ident2 0.008432831 0.006454803  747 0.008895714 0.007969949
26 18           people1 0.008160115 0.004049313 1712 0.008351928 0.007968302
27 17       diff_build1 0.008109671 0.004061175 1682 0.008303754 0.007915589
28 31     build_height2 0.007555580 0.005503408  800 0.007936939 0.007174220
29  0               age 0.006603963 0.003336536 1830 0.006756831 0.006451094
30  4       media baixa 0.006401234 0.003862479 1603 0.006590315 0.006212154
31 32       diff_build2 0.005643699 0.003667497 1220 0.005849495 0.005437902
32 15            trees1 0.004772664 0.003344860 1104 0.004969971 0.004575358
33 33           people2 0.004524719 0.003387463 1046 0.004730004 0.004319434
34 27      mov_ciclyst2 0.003976753 0.003554900  781 0.004226069 0.003727437
35 38 bairro2_liberdade 0.003378966 0.002751858  969 0.003552232 0.003205700
36  8            casado 0.003078425 0.002530315  793 0.003254536 0.002902314
   V1                V2           V3          V4   V5           V6           V7
1  35     graffiti2_Yes -0.064178966 0.010593682  337 -0.063047921 -0.065310012
2  10         mov_cars1 -0.061855420 0.011072207  540 -0.060921552 -0.062789288
3  28        landscape2 -0.053361635 0.041038857 1181 -0.051021083 -0.055702188
4  13        landscape1 -0.031850724 0.013547598 1227 -0.031092691 -0.032608757
5  23 bairro1_liberdade -0.031192377 0.005346644 1017 -0.030863776 -0.031520978
6  30            trees2 -0.026958555 0.020578149  996 -0.025680573 -0.028236537
7  25         mov_cars2 -0.024507952 0.008042330 1197 -0.024052353 -0.024963552
8   9       street_wid1 -0.022618283 0.010831920 1083 -0.021973164 -0.023263401
9  14      build_ident1 -0.022397429 0.008388945  645 -0.021750025 -0.023044833
10 17       diff_build1 -0.022011892 0.010578238  592 -0.021159772 -0.022864011
11 24       street_wid2 -0.020151167 0.011650044 1209 -0.019494474 -0.020807860
12 11        park_cars1 -0.020041833 0.015225443  810 -0.018993316 -0.021090350
13 18           people1 -0.019560106 0.007690531  562 -0.018924283 -0.020195929
14  2          feminino -0.016359729 0.006058186  647 -0.015892921 -0.016826537
15  1         masculino -0.016342221 0.005192578  647 -0.015942111 -0.016742330
16 20     graffiti1_Yes -0.014840053 0.006218783 2120 -0.014575334 -0.015104772
17 21    bairro1_catole -0.013969568 0.004629669  668 -0.013618485 -0.014320651
18 22    bairro1_centro -0.013806894 0.005632125  354 -0.013220190 -0.014393598
19 37    bairro2_centro -0.012682988 0.004689034 1021 -0.012395368 -0.012970608
20  0               age -0.012677407 0.006718074  444 -0.012052520 -0.013302294
21 36    bairro2_catole -0.010689783 0.004259321  727 -0.010380169 -0.010999398
22 26        park_cars2 -0.010460219 0.005788741 1459 -0.010163186 -0.010757252
23  6        media alta -0.009245151 0.006591469  233 -0.008398796 -0.010091505
24  3             baixa -0.009051018 0.005485030  310 -0.008440432 -0.009661603
25 16     build_height1 -0.008895320 0.004928904 1115 -0.008606012 -0.009184629
26 12      mov_ciclyst1 -0.008282331 0.004152389  457 -0.007901626 -0.008663035
27 32       diff_build2 -0.006826531 0.004903964 1054 -0.006530474 -0.007122587
28  5             media -0.006652547 0.003251270 1184 -0.006467354 -0.006837740
29  4       media baixa -0.005365762 0.004496721  671 -0.005025524 -0.005706000
30 29      build_ident2 -0.005349317 0.003174879 1527 -0.005190076 -0.005508558
31 33           people2 -0.004504915 0.003071142 1228 -0.004333144 -0.004676686
32 27      mov_ciclyst2 -0.004495899 0.002893299 1493 -0.004349138 -0.004642661
33 38 bairro2_liberdade -0.004077113 0.003067872 1305 -0.003910665 -0.004243562
34 31     build_height2 -0.003946761 0.002448556 1474 -0.003821761 -0.004071761
35 15            trees1 -0.003944643 0.003009253 1170 -0.003772212 -0.004117073
36  8            casado -0.003603562 0.002586274 1481 -0.003471844 -0.003735280
37  7          solteiro  0.000000000 0.000000000 2274  0.000000000  0.000000000
38 19      graffiti1_No  0.000000000 0.000000000 2274  0.000000000  0.000000000
39 34      graffiti2_No  0.000000000 0.000000000 2274  0.000000000  0.000000000
[1] "# Modal leave user out from Sep16 data"

[1] "## Pleasantness all"
   V1                V2          V3          V4    V5          V6          V7
1  13        landscape1 0.070061186 0.046912789  6510 0.068921596 0.071200777
2  23 bairro1_liberdade 0.042762719 0.006020476  4174 0.042580077 0.042945362
3  15            trees1 0.029159595 0.014374334  6395 0.028807292 0.029511897
4  10         mov_cars1 0.023820712 0.006436172  6765 0.023667341 0.023974082
5   9       street_wid1 0.023727676 0.013418464  6684 0.023405990 0.024049363
6  21    bairro1_catole 0.020683161 0.004768294  8906 0.020584130 0.020782191
7  20     graffiti1_Yes 0.020076900 0.006597139  1362 0.019726540 0.020427261
8  37    bairro2_centro 0.018327995 0.003413955  7564 0.018251058 0.018404931
9  11        park_cars1 0.016780248 0.006450112  7776 0.016636885 0.016923611
10 28        landscape2 0.014912379 0.008156090  7802 0.014731401 0.015093358
11 36    bairro2_catole 0.012252417 0.003454121  3565 0.012139032 0.012365802
12 12      mov_ciclyst1 0.010119412 0.004031870  2776 0.009969428 0.010269396
13  3             baixa 0.009548289 0.003554582  3414 0.009429053 0.009667524
14 14      build_ident1 0.009349022 0.003643450 10549 0.009279495 0.009418550
15 22    bairro1_centro 0.009081313 0.004672343  8041 0.008979189 0.009183437
16 17       diff_build1 0.007373041 0.004437333  8170 0.007276823 0.007469260
17 30            trees2 0.006353250 0.004475330  7024 0.006248590 0.006457910
18 24       street_wid2 0.005986976 0.004015483  7326 0.005895026 0.006078927
19 16     build_height1 0.005681474 0.003841136  6352 0.005587013 0.005775935
20 35     graffiti2_Yes 0.005352734 0.003170393 10163 0.005291096 0.005414373
21 18           people1 0.004730640 0.003082087  7657 0.004661606 0.004799674
22 27      mov_ciclyst2 0.004033564 0.002443910  9095 0.003983338 0.004083791
23  4       media baixa 0.003791226 0.002496871  8821 0.003739121 0.003843332
24 25         mov_cars2 0.003790005 0.002830188  5470 0.003715004 0.003865007
25  6        media alta 0.003571548 0.002779991  5895 0.003500582 0.003642514
26 33           people2 0.002979187 0.002023840  7415 0.002933122 0.003025252
27  8            casado 0.002819790 0.002150424  6059 0.002765644 0.002873937
28 38 bairro2_liberdade 0.002728889 0.002078296  4929 0.002670869 0.002786909
29  2          feminino 0.002719216 0.002027140  5238 0.002664319 0.002774113
30 26        park_cars2 0.002718456 0.001963097  6745 0.002671607 0.002765305
31  0               age 0.002671026 0.001905015  6829 0.002625844 0.002716208
32  1         masculino 0.002567588 0.001986244  5318 0.002514205 0.002620972
33 32       diff_build2 0.002559578 0.002045499  6287 0.002509016 0.002610140
34 29      build_ident2 0.002397981 0.002012228  6095 0.002347464 0.002448499
35 31     build_height2 0.002282192 0.001738966  6278 0.002239176 0.002325208
36  5             media 0.002281620 0.001721555  6644 0.002240224 0.002323015
   V1                V2           V3          V4    V5           V6
1  13        landscape1 -0.077946191 0.015023437  6312 -0.078316815
2  23 bairro1_liberdade -0.042711896 0.005978079  8648 -0.042837890
3  14      build_ident1 -0.031653072 0.008883684  2273 -0.032018281
4  15            trees1 -0.026024490 0.017664434  6427 -0.026456350
5  28        landscape2 -0.024666975 0.016020669  5020 -0.025110151
6   9       street_wid1 -0.023699894 0.011005366  6138 -0.023975215
7  11        park_cars1 -0.023609889 0.016177908  5046 -0.024056261
8  10         mov_cars1 -0.020810417 0.014445107  6057 -0.021174198
9  21    bairro1_catole -0.020728013 0.004694027  3916 -0.020875032
10 20     graffiti1_Yes -0.019112732 0.006385458 11460 -0.019229641
11 37    bairro2_centro -0.018195011 0.003390029  5258 -0.018286642
12 36    bairro2_catole -0.012286873 0.003462609  9257 -0.012357410
13 17       diff_build1 -0.011330324 0.008739454  4652 -0.011581462
14  3             baixa -0.010387777 0.003222501  9408 -0.010452893
15 12      mov_ciclyst1 -0.010141005 0.003853340 10046 -0.010216356
16 22    bairro1_centro -0.008550347 0.004647846  4781 -0.008682094
17 24       street_wid2 -0.008163773 0.005443464  5496 -0.008307686
18 30            trees2 -0.008066774 0.005580091  5798 -0.008210406
19 18           people1 -0.005955741 0.004461025  5165 -0.006077401
20 16     build_height1 -0.005144760 0.003248871  6470 -0.005223925
21  6        media alta -0.003881507 0.002925917  6927 -0.003950410
22 35     graffiti2_Yes -0.003867457 0.003203754  2659 -0.003989229
23 33           people2 -0.003798958 0.002952994  5407 -0.003877669
24 27      mov_ciclyst2 -0.003362691 0.002471431  3727 -0.003442036
25 25         mov_cars2 -0.003224495 0.002173092  7352 -0.003274168
26 38 bairro2_liberdade -0.003162391 0.002154071  7893 -0.003209912
27  2          feminino -0.003099039 0.002040448  7584 -0.003144961
28  8            casado -0.003049246 0.002293666  6763 -0.003103911
29  0               age -0.002873033 0.002208342  5993 -0.002928943
30  4       media baixa -0.002819031 0.002276815  4001 -0.002889580
31 26        park_cars2 -0.002797557 0.002147226  6077 -0.002851543
32  1         masculino -0.002776793 0.001922658  7504 -0.002820295
33 32       diff_build2 -0.002470073 0.001802898  6535 -0.002513785
34 29      build_ident2 -0.002337188 0.001864399  6727 -0.002381741
35 31     build_height2 -0.002262665 0.001716955  6544 -0.002304264
36  5             media -0.002182610 0.001632136  6178 -0.002223309
37  7          solteiro  0.000000000 0.000000000 12822  0.000000000
38 19      graffiti1_No  0.000000000 0.000000000 12822  0.000000000
39 34      graffiti2_No  0.000000000 0.000000000 12822  0.000000000
             V7
1  -0.077575567
2  -0.042585901
3  -0.031287863
4  -0.025592629
5  -0.024223798
6  -0.023424573
7  -0.023163517
8  -0.020446636
9  -0.020580995
10 -0.018995823
11 -0.018103381
12 -0.012216336
13 -0.011079186
14 -0.010322660
15 -0.010065654
16 -0.008418600
17 -0.008019860
18 -0.007923143
19 -0.005834081
20 -0.005065596
21 -0.003812605
22 -0.003745685
23 -0.003720248
24 -0.003283347
25 -0.003174822
26 -0.003114870
27 -0.003053116
28 -0.002994581
29 -0.002817122
30 -0.002748482
31 -0.002743571
32 -0.002733292
33 -0.002426362
34 -0.002292635
35 -0.002221065
36 -0.002141912
37  0.000000000
38  0.000000000
39  0.000000000
[1] "## Safety all"
   V1                V2          V3          V4   V5          V6          V7
1  35     graffiti2_Yes 0.064214334 0.008836743 1929 0.063819991 0.064608677
2  28        landscape2 0.054642515 0.021470189 1090 0.053367924 0.055917105
3  13        landscape1 0.038683034 0.027647579 1042 0.037004341 0.040361727
4  23 bairro1_liberdade 0.031392164 0.004454434 1266 0.031146793 0.031637535
5  10         mov_cars1 0.028306622 0.014235968 1733 0.027636374 0.028976871
6  25         mov_cars2 0.022581057 0.011850819 1074 0.021872305 0.023289809
7   9       street_wid1 0.022233407 0.014783076 1193 0.021394540 0.023072273
8  24       street_wid2 0.020985723 0.010573533 1050 0.020346174 0.021625271
9  30            trees2 0.020912041 0.013551133 1249 0.020160517 0.021663564
10  2          feminino 0.017745549 0.004454764 1626 0.017529022 0.017962076
11  1         masculino 0.016298456 0.004174435 1626 0.016095555 0.016501358
12 20     graffiti1_Yes 0.014705999 0.007752122  138 0.013412610 0.015999388
13 26        park_cars2 0.014413901 0.009543906  858 0.013775299 0.015052504
14 21    bairro1_catole 0.014196572 0.004341271 1613 0.013984712 0.014408431
15 22    bairro1_centro 0.013556155 0.005293141 1920 0.013319394 0.013792917
16 14      build_ident1 0.013410369 0.007137213 1606 0.013061306 0.013759432
17 37    bairro2_centro 0.013201198 0.006973153 1255 0.012815404 0.013586992
18 11        park_cars1 0.012053237 0.006055194 1437 0.011740162 0.012366311
19 36    bairro2_catole 0.011683287 0.004634404 1541 0.011451899 0.011914675
20 16     build_height1 0.010623217 0.004568397 1167 0.010361112 0.010885323
21  6        media alta 0.010089099 0.004675221 2075 0.009887939 0.010290258
22  3             baixa 0.009671317 0.004523541 1956 0.009470850 0.009871783
23  5             media 0.008893330 0.007016835 1112 0.008480913 0.009305747
24 29      build_ident2 0.008858132 0.006447485  768 0.008402139 0.009314125
25 12      mov_ciclyst1 0.008473493 0.003842531 1791 0.008295535 0.008651451
26 17       diff_build1 0.008173321 0.004469648 1706 0.007961225 0.008385417
27 18           people1 0.008132781 0.003896518 1703 0.007947719 0.008317843
28 31     build_height2 0.007803973 0.005391366  754 0.007419150 0.008188797
29  0               age 0.006565556 0.003471293 1800 0.006405193 0.006725919
30  4       media baixa 0.006495753 0.004490215 1606 0.006276148 0.006715358
31 32       diff_build2 0.006358521 0.004001746 1197 0.006131821 0.006585220
32 33           people2 0.005271347 0.004533143 1059 0.004998324 0.005544370
33 15            trees1 0.004559761 0.003237565 1126 0.004370658 0.004748863
34 27      mov_ciclyst2 0.003673329 0.003810301  803 0.003409787 0.003936871
35 38 bairro2_liberdade 0.003655471 0.003288316  979 0.003449488 0.003861453
36  8            casado 0.003162143 0.002564875  862 0.002990920 0.003333365
   V1                V2           V3          V4   V5           V6           V7
1  35     graffiti2_Yes -0.063201986 0.009744954  342 -0.064234783 -0.062169189
2  10         mov_cars1 -0.061680123 0.010343212  538 -0.062554124 -0.060806121
3  28        landscape2 -0.052617659 0.040666743 1181 -0.054936989 -0.050298329
4  23 bairro1_liberdade -0.031210300 0.004450415 1005 -0.031485448 -0.030935153
5  13        landscape1 -0.030896020 0.013427163 1229 -0.031646703 -0.030145337
6  30            trees2 -0.026152399 0.020235610 1022 -0.027393020 -0.024911779
7  25         mov_cars2 -0.024932124 0.007950156 1197 -0.025382501 -0.024481746
8  17       diff_build1 -0.023891627 0.011200427  565 -0.024815173 -0.022968081
9  14      build_ident1 -0.023049527 0.009839259  665 -0.023797352 -0.022301703
10  9       street_wid1 -0.022613118 0.009983023 1078 -0.023209056 -0.022017181
11 24       street_wid2 -0.020551159 0.012069408 1221 -0.021228139 -0.019874178
12 11        park_cars1 -0.019854883 0.015898195  834 -0.020933861 -0.018775904
13 18           people1 -0.018991912 0.007548818  568 -0.019612714 -0.018371111
14  1         masculino -0.016443954 0.006065115  645 -0.016912021 -0.015975888
15 20     graffiti1_Yes -0.015891649 0.006415598 2133 -0.016163913 -0.015619385
16  2          feminino -0.015651291 0.005169946  645 -0.016050274 -0.015252308
17 21    bairro1_catole -0.015100484 0.004495120  658 -0.015443944 -0.014757024
18 37    bairro2_centro -0.013752043 0.006431905 1016 -0.014147538 -0.013356548
19 22    bairro1_centro -0.013493301 0.005839989  351 -0.014104252 -0.012882350
20  0               age -0.013444918 0.007562280  471 -0.014127870 -0.012761966
21 36    bairro2_catole -0.010826071 0.004812502  730 -0.011175177 -0.010476965
22 26        park_cars2 -0.010273803 0.004677920 1413 -0.010517713 -0.010029893
23  6        media alta -0.009483489 0.006564511  196 -0.010402504 -0.008564475
24 16     build_height1 -0.008711659 0.005171663 1104 -0.009016725 -0.008406593
25  3             baixa -0.008235514 0.005631605  315 -0.008857421 -0.007613608
26 12      mov_ciclyst1 -0.007861637 0.004199942  480 -0.008237362 -0.007485911
27 32       diff_build2 -0.006861467 0.004855167 1074 -0.007151836 -0.006571098
28  5             media -0.006731164 0.003728311 1159 -0.006945808 -0.006516520
29  4       media baixa -0.006024993 0.004472183  665 -0.006364897 -0.005685089
30 29      build_ident2 -0.005807082 0.003539628 1503 -0.005986030 -0.005628134
31 33           people2 -0.004398214 0.003265431 1212 -0.004582053 -0.004214375
32 31     build_height2 -0.004256501 0.002576105 1517 -0.004386135 -0.004126868
33 38 bairro2_liberdade -0.004235494 0.003267416 1292 -0.004413659 -0.004057330
34 27      mov_ciclyst2 -0.003982403 0.002751470 1468 -0.004123154 -0.003841653
35 15            trees1 -0.003932428 0.002924784 1145 -0.004101838 -0.003763018
36  8            casado -0.003670932 0.002574781 1409 -0.003805373 -0.003536490
37  7          solteiro  0.000000000 0.000000000 2271  0.000000000  0.000000000
38 19      graffiti1_No  0.000000000 0.000000000 2271  0.000000000  0.000000000
39 34      graffiti2_No  0.000000000 0.000000000 2271  0.000000000  0.000000000
[1] "## Safety masculino"
   V1                V2          V3          V4   V5          V6          V7
1  34     graffiti2_Yes 0.069568921 0.009465871 1409 0.069074663 0.070063178
2  27        landscape2 0.054023012 0.024359656  818 0.052353680 0.055692343
3  12        landscape1 0.041261334 0.029605722  782 0.039186323 0.043336344
4  22 bairro1_liberdade 0.034729799 0.005461320  913 0.034375549 0.035084049
5   5        media alta 0.025900258 0.006610220 1485 0.025564055 0.026236460
6   8       street_wid1 0.022355169 0.016197776  848 0.021264970 0.023445367
7   9         mov_cars1 0.022273345 0.010706570 1250 0.021679814 0.022866876
8  23       street_wid2 0.020881958 0.009567409  747 0.020195867 0.021568050
9  20    bairro1_catole 0.017603041 0.006845208 1141 0.017205857 0.018000225
10 29            trees2 0.016904984 0.012057790  824 0.016081695 0.017728273
11  4             media 0.016898559 0.012893739  770 0.015987846 0.017809272
12 24         mov_cars2 0.015430708 0.006530825  759 0.014966091 0.015895325
13 21    bairro1_centro 0.015249811 0.009523021 1369 0.014745358 0.015754265
14 13      build_ident1 0.013138090 0.006463744 1158 0.012765803 0.013510377
15 15     build_height1 0.011660493 0.004506192  807 0.011349593 0.011971393
16 10        park_cars1 0.010829441 0.005799144 1020 0.010473554 0.011185328
17 30     build_height2 0.010315531 0.006472518  548 0.009773616 0.010857445
18 36    bairro2_centro 0.010127645 0.004909487  843 0.009796232 0.010459059
19  7            casado 0.009273936 0.005362828  210 0.008548612 0.009999261
20  0               age 0.008486316 0.003476313 1344 0.008300464 0.008672168
21 25        park_cars2 0.008340279 0.005316589  650 0.007931561 0.008748998
22 16       diff_build1 0.008158846 0.004374483 1214 0.007912772 0.008404920
23 17           people1 0.007856768 0.004263385 1209 0.007616448 0.008097088
24 19     graffiti1_Yes 0.007526775 0.006250866  147 0.006516291 0.008537260
25 26      mov_ciclyst2 0.007487216 0.005512047  456 0.006981300 0.007993132
26 35    bairro2_catole 0.007301703 0.004889854  995 0.006997872 0.007605534
27 11      mov_ciclyst1 0.006350813 0.003517602 1219 0.006153346 0.006548279
28  2             baixa 0.006255551 0.003963070 1160 0.006027490 0.006483612
29 28      build_ident2 0.005611237 0.005070426  572 0.005195715 0.006026759
30 37 bairro2_liberdade 0.005477539 0.003989188 1001 0.005230414 0.005724663
31  3       media baixa 0.004732110 0.003742574  637 0.004441475 0.005022746
32 14            trees1 0.004727987 0.003688292  809 0.004473832 0.004982143
33 32           people2 0.004558044 0.003356858  882 0.004336507 0.004779581
34 31       diff_build2 0.004273289 0.003003507  891 0.004076074 0.004470503
   V1                V2           V3          V4   V5           V6           V7
1  34     graffiti2_Yes -0.066114487 0.012644558  201 -0.067862536 -0.064366437
2  27        landscape2 -0.053838253 0.046268156  792 -0.057060566 -0.050615940
3   9         mov_cars1 -0.050120036 0.007794350  360 -0.050925186 -0.049314886
4  12        landscape1 -0.035655473 0.013031983  828 -0.036543127 -0.034767820
5  22 bairro1_liberdade -0.034565505 0.005156857  697 -0.034948344 -0.034182665
6  16       diff_build1 -0.024416339 0.011216108  396 -0.025521034 -0.023311643
7   5        media alta -0.023914320 0.006617911  125 -0.025074470 -0.022754170
8  13      build_ident1 -0.022429671 0.009625607  452 -0.023317046 -0.021542297
9   8       street_wid1 -0.022025387 0.008297880  762 -0.022614553 -0.021436221
10  0               age -0.021619109 0.005776878  266 -0.022313334 -0.020924884
11 23       street_wid2 -0.019846768 0.013288778  863 -0.020733368 -0.018960168
12 20    bairro1_catole -0.019209306 0.006733459  469 -0.019818703 -0.018599910
13 17           people1 -0.018370934 0.008982864  401 -0.019250140 -0.017491728
14 10        park_cars1 -0.017931863 0.013911940  590 -0.019054424 -0.016809303
15 29            trees2 -0.017109639 0.013920100  786 -0.018082787 -0.016136490
16 24         mov_cars2 -0.017098493 0.006489441  851 -0.017534497 -0.016662489
17 21    bairro1_centro -0.013343535 0.008285783  241 -0.014389635 -0.012297436
18 19     graffiti1_Yes -0.011058550 0.005763978 1463 -0.011353907 -0.010763192
19  7            casado -0.010433995 0.004803080 1400 -0.010685591 -0.010182399
20 36    bairro2_centro -0.010099401 0.004861003  767 -0.010443415 -0.009755387
21 15     build_height1 -0.009271146 0.005171797  803 -0.009628856 -0.008913435
22  4             media -0.008742233 0.003647704  840 -0.008988910 -0.008495556
23 26      mov_ciclyst2 -0.007258453 0.004443699 1154 -0.007514837 -0.007002070
24 35    bairro2_catole -0.006449868 0.004828636  615 -0.006831492 -0.006068245
25 25        park_cars2 -0.006403865 0.004068999  960 -0.006661260 -0.006146470
26 30     build_height2 -0.005182136 0.003021031 1062 -0.005363830 -0.005000442
27 32           people2 -0.005140260 0.004026704  728 -0.005432764 -0.004847756
28 11      mov_ciclyst1 -0.005049712 0.003821812  391 -0.005428529 -0.004670896
29 31       diff_build2 -0.004852351 0.003396778  719 -0.005100637 -0.004604066
30  3       media baixa -0.004676447 0.002903837  973 -0.004858905 -0.004493989
31  2             baixa -0.004317352 0.003725826  450 -0.004661594 -0.003973109
32 37 bairro2_liberdade -0.004227001 0.003695233  609 -0.004520483 -0.003933519
33 28      build_ident2 -0.003979127 0.002735037 1038 -0.004145511 -0.003812742
34 14            trees1 -0.003775565 0.003051833  801 -0.003986911 -0.003564220
35  1         masculino  0.000000000 0.000000000 1610  0.000000000  0.000000000
36  6          solteiro  0.000000000 0.000000000 1610  0.000000000  0.000000000
37 18      graffiti1_No  0.000000000 0.000000000 1610  0.000000000  0.000000000
38 33      graffiti2_No  0.000000000 0.000000000 1610  0.000000000  0.000000000
[1] "## Safety feminino"
   V1                V2          V3          V4  V5          V6          V7
1   3       media baixa 0.066089945 0.010626044 525 0.065180995 0.066998895
2  34     graffiti2_Yes 0.055613023 0.012130056 495 0.054544440 0.056681606
3  24         mov_cars2 0.047193802 0.027449989 220 0.043566540 0.050821064
4  27        landscape2 0.045995310 0.020176748 311 0.043752879 0.048237741
5   9         mov_cars1 0.042084426 0.023946202 450 0.039871950 0.044296901
6  29            trees2 0.034599739 0.018624102 329 0.032587287 0.036612191
7  12        landscape1 0.030799717 0.006563134 278 0.030028216 0.031571219
8  25        park_cars2 0.028976570 0.022710430 255 0.026189144 0.031763996
9  19     graffiti1_Yes 0.024409178 0.007296482  45 0.022277335 0.026541022
10 35    bairro2_catole 0.024179250 0.005736652 439 0.023642621 0.024715880
11 21    bairro1_centro 0.018872426 0.005742325 514 0.018376001 0.019368852
12  8       street_wid1 0.018710175 0.013125583 333 0.017300417 0.020119934
13 22 bairro1_liberdade 0.015746911 0.004478072 331 0.015264491 0.016229331
14 28      build_ident2 0.015597369 0.010142497 163 0.014040331 0.017154407
15 23       street_wid2 0.015200643 0.010163709 286 0.014022719 0.016378567
16 11      mov_ciclyst1 0.013894392 0.005628553 501 0.013401529 0.014387254
17 36    bairro2_centro 0.013533150 0.006349815 378 0.012893027 0.014173272
18  5        media alta 0.013182205 0.026520611 211 0.009603793 0.016760618
19  2             baixa 0.013136931 0.006071118 523 0.012616616 0.013657245
20 13      build_ident1 0.011550763 0.005757124 396 0.010983733 0.012117793
21 10        park_cars1 0.011108759 0.006255643 387 0.010485506 0.011732012
22  6          solteiro 0.011088613 0.004480655 447 0.010673243 0.011503984
23 32           people2 0.011021503 0.011081425 278 0.009718873 0.012324134
24  7            casado 0.009774220 0.004286812 409 0.009358768 0.010189672
25  4             media 0.009282676 0.004266680 314 0.008810751 0.009754602
26 31       diff_build2 0.008127981 0.006532203 315 0.007406620 0.008849341
27 17           people1 0.007361785 0.004230801 438 0.006965568 0.007758003
28 16       diff_build1 0.006656706 0.003634220 473 0.006329193 0.006984219
29 37 bairro2_liberdade 0.006218867 0.005223113  93 0.005157327 0.007280406
30 20    bairro1_catole 0.005816591 0.003293332 419 0.005501253 0.006131929
31 15     build_height1 0.005417525 0.002955023 320 0.005093757 0.005741293
32  0               age 0.005143909 0.003744663 287 0.004710678 0.005577140
33 26      mov_ciclyst2 0.004679523 0.003070061 444 0.004393959 0.004965087
34 30     build_height2 0.003600598 0.002987736 311 0.003268543 0.003932653
35 14            trees1 0.003529993 0.002415562 325 0.003267375 0.003792611
   V1                V2           V3          V4  V5           V6           V7
1   9         mov_cars1 -0.082198922 0.024150485 179 -0.085736838 -0.078661007
2  27        landscape2 -0.067020302 0.010909115 318 -0.068219316 -0.065821289
3  34     graffiti2_Yes -0.054846199 0.010160975 134 -0.056566606 -0.053125793
4   3       media baixa -0.045643947 0.019672911 104 -0.049424890 -0.041863005
5  29            trees2 -0.036328839 0.026300461 300 -0.039304962 -0.033352716
6  24         mov_cars2 -0.035235625 0.015545454 409 -0.036742197 -0.033729053
7  19     graffiti1_Yes -0.026117077 0.007657583 584 -0.026738137 -0.025496018
8  35    bairro2_catole -0.023615275 0.005626430 190 -0.024415301 -0.022815248
9  25        park_cars2 -0.021146316 0.009825163 374 -0.022142069 -0.020150562
10 12        landscape1 -0.019989614 0.010083222 351 -0.021044472 -0.018934756
11 21    bairro1_centro -0.019981145 0.005938639 115 -0.021066536 -0.018895754
12  8       street_wid1 -0.019197641 0.011503159 296 -0.020508088 -0.017887194
13 16       diff_build1 -0.018239196 0.009873806 156 -0.019788620 -0.016689771
14 10        park_cars1 -0.017852602 0.013219400 242 -0.019518131 -0.016187073
15 22 bairro1_liberdade -0.015616620 0.004154227 298 -0.016088281 -0.015144959
16 36    bairro2_centro -0.015434940 0.007720770 251 -0.016390090 -0.014479789
17 13      build_ident1 -0.015361976 0.009776005 233 -0.016617230 -0.014106723
18 23       street_wid2 -0.014564106 0.006843019 343 -0.015288290 -0.013839922
19 17           people1 -0.013262265 0.008191559 191 -0.014423976 -0.012100555
20 11      mov_ciclyst1 -0.012518027 0.005432917 128 -0.013459215 -0.011576840
21  4             media -0.012031361 0.008697275 315 -0.012991814 -0.011070908
22 32           people2 -0.011219580 0.007171993 351 -0.011969879 -0.010469281
23  2             baixa -0.011154083 0.008379543 106 -0.012749284 -0.009558881
24 31       diff_build2 -0.010563880 0.007291175 314 -0.011370336 -0.009757423
25 37 bairro2_liberdade -0.010203023 0.005880700 536 -0.010700868 -0.009705177
26  7            casado -0.009730285 0.006358592 220 -0.010570514 -0.008890056
27  5        media alta -0.008653205 0.011469123 418 -0.009752692 -0.007553718
28 28      build_ident2 -0.007852681 0.004095446 466 -0.008224521 -0.007480841
29  6          solteiro -0.005735811 0.006553222 182 -0.006687878 -0.004783745
30 20    bairro1_catole -0.005496483 0.003838300 210 -0.006015615 -0.004977352
31  0               age -0.005490541 0.003825380 342 -0.005895965 -0.005085117
32 15     build_height1 -0.005096490 0.003364117 309 -0.005471584 -0.004721397
33 26      mov_ciclyst2 -0.003478952 0.002637624 185 -0.003859032 -0.003098872
34 30     build_height2 -0.003071668 0.002207283 318 -0.003314269 -0.002829067
35 14            trees1 -0.002978916 0.002284852 304 -0.003235760 -0.002722072
36  1          feminino  0.000000000 0.000000000 629  0.000000000  0.000000000
37 18      graffiti1_No  0.000000000 0.000000000 629  0.000000000  0.000000000
38 33      graffiti2_No  0.000000000 0.000000000 629  0.000000000  0.000000000
[1] "## Pleasantness baixa"
   V1                V2          V3          V4   V5          V6          V7
1  11        landscape1 0.062074722 0.039592206 3012 0.060660784 0.063488660
2  21 bairro1_liberdade 0.036205696 0.006348347 1847 0.035916178 0.036495214
3   8         mov_cars1 0.034750298 0.008664923 2948 0.034437510 0.035063085
4  18     graffiti1_Yes 0.027098925 0.008625433  661 0.026441375 0.027756474
5  13            trees1 0.024809273 0.012817218 2968 0.024348158 0.025270389
6   7       street_wid1 0.021773394 0.011042041 3146 0.021387545 0.022159244
7   9        park_cars1 0.018822717 0.006710067 3346 0.018595358 0.019050076
8  35    bairro2_centro 0.015875262 0.003165864 3432 0.015769344 0.015981179
9  20    bairro1_centro 0.015512990 0.005564994 3536 0.015329566 0.015696415
10 12      build_ident1 0.010232173 0.004138420 4764 0.010114657 0.010349689
11 19    bairro1_catole 0.010077037 0.003831596 4131 0.009960194 0.010193879
12  3             baixa 0.009858989 0.003649850 3329 0.009735005 0.009982973
13 26        landscape2 0.009685601 0.005287577 3822 0.009517968 0.009853234
14  4       media baixa 0.009465045 0.002858584 3329 0.009367940 0.009562150
15 15       diff_build1 0.007371220 0.004228145 4114 0.007242019 0.007500421
16 14     build_height1 0.006910748 0.004072615 2823 0.006760514 0.007060981
17 10      mov_ciclyst1 0.006184529 0.003729929 1486 0.005994885 0.006374173
18 33     graffiti2_Yes 0.005420852 0.002877939 4771 0.005339189 0.005502515
19 36 bairro2_liberdade 0.005355235 0.002550708 1916 0.005241024 0.005469447
20 22       street_wid2 0.005216472 0.003103359 3700 0.005116477 0.005316467
21 16           people1 0.004933499 0.003108372 3306 0.004827542 0.005039456
22  6            casado 0.004504948 0.004652185  839 0.004190156 0.004819740
23 28            trees2 0.004078408 0.002883683 3106 0.003976994 0.004179821
24  2          feminino 0.003909764 0.002468181 2061 0.003803206 0.004016322
25 25      mov_ciclyst2 0.003787320 0.002305130 4039 0.003716230 0.003858409
26 23         mov_cars2 0.003538377 0.002672718 2437 0.003432262 0.003644491
27 34    bairro2_catole 0.003251196 0.002553585 1936 0.003137447 0.003364944
28  1         masculino 0.003139881 0.002321289 2127 0.003041231 0.003238530
29  0               age 0.003116797 0.002149913 3161 0.003041849 0.003191744
30 31           people2 0.002855259 0.001881558 3405 0.002792061 0.002918458
31 30       diff_build2 0.002316880 0.001801026 2863 0.002250908 0.002382851
32 24        park_cars2 0.002171671 0.001619730 2987 0.002113584 0.002229757
33 29     build_height2 0.002148458 0.001643452 2890 0.002088540 0.002208376
34 27      build_ident2 0.002100235 0.001731003 2973 0.002038012 0.002162458
   V1                V2           V3          V4   V5           V6           V7
1  11        landscape1 -0.069923390 0.011790837 2832 -0.070357646 -0.069489134
2  21 bairro1_liberdade -0.035902447 0.006490339 3997 -0.036103656 -0.035701237
3  12      build_ident1 -0.033080505 0.008032704 1080 -0.033559574 -0.032601436
4   8         mov_cars1 -0.029347877 0.012707433 2896 -0.029810691 -0.028885063
5  18     graffiti1_Yes -0.026320720 0.008558135 5183 -0.026553709 -0.026087730
6   9        park_cars1 -0.023338270 0.016872456 2498 -0.023999923 -0.022676617
7  13            trees1 -0.022436549 0.015410538 2876 -0.022999760 -0.021873337
8   7       street_wid1 -0.022284314 0.011667937 2698 -0.022724586 -0.021844042
9  26        landscape2 -0.019794871 0.010220691 2022 -0.020240361 -0.019349382
10 35    bairro2_centro -0.015900048 0.003119064 2412 -0.016024524 -0.015775573
11 15       diff_build1 -0.015441285 0.009843934 1730 -0.015905152 -0.014977418
12 20    bairro1_centro -0.014782578 0.005740548 2308 -0.015016776 -0.014548380
13  4       media baixa -0.010842272 0.003262450 2515 -0.010969776 -0.010714768
14  3             baixa -0.010836730 0.003513574 2515 -0.010974048 -0.010699411
15 19    bairro1_catole -0.010057870 0.004166075 1713 -0.010255157 -0.009860584
16 22       street_wid2 -0.009034294 0.005500597 2144 -0.009267128 -0.008801461
17  6            casado -0.008185531 0.004708498 5005 -0.008315976 -0.008055086
18 10      mov_ciclyst1 -0.006840913 0.003465881 4358 -0.006943813 -0.006738012
19 14     build_height1 -0.005786158 0.003264262 3021 -0.005902559 -0.005669757
20 36 bairro2_liberdade -0.005529742 0.002513396 3928 -0.005608342 -0.005451141
21 16           people1 -0.005439220 0.003994704 2538 -0.005594633 -0.005283808
22 28            trees2 -0.004983441 0.003513576 2738 -0.005115048 -0.004851833
23  2          feminino -0.004603536 0.002552871 3783 -0.004684886 -0.004522186
24 33     graffiti2_Yes -0.004490887 0.003054261 1073 -0.004673635 -0.004308138
25  1         masculino -0.003943966 0.002519400 3717 -0.004024959 -0.003862973
26 31           people2 -0.003852626 0.003015910 2439 -0.003972317 -0.003732936
27 34    bairro2_catole -0.003828255 0.002582298 3908 -0.003909216 -0.003747293
28  0               age -0.003248293 0.002343442 2683 -0.003336966 -0.003159620
29 25      mov_ciclyst2 -0.003036111 0.002341529 1805 -0.003144132 -0.002928090
30 23         mov_cars2 -0.002951254 0.002056199 3407 -0.003020298 -0.002882210
31 24        park_cars2 -0.002262743 0.001785285 2857 -0.002328207 -0.002197280
32 30       diff_build2 -0.002241863 0.001668121 2981 -0.002301744 -0.002181981
33 29     build_height2 -0.002160557 0.001637175 2954 -0.002219596 -0.002101519
34 27      build_ident2 -0.002103308 0.001720800 2871 -0.002166253 -0.002040363
35  5          solteiro  0.000000000 0.000000000 5844  0.000000000  0.000000000
36 17      graffiti1_No  0.000000000 0.000000000 5844  0.000000000  0.000000000
37 32      graffiti2_No  0.000000000 0.000000000 5844  0.000000000  0.000000000
[1] "## Pleasantness media"
   V1                V2          V3          V4   V5          V6          V7
1  11        landscape1 0.112608542 0.033559530 3155 0.111437522 0.113779562
2  21 bairro1_liberdade 0.048210015 0.005966254 2201 0.047960763 0.048459268
3  19    bairro1_catole 0.032087431 0.007266032 4532 0.031875888 0.032298975
4  13            trees1 0.031182924 0.014986863 3315 0.030672751 0.031693097
5   7       street_wid1 0.025518032 0.015210650 3353 0.025003184 0.026032880
6  34    bairro2_catole 0.022058689 0.004281021 1927 0.021867548 0.022249831
7  26        landscape2 0.020725222 0.008137050 3397 0.020451590 0.020998855
8  35    bairro2_centro 0.015834195 0.003606742 3952 0.015721746 0.015946644
9   9        park_cars1 0.015510074 0.006606293 4131 0.015308619 0.015711529
10  8         mov_cars1 0.015218507 0.006294167 3874 0.015020306 0.015416709
11 10      mov_ciclyst1 0.012643967 0.005187935 1360 0.012368244 0.012919690
12 18     graffiti1_Yes 0.011889212 0.007517108  818 0.011374075 0.012404348
13 12      build_ident1 0.008435706 0.003881497 5451 0.008332665 0.008538746
14 28            trees2 0.007484694 0.005335504 3545 0.007309057 0.007660331
15 20    bairro1_centro 0.006867292 0.005402679 3924 0.006698251 0.007036333
16 15       diff_build1 0.006185975 0.004095302 3900 0.006057446 0.006314504
17 22       street_wid2 0.006071861 0.004410935 3296 0.005921275 0.006222447
18 33     graffiti2_Yes 0.005317373 0.003154511 5209 0.005231708 0.005403038
19 16           people1 0.004645527 0.002972110 4283 0.004556517 0.004734537
20 14     build_height1 0.004200243 0.003023776 3576 0.004101137 0.004299349
21 25      mov_ciclyst2 0.003658878 0.002305402 4471 0.003591302 0.003726454
22  0               age 0.003464510 0.002191234 3970 0.003396348 0.003532672
23  6            casado 0.003049080 0.002200958 3974 0.002980650 0.003117510
24 31           people2 0.002766173 0.001977054 3746 0.002702861 0.002829484
25  4        media alta 0.002708350 0.002144053 2544 0.002625035 0.002791665
26 23         mov_cars2 0.002696476 0.002256689 3018 0.002615964 0.002776988
27 36 bairro2_liberdade 0.002673517 0.001933852 3658 0.002610848 0.002736185
28 27      build_ident2 0.002610890 0.002292000 3005 0.002528942 0.002692839
29 24        park_cars2 0.002518449 0.001882151 3403 0.002455212 0.002581686
30  1         masculino 0.002513583 0.001932351 2812 0.002442162 0.002585004
31  2          feminino 0.002471337 0.001870861 2535 0.002398508 0.002544165
32 30       diff_build2 0.002450136 0.001880927 3228 0.002385249 0.002515022
33 29     build_height2 0.002182615 0.001698510 3362 0.002125201 0.002240028
   V1                V2           V3          V4   V5           V6           V7
1  11        landscape1 -0.084789920 0.026371015 3450 -0.085669885 -0.083909955
2  21 bairro1_liberdade -0.047696808 0.006097959 4404 -0.047876906 -0.047516710
3  26        landscape2 -0.031646763 0.007235334 3208 -0.031897137 -0.031396388
4  19    bairro1_catole -0.031554050 0.007477124 2073 -0.031875922 -0.031232179
5  13            trees1 -0.029068863 0.020470150 3290 -0.029768337 -0.028369390
6  12      build_ident1 -0.026815832 0.009962171 1154 -0.027390608 -0.026241055
7   7       street_wid1 -0.025081922 0.011174320 3252 -0.025465977 -0.024697867
8   9        park_cars1 -0.022819341 0.015810379 2474 -0.023442344 -0.022196337
9  34    bairro2_catole -0.022101992 0.004198646 4678 -0.022222309 -0.021981675
10  8         mov_cars1 -0.015922155 0.011299938 2731 -0.016345957 -0.015498352
11 35    bairro2_centro -0.015231865 0.004042010 2653 -0.015385672 -0.015078058
12 18     graffiti1_Yes -0.013540785 0.006240104 5787 -0.013701558 -0.013380012
13 10      mov_ciclyst1 -0.012779823 0.005098101 5245 -0.012917793 -0.012641853
14 28            trees2 -0.008958255 0.006313959 3060 -0.009181967 -0.008734543
15 15       diff_build1 -0.007979920 0.006547040 2705 -0.008226643 -0.007733197
16 16           people1 -0.006845482 0.004688535 2322 -0.007036184 -0.006654781
17 22       street_wid2 -0.006064242 0.004345081 3309 -0.006212288 -0.005916196
18 20    bairro1_centro -0.005807615 0.004458812 2681 -0.005976395 -0.005638836
19  0               age -0.005262285 0.003505278 2635 -0.005396123 -0.005128447
20 14     build_height1 -0.004570884 0.003300312 3029 -0.004688415 -0.004453353
21  2          feminino -0.003641295 0.002747034 4070 -0.003725689 -0.003556900
22 33     graffiti2_Yes -0.003528009 0.002976444 1396 -0.003684145 -0.003371873
23  4        media alta -0.003407158 0.002440394 4061 -0.003482215 -0.003332101
24 31           people2 -0.003064130 0.002368084 2859 -0.003150934 -0.002977326
25 25      mov_ciclyst2 -0.002950470 0.002311414 2134 -0.003048539 -0.002852402
26  1         masculino -0.002694256 0.001964451 3793 -0.002756773 -0.002631739
27 23         mov_cars2 -0.002614039 0.001974222 3587 -0.002678645 -0.002549432
28 24        park_cars2 -0.002572780 0.001975262 3202 -0.002641196 -0.002504363
29 36 bairro2_liberdade -0.002498428 0.001904307 2947 -0.002567182 -0.002429675
30  6            casado -0.002485036 0.001950116 2631 -0.002559551 -0.002410520
31 27      build_ident2 -0.002444419 0.001864717 3600 -0.002505332 -0.002383506
32 30       diff_build2 -0.002338136 0.001765693 3377 -0.002397688 -0.002278583
33 29     build_height2 -0.002253212 0.001724806 3243 -0.002312575 -0.002193849
34  3             media  0.000000000 0.000000000 6605  0.000000000  0.000000000
35  5          solteiro  0.000000000 0.000000000 6605  0.000000000  0.000000000
36 17      graffiti1_No  0.000000000 0.000000000 6605  0.000000000  0.000000000
37 32      graffiti2_No  0.000000000 0.000000000 6605  0.000000000  0.000000000

