[]
1024
1025
683
516
518
1032
1035
1036
1038
1040
1027
1198
1369
1028
1053
1057
1061
1062
1063
1066
1067
1071
1074
1203
1076
1082
735
1090
585
586
1207
1101
1103
1208
1106
595
1108
1109
599
1128
1114
607
1120
1124
1126
614
1127
616
617
1130
615
1132
1213
625
1214
1142
1145
1148
618
639
1152
1216
1154
619
644
1157
1158
1160
537
1178
667
1181
1182
671
672
673
1186
1187
677
679
1192
1193
682
1195
1196
1197
686
1199
1200
1202
691
1204
1205
1206
713
696
1209
1210
1211
701
702
1215
704
1217
1218
1219
1220
1221
1225
714
1227
1230
721
1235
1236
1237
1241
732
1247
740
637
1320
754
1151
1153
1288
1155
1156
1319
808
1322
1324
1328
1329
1339
1348
1349
1350
1351
1352
1353
1354
1355
1356
1357
1358
1359
1360
851
1364
1365
1366
1367
1368
1252
1370
1371
1372
1373
1374
1375
1376
1377
1378
1379
1380
1381
1383
1384
1385
1386
909
924
1183
959
1185
1189
993
995
997
1011
1194
1022
1023
