[]
1027
1028
1542
1031
1544
1016
1036
1037
1550
1551
1552
1553
1555
1556
1557
1047
1048
1561
1562
1564
1565
1566
1055
1568
1570
1059
1572
1573
1062
1575
1577
1578
1579
1070
1586
1587
1076
1591
1083
1084
1085
1091
1092
1093
1096
585
1378
1102
1103
1106
595
1111
1117
607
1123
1128
619
1142
1144
1145
1148
1149
1150
1154
1131
1156
1161
1559
1165
1167
1169
1170
1174
1175
1179
1181
1182
673
1186
1190
1195
684
1197
686
1199
1097
1208
1210
1212
701
995
704
1219
1223
713
1231
632
1235
1238
1239
732
1247
1251
1253
1257
1258
749
1263
1265
1270
1321
1278
1279
1284
1285
1287
1289
1295
1297
1302
1303
1305
1306
1307
1308
1309
1313
1244
1322
1323
1325
1326
1329
1331
1333
1334
1336
1337
1338
735
1341
830
1345
1348
1354
1356
1358
1421
1362
851
1364
1365
1366
1367
1368
1369
1370
1371
1372
1373
1374
1375
1376
1377
1546
1379
1380
1381
1382
1383
1384
1385
1386
1391
1394
1396
1397
1398
1401
1404
1405
1408
1410
1418
1420
909
1422
1427
1429
1430
1436
1437
1438
1439
1441
1442
932
1446
1447
924
1450
1451
1452
1453
1457
1459
1460
1461
1462
1463
1464
1465
1466
1469
1475
1476
1477
1478
1479
1488
1489
1491
1493
1494
1444
1504
1507
1509
1510
1511
1513
1363
1011
1449
1528
1023
