[]
513
549
1078
1079
1080
1081
1083
1084
1085
1086
1087
1088
1089
1091
1092
1093
1094
1095
1096
1097
1099
1100
1102
1104
1110
1111
1112
1113
1115
1116
1117
1118
1119
1121
1122
1123
1212
1131
1140
630
1144
1147
1149
1150
1161
1162
1163
1164
1165
1167
1168
1169
1170
1171
1172
1173
1174
1175
1176
1177
666
1179
1184
1191
684
698
700
1223
1224
1226
1228
1229
1231
1232
1233
1234
1238
1239
1240
1242
1243
1244
1245
1249
1250
1251
1253
1254
1255
1256
1257
1258
1259
749
1262
1263
1264
1265
1266
1270
1271
1273
1274
1275
1276
1278
1279
1280
1282
1284
576
590
