x
0.707736389684814
0.859375
0.615384615384615
0.625
0.68
1
0.717171717171717
1
0.708108108108108
0.757575757575758
0.8
0.615384615384615
0.68
0.603603603603604
0.780952380952381
0.675
0.666666666666667
0.8
0.676470588235294
0.705882352941177
0.833333333333333
0.631578947368421
0.434782608695652
0.755555555555556
0.777777777777778
0.7
0.75
0.666666666666667
0.8
0.857142857142857
0.785714285714286
0.4
0.333333333333333
0.823529411764706
0.857142857142857
0.704035874439462
0.66
0.692307692307692
0.777777777777778
0.529411764705882
0.8
0.7125
0.787234042553192
0.608695652173913
0.533333333333333
0.75
1
0.714285714285714
0.754385964912281
0.7
0.872727272727273
0.5
0.5
0.638297872340426
NA
0.730769230769231
0.260869565217391
0.705882352941177
0.8125
0.9375
0.588235294117647
0.6875
0.7
0.771428571428571
1
1
0.560975609756098
0.291666666666667
0.684210526315789
0.619047619047619
0.888888888888889
0.62962962962963
0.706521739130435
0.5
0.857142857142857
0.428571428571429
0.647058823529412
0.730769230769231
0.7
0.952380952380952
0.851063829787234
0.727272727272727
0.833333333333333
NA
0.5
0.821428571428571
0.916666666666667
0.64
0.607142857142857
0.789473684210526
0.8
0.707692307692308
0.804878048780488
0.857142857142857
0.615384615384615
0.76
0.857142857142857
0.620689655172414
0.780487804878049
0.727272727272727
0.4
0.875
0.7
0.714285714285714
NA
0.75
NA
0.666666666666667
0.4
0.622950819672131
0.666666666666667
0.428571428571429
0.777777777777778
0.25
0.5
0.777777777777778
0.666666666666667
NA
0.888888888888889
0.5
NA
0.615384615384615
0.684210526315789
0.6953125
0.75
0.714285714285714
0.666666666666667
0.818181818181818
0.571428571428571
1
0.538461538461538
0.8
0.633333333333333
0.692307692307692
1
0.8
NA
0.566666666666667
0.6
0.75
0.846153846153846
0.75
0.555555555555556
NA
0.8
0.888888888888889
0.583333333333333
0.5
0.833333333333333
0.65625
0.807692307692308
0.583333333333333
0.680555555555556
0.65625
0.333333333333333
0.611111111111111
0.633333333333333
0.833333333333333
0.722222222222222
0.6
0.833333333333333
1
0.666666666666667
0.277777777777778
0.666666666666667
0.769230769230769
0.666666666666667
0.461538461538462
0.611111111111111
0.777777777777778
0.666666666666667
0.75
0.833333333333333
0.6875
0.633333333333333
0.729166666666667
0.566666666666667
0.5
0.666666666666667
0.683333333333333
0.62962962962963
0.666666666666667
0.166666666666667
0.625
0.708333333333333
0.666666666666667
0.739583333333333
0.5
0.732323232323232
0.388888888888889
0.472222222222222
0.766666666666667
0.666666666666667
0.691919191919192
0.685185185185185
0.75
0.576923076923077
0.75
0.416666666666667
0.3
0.633333333333333
0.708333333333333
0.547619047619048
0.555555555555556
0.833333333333333
0.533333333333333
0.760416666666667
0.7
0.666666666666667
0.666666666666667
1
0.708333333333333
0.5
0.635135135135135
0.754901960784314
0.642857142857143
0.752688172043011
0.484126984126984
0.555555555555556
0.666666666666667
0.465277777777778
0.541666666666667
0.625
0.545454545454545
0.545454545454545
0.456140350877193
0.571428571428571
0.6
0.8
0.805555555555556
0.5
0.833333333333333
0.75
0.466666666666667
0.621212121212121
0.595238095238095
0.645833333333333
0.611111111111111
0.684684684684685
0.733333333333333
0.454022988505747
0.549382716049383
0.472222222222222
0.633333333333333
0.588235294117647
0.673913043478261
0.611111111111111
0.67948717948718
0.75
0.649122807017544
0.666666666666667
0.166666666666667
0.509259259259259
0.833333333333333
0.916666666666667
0.685185185185185
0.638888888888889
0.777777777777778
0.675438596491228
0.533333333333333
0.611111111111111
0.606060606060606
0.798611111111111
0.633333333333333
0.75
0.75
0.696969696969697
0.712827988338192
0.75
0.657407407407407
0.677083333333333
0.71875
0.757062146892655
0.588888888888889
0.579365079365079
0.547619047619048
0.537037037037037
0.679012345679012
0.708333333333333
0.681818181818182
0.7
0.80952380952381
