x
0.551319648093842
0.5375
0.6484375
0.647058823529412
0.75
0.692307692307692
0.75
0.775
0.651685393258427
0.638888888888889
0.5
0.75
0.763888888888889
0.621621621621622
0.654411764705882
0.571428571428571
0.75
0.591836734693878
0.833333333333333
0.760869565217391
0.777777777777778
0.764705882352941
0.58974358974359
0.785714285714286
0.704545454545455
1
0.384615384615385
0.875
0.833333333333333
0.870967741935484
0.285714285714286
0.933333333333333
0.555555555555556
0.894736842105263
0.761904761904762
0.71875
0.660377358490566
0.581818181818182
0.666666666666667
0.75
NA
0.71264367816092
0.714285714285714
0.708333333333333
0.588235294117647
0.772727272727273
0.166666666666667
0.626666666666667
0.75
0.822222222222222
0.553191489361702
NA
0.5
0.6625
0.857142857142857
0.7
0.25
0.769230769230769
0.76
0.636363636363636
0.636363636363636
0.6
0.818181818181818
0.681818181818182
1
0.833333333333333
0.581395348837209
0.533333333333333
0.636363636363636
0.705882352941177
0.625
0.695652173913043
0.686746987951807
NA
0.5
0.666666666666667
NA
0.757575757575758
0.6
0.76
1
0.815789473684211
0.4
0.764705882352941
0.6
0.6
0.6
0.791666666666667
0.64
0.7
0.666666666666667
0.681159420289855
0.795918367346939
0.666666666666667
0.7
0.615384615384615
0.758620689655172
0.727272727272727
0.615384615384615
0.666666666666667
0.444444444444444
0.7
0.666666666666667
0.333333333333333
0.5
NA
NA
0.6
0.583333333333333
1
0.552631578947368
0.75
0.555555555555556
0.583333333333333
0.666666666666667
0.6
0.714285714285714
NA
0.666666666666667
NA
0.795698924731183
0.875
0.620689655172414
0.6
NA
0.733333333333333
1
0.846153846153846
0.857142857142857
0.583333333333333
0.555555555555556
0.666666666666667
0.828571428571429
0.666666666666667
0.795918367346939
0.8125
0.705882352941177
0.846153846153846
0.8
0.91304347826087
0.5
0.75
1
0.833333333333333
0.444444444444444
NA
0.592592592592593
0.688888888888889
0.678571428571429
0.708333333333333
0.75
0.75
0.5
0.611111111111111
0.866666666666667
0.566666666666667
0.611111111111111
0.611111111111111
0.444444444444444
0.833333333333333
0.666666666666667
0.583333333333333
0.666666666666667
0.666666666666667
0.833333333333333
0.738095238095238
0.574074074074074
0.708333333333333
0.729166666666667
0.666666666666667
0.666666666666667
0.666666666666667
0.75
0.5
0.666666666666667
0.638888888888889
0.621212121212121
0.75
0.738095238095238
0.541666666666667
0.681818181818182
0.722222222222222
0.666666666666667
0.527777777777778
0.71875
0.633333333333333
0.673076923076923
0.583333333333333
0.697916666666667
0.740740740740741
0.651515151515151
0.833333333333333
0.75
0.722222222222222
0.566666666666667
0.555555555555556
0.666666666666667
0.696969696969697
0.547619047619048
0.833333333333333
0.5
1
0.711538461538462
0.638888888888889
0.833333333333333
0.666666666666667
0.166666666666667
0.645833333333333
0.75
0.718518518518519
0.510416666666667
0.666666666666667
0.735042735042735
0.666666666666667
0.5625
0.541666666666667
0.62037037037037
0.722222222222222
0.479166666666667
0.633333333333333
0.484848484848485
0.555555555555556
0.630952380952381
0.69047619047619
0.666666666666667
0.574074074074074
0.766666666666667
0.583333333333333
0.733333333333333
0.660493827160494
0.638888888888889
0.433333333333333
0.636363636363636
0.75
0.583333333333333
0.933333333333333
0.416666666666667
0.720430107526882
0.733333333333333
0.606060606060606
0.758064516129032
0.708333333333333
0.666666666666667
0.785714285714286
0.711111111111111
0.638888888888889
0.736111111111111
0.666666666666667
0.519607843137255
0.75
0.547619047619048
0.727272727272727
0.716666666666667
0.6
0.614583333333333
0.708333333333333
0.708333333333333
0.673333333333333
0.452380952380952
0.733333333333333
0.703703703703704
0.753968253968254
0.666666666666667
0.59375
0.576773566569485
0.595238095238095
0.59375
0.657894736842105
0.761904761904762
0.623456790123457
0.472222222222222
0.587301587301587
0.394736842105263
0.916666666666667
0.651515151515151
0.677083333333333
0.625
0.888888888888889
0.583333333333333
