x
0.560117302052786
0.5125
0.625
0.705882352941177
0.75
0.692307692307692
0.625
0.775
0.707865168539326
0.638888888888889
0.75
0.666666666666667
0.75
0.621621621621622
0.639705882352941
0.571428571428571
0.75
0.571428571428571
0.833333333333333
0.760869565217391
0.666666666666667
0.764705882352941
0.564102564102564
0.714285714285714
0.659090909090909
1
0.384615384615385
1
0.833333333333333
0.838709677419355
0.285714285714286
0.8
0.444444444444444
0.894736842105263
0.761904761904762
0.678571428571429
0.69811320754717
0.6
0.666666666666667
0.75
NA
0.689655172413793
0.742857142857143
0.708333333333333
0.588235294117647
0.772727272727273
0
0.6
0.75
0.844444444444444
0.659574468085106
NA
0.5
0.6875
0.714285714285714
0.7
0.25
0.615384615384615
0.8
0.636363636363636
0.606060606060606
0.6
0.818181818181818
0.545454545454545
1
0.833333333333333
0.651162790697674
0.666666666666667
0.545454545454545
0.705882352941177
0.625
0.673913043478261
0.674698795180723
NA
0.5
0.777777777777778
0.75
0.818181818181818
0.4
0.76
0.666666666666667
0.789473684210526
0.6
0.705882352941177
0.6
0.5
0.628571428571429
0.708333333333333
0.6
0.6
0.666666666666667
0.710144927536232
0.775510204081633
0.666666666666667
0.7
0.653846153846154
0.758620689655172
0.727272727272727
0.58974358974359
0.5
0.444444444444444
0.7
0.666666666666667
0.444444444444444
0.666666666666667
NA
NA
0.6
0.583333333333333
1
0.605263157894737
0.875
0.555555555555556
0.583333333333333
0.666666666666667
0.6
0.714285714285714
0.875
0.666666666666667
NA
0.78494623655914
0.875
0.551724137931034
0.4
0.666666666666667
0.8
1
0.846153846153846
0.714285714285714
0.583333333333333
0.62962962962963
0.6
0.828571428571429
0.583333333333333
0.816326530612245
0.8125
0.735294117647059
0.846153846153846
0.8
0.91304347826087
0.5
0.777777777777778
0.75
0.833333333333333
0.388888888888889
0.666666666666667
0.574074074074074
0.7
0.630952380952381
0.708333333333333
0.760416666666667
0.708333333333333
0.5
0.638888888888889
0.833333333333333
0.6
0.611111111111111
0.583333333333333
0.444444444444444
0.875
0.738095238095238
0.5
0.722222222222222
0.7
0.833333333333333
0.69047619047619
0.611111111111111
0.75
0.708333333333333
0.666666666666667
0.766666666666667
0.583333333333333
0.75
0.5
0.666666666666667
0.625
0.606060606060606
0.777777777777778
0.738095238095238
0.416666666666667
0.651515151515151
0.722222222222222
0.645833333333333
0.583333333333333
0.666666666666667
0.633333333333333
0.634615384615385
0.541666666666667
0.661458333333333
0.731481481481482
0.651515151515151
0.833333333333333
0.75
0.777777777777778
0.633333333333333
0.5
0.722222222222222
0.681818181818182
0.595238095238095
0.833333333333333
0.666666666666667
1
0.737179487179487
0.638888888888889
0.833333333333333
0.666666666666667
0.166666666666667
0.708333333333333
0.75
0.740740740740741
0.5
0.722222222222222
0.735042735042735
0.777777777777778
0.5625
0.5625
0.601851851851852
0.722222222222222
0.46875
0.6
0.484848484848485
0.666666666666667
0.595238095238095
0.738095238095238
0.6
0.537037037037037
0.733333333333333
0.583333333333333
0.766666666666667
0.654320987654321
0.666666666666667
0.5
0.651515151515151
0.729166666666667
0.583333333333333
0.9
0.375
0.693548387096774
0.733333333333333
0.595959595959596
0.720430107526882
0.625
0.625
0.761904761904762
0.694444444444444
0.666666666666667
0.708333333333333
0.75
0.509803921568627
0.75
0.523809523809524
0.651515151515151
0.716666666666667
0.666666666666667
0.583333333333333
0.666666666666667
0.708333333333333
0.706666666666667
0.428571428571429
0.7
0.722222222222222
0.76984126984127
0.633333333333333
0.625
0.566083576287658
0.595238095238095
0.614583333333333
0.62280701754386
0.738095238095238
0.626543209876543
0.513888888888889
0.634920634920635
0.429824561403509
0.791666666666667
0.628787878787879
0.677083333333333
0.666666666666667
0.861111111111111
0.583333333333333
