x
0.710601719197708
0.734375
0.584615384615385
0.666666666666667
0.62
0.928571428571429
0.717171717171717
0.833333333333333
0.681081081081081
0.696969696969697
0.8
0.461538461538462
0.653333333333333
0.585585585585586
0.771428571428571
0.65
0.7
0.8
0.676470588235294
0.764705882352941
0.833333333333333
0.578947368421053
0.41304347826087
0.777777777777778
0.777777777777778
NA
0.875
0.666666666666667
0.8
0.928571428571429
0.857142857142857
0.45
0.333333333333333
0.764705882352941
0.857142857142857
0.707025411061285
0.7
0.602564102564103
0.777777777777778
0.470588235294118
0.8
0.6875
0.723404255319149
0.608695652173913
0.4
0.75
NA
0.714285714285714
0.754385964912281
0.7
0.872727272727273
0.5
0.5
0.627659574468085
NA
0.692307692307692
0.260869565217391
0.588235294117647
0.75
0.875
0.617647058823529
0.75
0.8
0.771428571428571
1
0.857142857142857
0.560975609756098
0.5
0.631578947368421
0.476190476190476
0.888888888888889
0.703703703703704
0.706521739130435
0.5
0.857142857142857
0.571428571428571
0.588235294117647
0.730769230769231
0.8
0.904761904761905
0.872340425531915
0.818181818181818
0.75
NA
0.5
0.857142857142857
0.875
0.64
0.678571428571429
0.789473684210526
1
0.738461538461539
0.804878048780488
0.857142857142857
0.615384615384615
0.76
0.714285714285714
0.655172413793103
0.780487804878049
0.727272727272727
0.5
0.875
0.9
0.642857142857143
NA
0.75
NA
0.666666666666667
0.4
0.655737704918033
0.666666666666667
0.428571428571429
0.814814814814815
0.25
0.5
0.777777777777778
0.666666666666667
NA
0.888888888888889
0.5
NA
0.692307692307692
0.631578947368421
0.75
0.75
0.714285714285714
1
0.727272727272727
0.571428571428571
1
0.538461538461538
0.8
0.666666666666667
0.692307692307692
1
0.8
NA
0.566666666666667
0.533333333333333
0.785714285714286
0.846153846153846
0.75
0.5
NA
0.8
0.888888888888889
0.555555555555556
0.5
0.875
0.65625
0.82051282051282
0.583333333333333
0.694444444444444
0.614583333333333
0.333333333333333
0.638888888888889
0.633333333333333
0.916666666666667
0.75
0.566666666666667
0.833333333333333
1
0.5
0.333333333333333
0.625
0.769230769230769
0.5
0.423076923076923
0.555555555555556
0.777777777777778
0.645833333333333
0.75
0.833333333333333
0.6875
0.6
0.708333333333333
0.5
0.666666666666667
0.722222222222222
0.7
0.703703703703704
0.625
0.166666666666667
0.708333333333333
0.625
0.583333333333333
0.729166666666667
0.472222222222222
0.717171717171717
0.388888888888889
0.5
0.8
0.666666666666667
0.727272727272727
0.666666666666667
0.666666666666667
0.576923076923077
0.75
0.416666666666667
0.266666666666667
0.633333333333333
0.708333333333333
0.5
0.611111111111111
0.833333333333333
0.6
0.697916666666667
0.733333333333333
0.666666666666667
0.5
1
0.666666666666667
0.444444444444444
0.666666666666667
0.725490196078431
0.666666666666667
0.741935483870968
0.507936507936508
0.666666666666667
0.685185185185185
0.449074074074074
0.541666666666667
0.635416666666667
0.545454545454545
0.575757575757576
0.535087719298246
0.619047619047619
0.533333333333333
0.716666666666667
0.861111111111111
0.5
0.833333333333333
0.75
0.433333333333333
0.606060606060606
0.642857142857143
0.666666666666667
0.611111111111111
0.684684684684685
0.733333333333333
0.448275862068966
0.537037037037037
0.444444444444444
0.633333333333333
0.647058823529412
0.615942028985507
0.648148148148148
0.653846153846154
0.729166666666667
0.684210526315789
0.583333333333333
0.166666666666667
0.527777777777778
0.833333333333333
0.875
0.679012345679012
0.680555555555556
0.777777777777778
0.675438596491228
0.55
0.694444444444444
0.621212121212121
0.784722222222222
0.6
0.75
0.770833333333333
0.722222222222222
0.712342079689018
0.75
0.638888888888889
0.677083333333333
0.697916666666667
0.709039548022599
0.588888888888889
0.547619047619048
0.571428571428571
0.611111111111111
0.691358024691358
0.722222222222222
0.621212121212121
0.733333333333333
0.738095238095238
