inputFeatures                    
(Intercept) 0.871601070014762 0.874469114652523 0.871917954813921 0.872531003371408 0.871659562630832 0.873257401086038 0.874203874045925 0.873186778988699 0.868531047514347 0.872893149549461 0.874282467350027 0.873985732495062 0.871388601013554 0.869077743033488 0.872352881169123 0.872102888206166 0.873778526023868 0.873232250288157 0.874899181932853 0.873763948929693
d_swidth 1.13249665656068 1.15025480669727 1.16933676819046 1.13162695279831 1.13330316352053 1.13470343489128 1.12992033026211 1.13369229715465 1.13419982938825 1.13724198069141 1.13287951424502 1.14120015756228 1.13710424613254 1.13517041452954 1.12745705986784 1.12671289361904 1.13432273789452 1.13351298164769 1.1382748453421 1.1351686519484
d_mvcars 1.07441124389054 1.06434004519096 1.06867530138098 1.0732920067733 1.07763382200071 1.0796116318192 1.0780723454027 1.07539112575688 1.07434755414048 1.08523176454677 1.07560122550352 1.07380427339602 1.073662944888 1.07564121547498 1.09223758790971 1.07959564422691 1.07418573959091 1.07473876676636 1.07509321144854 1.07490753609697
d_pcars 1.13244658059669 1.11062750780834 1.09095841379657 1.1080912654374 1.11706918819626 1.105431119138 1.1133989931088 1.11121156019735 1.10602939752622 1.11099484205941 1.11027576276224 1.10537692291535 1.1131084782808 1.11123796884257 1.11708413712964 1.12141745967734 1.11167773988762 1.11043916727006 1.11132472515398 1.10923428111264
d_trees 1.162454510295 1.15148664608574 1.12466148170508 1.15064918776863 1.15556503167408 1.14917166350585 1.15957464136676 1.15416674991291 1.15692460262677 1.15239661051915 1.15482830125702 1.15329605103275 1.15453503904754 1.15376921605257 1.17653880077156 1.17144126219189 1.1503551220802 1.15550238159072 1.15089334992578 1.15342399925981
d_mvciclyst 1.08204722673999 1.08042825838441 1.08325008818798 1.08345923431105 1.08172501575031 1.07856273918459 1.07548459868695 1.0808949214202 1.08077307065933 1.08008920825219 1.08068974242525 1.08470523801654 1.07719172785209 1.08075447192455 1.07867327782094 1.08961271963391 1.08010815756195 1.08049011164245 1.07917841354317 1.08069508731314
d_lands 1.75670899015077 1.71848302771398 1.7368785948321 1.74477021857679 1.74382034823295 1.73358378174468 1.73894186615241 1.73976592867409 1.7408085311454 1.73498816952823 1.74004179694143 1.74431083649475 1.73671626588537 1.74134237273808 1.7344608994367 1.73737285244577 1.73785820950364 1.73996270137962 1.73957541885994 1.7395852394364
d_bid 0.992027511108591 1.00000246524135 1.00400310424925 0.986040128609803 0.982682768171626 0.985407121581384 0.981955317003032 0.984076240782687 0.982737500872947 0.982637887763556 0.983739077049116 0.984566772384073 0.992537461184379 0.984295652607918 0.974895120903773 1.00019510411493 0.982508877503859 0.982115855605933 0.988187001271703 0.983479784307859
d_bheig 0.980584648845839 1.0069270978122 0.995642415772032 0.984784387923094 0.979443669028646 0.984807948094102 0.97985293111125 0.984128507883842 0.98202274909147 0.982296151968272 0.984208777382984 0.984953459378563 0.982625755994929 0.984639363924851 0.977261166763401 0.978551840683254 0.985292445127493 0.984321206344685 0.983464116463519 0.985613269099726
d_dbuild 1.07563237088786 1.06754717232708 1.035465712173 1.07410357633709 1.07785758330916 1.07286810887032 1.07002335568619 1.07186363879099 1.07423949058824 1.07208693732622 1.0715625053201 1.07060738154562 1.06803371140827 1.07049132963431 1.07481135704586 1.05788797707249 1.07695767442967 1.0721795166331 1.06990371763938 1.07207478200265
d_people 0.981374684737939 0.958092380181092 0.948331458105599 0.95555466935519 0.960270400657397 0.955734559027432 0.957810046195663 0.957485819211585 0.955013810645318 0.955887562948233 0.957378527420485 0.958745409784865 0.954396558996148 0.959074843483092 0.985497531285099 0.984233388380422 0.956090617797579 0.95753513940649 0.957563162941291 0.956940252267163
d_graff 1.03120513117856 1.06226421972503 1.04706730089231 1.03363621909809 1.03570143971323 1.03338327272288 1.03048816691698 1.03355804457909 1.03362365320495 1.03326388186093 1.03389132212225 1.03595916170535 1.03093247426827 1.03418970852478 1.0437230532416 1.04899474111937 1.03077372953667 1.03385852582253 1.03289583695357 1.03408832459986
bair_catcatole_centro 2.08386328788417 2.07958998633955 2.11841516607507 2.0834376977634 2.09315695292287 2.0795295140387 2.08243734318796 2.08495375562087 2.05099460138677 2.0687578866946 2.08153481550118 2.07367128909749 2.08517536979706 2.09880477721606 2.06965291586645 2.07898015604937 2.09254758422263 2.08511918384986 2.07944508687507 2.08633680036531
bair_catcatole_liberdade 1.65755771352371 1.64739129861504 1.66944545648409 1.65161498045038 1.65125941282061 1.6518450675579 1.64358348254286 1.65158989830951 1.6706103177759 1.64882463693598 1.64961282644938 1.64978643420089 1.66775307857052 1.65590493696047 1.65709599750037 1.65453494002628 1.6513604521761 1.6560871520342 1.65294490368543 1.64542647184162
bair_catcentro_catole 1.1174983491616 1.13531074341368 1.11914679564199 1.13924429336925 1.14421445519909 1.1394221832992 1.13906839148048 1.13813716137231 1.13529506167554 1.13993369415673 1.13715106588096 1.1408999046422 1.1450341550695 1.13904887268471 1.12849064528844 1.13612811214017 1.13614663821397 1.13804866010502 1.13695534741703 1.1357237539248
bair_catcentro_liberdade 0.882004326899229 0.890837276226637 0.881575189778633 0.894664135474163 0.895091194737334 0.895723140838099 0.895565512766121 0.894491418092781 0.889992372357551 0.896347084891828 0.893774799376832 0.895744691657517 0.904521078881574 0.890578724373015 0.890795615567021 0.893944122791726 0.893389469109483 0.894291008947746 0.894838597596855 0.892907714285458
bair_catliberdade_catole 0.935586221527122 0.960835893779476 0.960521705138706 0.958201328853128 0.964929947210205 0.964648220112387 0.967618568020075 0.960863491057708 0.955880532637728 0.961019982245462 0.962049077229146 0.957958232549836 0.980905386403897 0.97409535847422 0.955941256335728 0.963591030052191 0.959860258682509 0.963431239041176 0.962764457128398 0.956149751948094
bair_catliberdade_centro 1.18286168651371 1.21271903324728 1.23789452310909 1.23169752082024 1.24045544955313 1.22820662096247 1.22468102145182 1.22812535746506 1.21707256049412 1.22471958155998 1.22793133651839 1.22638878810526 1.22541315525801 1.23098086693416 1.2217165006985 1.21367843388768 1.22938091257934 1.23011741137022 1.22611697306993 1.23020186649382
d_swidth:age_catadulto 0.882529210696364 0.879498266212203 0.863110284190332 0.887009110943458 0.886324320733671 0.885582799794972 0.889163652465684 0.885644109980788 0.879769448985372 0.884171308741367 0.885440733388024 0.881564050871792 0.884506870908465 0.874853594852417 0.889028836831178 0.888464658704406 0.885274042100725 0.886062964394436 0.883132488792324 0.884807752621123
d_mvcars:age_catadulto 0.946892992939879 0.945751627110089 0.949364758332852 0.943764514631414 0.940832394059847 0.938593524009475 0.939615208111426 0.941811083478129 0.963529928082614 0.934472340892438 0.941875483102499 0.94301535477056 0.942525756298634 0.950805631751902 0.930410431505476 0.939950167652599 0.943203925695967 0.942692338974053 0.942181566461886 0.942777351643729
d_pcars:age_catadulto 0.980651067350425 1.04464221976254 1.06122926738763 1.04623888687959 1.03988886830153 1.0480388521674 1.04176691896884 1.04457411896554 1.07702344506928 1.04314023683827 1.04436840442843 1.04751034993374 1.0412209197414 1.05653681684412 1.04017896532119 1.03987303675522 1.04353476695914 1.04430683666607 1.04340007931469 1.04553431453863
d_trees:age_catadulto 1.16937118855053 1.19980373994754 1.22087031833243 1.20047205327208 1.19588642998463 1.20223311415719 1.19254223616778 1.19719356272147 1.18541259459016 1.19929499445013 1.19718263844654 1.19807018379965 1.19712614315215 1.2046305450517 1.18072282027169 1.18937477497212 1.20062983697848 1.19636636446639 1.20026226703653 1.19815864942729
d_mvciclyst:age_catadulto 0.90679034333185 0.910113100197276 0.907172210786225 0.907575869500806 0.908581320407083 0.911062975475252 0.912964477410041 0.90996967754565 0.905188830511877 0.909979760071316 0.909866960241672 0.906613132810026 0.911497773045183 0.908451653879413 0.911000862843822 0.906128609169813 0.909969541856913 0.909607466427193 0.910373361687941 0.909513033775677
d_lands:age_catadulto 0.970614590231875 0.996676910266534 0.992535784051582 0.988918173694345 0.989444819651393 0.994386472319521 0.991250126422542 0.990532214629679 0.989809356144032 0.99322360077369 0.99074222028631 0.988646992594504 0.992259774527549 0.99119394581753 0.993836489587275 0.991950867156194 0.992098094552804 0.990890437728279 0.991026840107554 0.99114208416274
d_bid:age_catadulto 0.881610373272479 0.892224381684643 0.884988153738211 0.898052339119866 0.900794752116876 0.898151319038393 0.901411775157258 0.900261423833321 0.902561694599985 0.900629720449871 0.900227819552824 0.899182567579621 0.894220963196161 0.886377648474971 0.905614653358873 0.891844126803515 0.900752485319478 0.900918684787223 0.896894619614482 0.899824395212843
d_bheig:age_catadulto 1.00034158792443 0.977870955531789 0.980386058648396 0.987610771045903 0.992377455518838 0.987449279723838 0.991842940160527 0.988409226526949 0.979275699248105 0.989144261227708 0.988383159442683 0.987194403528842 0.988466114870849 0.985120352085729 0.993615791796498 0.990530451849387 0.987548693189913 0.988078155238772 0.988431500076297 0.987204261218697
d_dbuild:age_catadulto 0.985638412766426 0.986724481312405 1.01269690242648 0.983135596246584 0.980288886908965 0.983879808901421 0.98596387687555 0.984134411988386 0.976514523689736 0.984592496631791 0.98419447969798 0.98595790742397 0.987663166480635 0.991378075326916 0.982794261480248 0.990989076199336 0.981024373058756 0.984468654830584 0.986251665632995 0.984517175969822
d_people:age_catadulto 1.15991509390119 1.23973804146079 1.25231114756928 1.24270764035131 1.23732373698963 1.24216661848683 1.23933643877554 1.24087232527621 1.25214418608336 1.24164510208183 1.24070437980484 1.23845933859899 1.24262274408792 1.22671398316061 1.21265871287187 1.2234425763817 1.24213742125249 1.24047779345662 1.23999872409847 1.24134588447522
d_graff:age_catadulto 0.979300408084485 0.971936722542299 0.975652039025108 0.984243366096656 0.982914333696747 0.984184217600562 0.98644944495205 0.984032453554363 0.983233659150217 0.984218586819083 0.983943232911782 0.982087776933977 0.985322153084858 0.985960900771744 0.976579318772636 0.977241701768955 0.986753252048713 0.984122044099188 0.984527044006314 0.984143637708743
d_swidth:gendermasculino 1.01817508779552 1.01016724673374 1.03281207437252 1.01981332948857 1.01860630958026 1.01762027911039 1.02225300791362 1.01839447733739 1.013393361508 1.01928313746654 1.02012503244855 1.02089050132086 1.01654695685705 1.00711875287336 1.01541750594822 1.02143766953174 1.01864169355756 1.01831482629529 1.01451520058247 1.01655977642088
d_mvcars:gendermasculino 1.00286084069748 1.00895406813444 0.999045804559678 1.00515281248387 1.00140454825125 0.999799202010596 1.00063054762976 1.00370659381762 1.02034649358203 1.00743517512677 1.0030989233384 1.00233921453263 1.00377270867906 1.01037341935911 1.00965946637796 1.00101801309677 1.00213410208658 1.00391831943694 1.00333784664221 1.0040925579142
d_pcars:gendermasculino 0.952065227847844 0.938134354155309 0.93106617271654 0.941256404901448 0.935208847793473 0.942741540735239 0.936656894975198 0.938104180284163 0.960635975648727 0.939782703314918 0.939391568271363 0.937857035572698 0.936009935122684 0.948047120373545 0.94255282294058 0.932866740296726 0.939558684514492 0.93940600030591 0.938367261023071 0.940644112127296
d_trees:gendermasculino 0.924418038902337 0.918071446330402 0.904037004848111 0.918187404359739 0.91440102527019 0.919353140532336 0.911895709991882 0.916035646795341 0.908497067567612 0.914413328628814 0.915192187569306 0.915126046598108 0.915564365737157 0.920824416892785 0.923225361024637 0.909215772997295 0.913936537029319 0.914821334883264 0.918325198086894 0.916344606177422
d_mvciclyst:gendermasculino 0.991652035478049 0.990666922690325 0.991975940323597 0.988533299903115 0.989866451518919 0.992489316910573 0.995185810765701 0.99017803205225 0.986800104597731 0.991416870516961 0.990498481442751 0.993354248758736 0.993836899841582 0.989905077209452 0.990653447750993 0.986300284715343 0.991139433018961 0.991028661308013 0.992160187974784 0.990895039112791
d_lands:gendermasculino 1.12476767712838 1.12800276750155 1.1206654092841 1.11887488358297 1.11969361282344 1.12497580163225 1.12207854066702 1.12228388329448 1.12036717488616 1.12000790312017 1.1217241973865 1.12303932411765 1.12379132426235 1.12187057251831 1.12046807463517 1.12125598607431 1.12035949965125 1.12165498833323 1.1218989221536 1.12195653550197
d_bid:gendermasculino 0.944982509922109 0.934608719228948 0.950366827043192 0.939704023700538 0.942777398150133 0.940649398953082 0.943295878234266 0.940742213880028 0.944007032081061 0.9415865545818 0.941419711088198 0.94246710522919 0.93333929673265 0.931733413629984 0.938700051870561 0.934475920964051 0.941715109340305 0.943268632707002 0.937502526558811 0.941916940031984
d_bheig:gendermasculino 1.00077136846646 0.991936953309175 1.01047311502199 1.00416967423622 1.00938406417625 1.00406037549978 1.00866697414447 1.0045534660682 0.999251688847591 1.00417485279026 1.00454299487248 1.00554299079281 1.00541204896388 1.00196401846838 1.00096753275308 1.00792874347443 1.00558752280915 1.00457494763946 1.00518587086395 1.00350308991593
d_dbuild:gendermasculino 0.924765490118312 0.927545390111949 0.911806443200641 0.923591469681552 0.919902926279581 0.924546159272638 0.926813125647147 0.925961318639555 0.919442987120774 0.924760404113227 0.926068517297969 0.924311398398789 0.929059788547865 0.931305536823349 0.924804146212365 0.932785324143185 0.92683731888838 0.925084213321485 0.927063665028832 0.925099724654596
d_people:gendermasculino 0.998964503174673 0.981449245608989 0.974475756719615 0.983469338053309 0.979500076306727 0.983094501232951 0.980850940920448 0.981196224657406 0.988957034315126 0.981591600109562 0.981454533206249 0.982785117075764 0.983683684245519 0.9709369871518 0.996808729147074 0.966755870891464 0.980993190473237 0.981625601546053 0.981424371279901 0.982417461601029
d_graff:gendermasculino 0.967253275871895 0.948365362295929 0.968053541069305 0.963765681860202 0.962488874849184 0.963751073984925 0.96634858211462 0.963942125797939 0.961361559563912 0.96352931193728 0.963609972206908 0.964456689438035 0.965162304002018 0.964171022104431 0.967564357091301 0.955079183097595 0.962103014607312 0.963668875572609 0.964182565326836 0.963602256957575
d_swidth:inc_catmedia 1.08826410016331 1.08203976859895 1.06027240293951 1.08687241714928 1.08562871354211 1.0856797045569 1.08845821075077 1.08511320307373 1.09426298965883 1.08363372872917 1.08406651553376 1.08079052910656 1.08493775793454 1.10296009923051 1.0895961735049 1.08757225677861 1.08430924564019 1.08555124130852 1.08280070173757 1.08411189927557
d_mvcars:inc_catmedia 0.81957818949252 0.825966878114511 0.827911735775051 0.824765797178864 0.822433205669407 0.825576120363021 0.822035445206317 0.823087529744926 0.80001589750652 0.81818010932752 0.823444369632204 0.824249545533313 0.823958675964993 0.813377846528612 0.815274736232546 0.822428483950317 0.824656308350163 0.824132103686933 0.823648235689369 0.824084636653905
d_pcars:inc_catmedia 0.994169917483573 0.947921866235705 0.963091619287541 0.949969194656003 0.945299402830901 0.946104045587386 0.946528491312274 0.949165617004068 0.913880766521857 0.947564346414809 0.948541398568491 0.95088150260908 0.945843533565656 0.934173137078474 0.942557897445089 0.945328567525306 0.948289030961673 0.948550710673341 0.947567958985294 0.949411785169615
d_trees:inc_catmedia 1.05759969987258 1.03929858838131 1.06178332481469 1.04245548988184 1.03974716581364 1.03682734540813 1.03724278569766 1.03986445110914 1.05234069423659 1.04152074280347 1.04037306103659 1.04098447183913 1.039849225051 1.03178572208554 1.02601462565845 1.03530701097859 1.04311333610934 1.03964175238612 1.0423652603513 1.04091057883843
d_mvciclyst:inc_catmedia 0.971025205231382 0.967431245175928 0.967144495620784 0.965616359130691 0.967024981421335 0.9666365806069 0.970647914266975 0.968224396272368 0.974201862569174 0.967405829091065 0.968046344019666 0.964815987057105 0.969487555868204 0.969272960115783 0.968746619133397 0.965676328371137 0.967666332783059 0.967535744536564 0.968396490030164 0.967408899784809
d_lands:inc_catmedia 1.11499306082492 1.1059300934813 1.10349570406823 1.09929763428533 1.09975123928522 1.09845621326581 1.1017018567885 1.10092050254523 1.10139545037828 1.10330725811065 1.10127854705515 1.0993777987107 1.10286222913632 1.10052693055293 1.1023237787043 1.10235539541403 1.10278941548061 1.10147721335951 1.10169144070747 1.10172229503096
d_bid:inc_catmedia 1.02678172426565 1.01004636449433 1.00044447501736 1.01249016525855 1.01484673802139 1.015754367606 1.0151683569718 1.01509825419861 1.01079735930962 1.01517493279996 1.01464203230379 1.01358376852886 1.00809891968941 1.03440205462115 1.02062852074494 1.01049810296726 1.01470009365545 1.01514411767186 1.01109977039589 1.01425384008093
d_bheig:inc_catmedia 0.978907948253903 0.982132579730959 0.981121201967844 0.988134485241072 0.992217207956366 0.989148507452816 0.991369388257126 0.988783740087587 1.00001491654944 0.989720769009256 0.988725545648701 0.987653230070011 0.989111429199547 0.992837125950568 0.994141712772294 0.989595742366138 0.987486049116457 0.988352596570517 0.988973616114108 0.987610291212192
d_dbuild:inc_catmedia 0.985053913779486 0.988849368859764 1.0098792283383 0.986843991416819 0.983668531549781 0.988160858269306 0.988997636413298 0.987301920878148 0.997174998180555 0.98829724100616 0.987247442204282 0.989000803214042 0.990362674206167 0.978522065095413 0.987962292138748 0.990915095239206 0.98487830311192 0.987915924062958 0.989363802772046 0.988105217329841
d_people:inc_catmedia 0.987110961779614 0.94048681921663 0.950838482398623 0.94202592249207 0.939186064271195 0.940027564792116 0.940480561168315 0.941381192620206 0.931520194563458 0.941105632703017 0.941199179609377 0.939580696002705 0.942509694752583 0.955322517157155 0.919658611682592 0.934394348333867 0.942229849945293 0.940807672180013 0.940559208855745 0.941313978091351
d_graff:inc_catmedia 0.984708078095075 0.972785747551446 0.972492946481936 0.97954864330236 0.978643513431337 0.979328872941336 0.981612190218692 0.979194555940278 0.981821887821027 0.97935604676313 0.979357728942909 0.977906830980867 0.981113430034857 0.977878173695763 0.973121796894435 0.97594061325972 0.981609011640709 0.979516199427407 0.980103968572142 0.979464072687133
