x
0.732758620689655
0.766666666666667
0.403846153846154
0.666666666666667
1
0.731707317073171
1
0.8125
0.652173913043478
0.529411764705882
1
0.8
0.666666666666667
0.553191489361702
0.611111111111111
0.538461538461538
1
0.764705882352941
0.5
0.470588235294118
0.5
0.666666666666667
0.615384615384615
0.666666666666667
0.375
1
0.75
1
0.666666666666667
0.916666666666667
1
0.5
0.6
0.666666666666667
0.875
0.656346749226006
0.692307692307692
0.633333333333333
0.5
1
NA
0.566666666666667
0.75
0.846153846153846
0.444444444444444
0.75
0
0.724137931034483
1
0.777777777777778
0.714285714285714
NA
0.5
0.8125
1
0.5
0.333333333333333
0.285714285714286
0.818181818181818
0.6
0.125
1
1
0.333333333333333
1
1
0.625
0.571428571428571
0.333333333333333
0.333333333333333
0.5
0.733333333333333
0.703703703703704
NA
0.5
0.833333333333333
0
0.875
0.125
0.833333333333333
1
0.941176470588235
0.8
0.666666666666667
0.5
0.875
0.714285714285714
0.875
0.636363636363636
0
0
0.75
0.724137931034483
1
0.8
0.428571428571429
1
1
0.703703703703704
0.666666666666667
0.571428571428571
0.833333333333333
0.8
0.25
0.333333333333333
NA
NA
0.5
0.555555555555556
1
0.529411764705882
1
0
0.666666666666667
1
0.666666666666667
0.666666666666667
1
0
NA
0.780487804878049
0.666666666666667
0.222222222222222
0
0
0.75
1
1
0
0.285714285714286
0.666666666666667
0.5
0.833333333333333
1
0.923076923076923
0.666666666666667
0.666666666666667
0.75
1
1
0
0.742857142857143
0.666666666666667
1
0.375
1
0.571428571428571
0.704545454545455
0.627906976744186
0.727272727272727
0.755102040816326
0.666666666666667
0.5
0.619047619047619
0.8125
0.615384615384615
0.625
0.578947368421053
0.4375
0.909090909090909
0.708333333333333
0.5
0.833333333333333
0.666666666666667
0.833333333333333
0.7
0.615384615384615
0.714285714285714
0.727272727272727
0.705882352941177
0.75
0.6
0.714285714285714
0.5
0.6
0.628571428571429
0.612903225806452
0.75
0.727272727272727
0.4
0.638888888888889
0.681818181818182
0.684210526315789
0.588235294117647
0.633333333333333
0.653846153846154
0.652173913043478
0.545454545454545
0.67032967032967
0.704918032786885
0.678571428571429
0.75
1
0.727272727272727
0.642857142857143
0.5
0.75
0.714285714285714
0.583333333333333
1
0.666666666666667
1
0.728395061728395
0.619047619047619
0.75
0.6
0.25
0.678571428571429
0.75
0.727272727272727
0.5
0.75
0.72
0.777777777777778
0.565217391304348
0.558823529411765
0.596491228070175
0.7
0.466666666666667
0.588235294117647
0.484848484848485
0.714285714285714
0.605263157894737
0.678571428571429
0.615384615384615
0.525
0.705882352941177
0.583333333333333
0.785714285714286
0.640449438202247
0.6875
0.5
0.666666666666667
0.761904761904762
0.571428571428571
0.875
0.363636363636364
0.704545454545455
0.769230769230769
0.594059405940594
0.725274725274725
0.666666666666667
0.666666666666667
0.703703703703704
0.684210526315789
0.65
0.682926829268293
0.6875
0.509090909090909
0.714285714285714
0.523809523809524
0.692307692307692
0.76
0.666666666666667
0.583333333333333
0.642857142857143
0.666666666666667
0.686746987951807
0.428571428571429
0.65
0.772727272727273
0.757575757575758
0.611111111111111
0.666666666666667
0.570539419087137
0.642857142857143
0.6
0.64
0.8125
0.624242424242424
0.516129032258065
0.623188405797101
0.409090909090909
0.733333333333333
0.623188405797101
0.666666666666667
0.7
0.782608695652174
0.611111111111111
