x
0.823275862068966
0.861111111111111
0.607476635514019
0.857142857142857
0.566666666666667
1
0.707317073170732
1
0.857142857142857
1
0
0.5
0.5
0.652173913043478
0.864864864864865
0.8125
0.65
0.666666666666667
0.5
1
1
0.285714285714286
0.45
0.666666666666667
1
NA
1
0.6
1
1
1
0.615384615384615
0.25
0.777777777777778
0.833333333333333
0.684357541899441
0.642857142857143
0.595744680851064
1
0.2
0.818181818181818
0.761904761904762
0.6875
0.538461538461538
0.444444444444444
0.833333333333333
NA
0.8
0.708333333333333
0.88
0.962962962962963
0
0.75
0.571428571428571
NA
0.681818181818182
0.125
0.555555555555556
0.7
0.888888888888889
0.526315789473684
0.666666666666667
1
0.75
1
1
0.655172413793103
0.307692307692308
0.3
0.769230769230769
1
0.772727272727273
0.765957446808511
0.25
0.8
1
0.636363636363636
0.777777777777778
0.7
0.846153846153846
0.884615384615385
0.714285714285714
0.777777777777778
NA
0.4
0.904761904761905
0.928571428571429
0.666666666666667
0.75
0.791666666666667
1
0.827586206896552
0.625
1
0.666666666666667
1
0.733333333333333
0.7
0.6875
0.666666666666667
0.5
0.75
0.666666666666667
0.5
NA
0
NA
0.666666666666667
1
0.695652173913043
1
0.5
0.75
1
0.666666666666667
1
0
NA
0.75
0
NA
0.6
0.466666666666667
0.745762711864407
0
0.5
1
0.714285714285714
0.5
1
0.25
0.875
0.454545454545455
0.555555555555556
1
1
NA
0.636363636363636
0.428571428571429
0.545454545454545
0.888888888888889
0.833333333333333
0.7
NA
0.783783783783784
1
0.5625
0.5
0.875
0.653061224489796
0.837837837837838
0.666666666666667
0.652173913043478
0.622222222222222
0.333333333333333
0.666666666666667
0.605263157894737
1
0.714285714285714
0.5625
0.75
1
0.5
0.2
0.636363636363636
0.818181818181818
0.5
0.363636363636364
0.55
0.727272727272727
0.62962962962963
0.741935483870968
0.75
0.695652173913043
0.615384615384615
0.75
0.5
0.666666666666667
0.833333333333333
0.676470588235294
0.67741935483871
0.615384615384615
0.25
0.727272727272727
0.666666666666667
0.6
0.761904761904762
0.476190476190476
0.717171717171717
0.4
0.5
0.8
0.636363636363636
0.699115044247788
0.68
0.625
0.583333333333333
0.8
0.428571428571429
0.181818181818182
0.642857142857143
0.727272727272727
0.5
0.6
0.75
0.615384615384615
0.693877551020408
0.733333333333333
0.714285714285714
0.5
1
0.7
0.444444444444444
0.666666666666667
0.701754385964912
0.666666666666667
0.747252747252747
0.507462686567164
0.714285714285714
0.666666666666667
0.44954128440367
0.571428571428571
0.622641509433962
0.542857142857143
0.608695652173913
0.55
0.608695652173913
0.545454545454545
0.709677419354839
0.842105263157895
0.5
0.833333333333333
0.8
0.4375
0.6
0.666666666666667
0.681818181818182
0.625
0.672268907563025
0.705882352941177
0.449438202247191
0.536585365853659
0.416666666666667
0.642857142857143
0.647058823529412
0.608108108108108
0.7
0.65
0.739130434782609
0.705882352941177
0.571428571428571
0.125
0.527272727272727
1
0.8
0.652631578947368
0.696969696969697
0.777777777777778
0.685185185185185
0.555555555555556
0.652173913043478
0.605263157894737
0.746987951807229
0.607142857142857
0.741935483870968
0.76
0.67741935483871
0.692172383465259
0.714285714285714
0.615384615384615
0.660377358490566
0.743589743589744
0.688775510204082
0.574074074074074
0.542857142857143
0.569230769230769
0.625
0.686746987951807
0.681818181818182
0.666666666666667
0.705882352941177
0.75
