x
0.819742489270386
0.904761904761905
0.638095238095238
0.833333333333333
0.62962962962963
1
0.707317073170732
1
0.848837209302326
1
0
0.75
0.541666666666667
0.681818181818182
0.887323943661972
0.807692307692308
0.619047619047619
0.666666666666667
0.5
1
1
0.375
0.473684210526316
0.666666666666667
1
0.875
0.8
0.6
1
1
1
0.583333333333333
0.25
0.875
0.833333333333333
0.679558011049724
0.6
0.673913043478261
1
0.333333333333333
0.818181818181818
0.772727272727273
0.714285714285714
0.533333333333333
0.545454545454545
0.833333333333333
1
0.8
0.708333333333333
0.88
0.962962962962963
0
0.75
0.584905660377358
NA
0.714285714285714
0.166666666666667
0.666666666666667
0.727272727272727
0.9
0.5
0.625
1
0.722222222222222
1
1
0.655172413793103
0.142857142857143
0.333333333333333
0.857142857142857
1
0.7
0.765957446808511
0.25
0.8
0.666666666666667
0.666666666666667
0.777777777777778
0.6
0.916666666666667
0.88
0.666666666666667
0.875
NA
0.4
0.863636363636364
1
0.684210526315789
0.7
0.769230769230769
1
0.757575757575758
0.625
1
0.666666666666667
1
0.875
0.666666666666667
0.6875
0.666666666666667
0.4
0.75
0.4
0.6
NA
0
NA
0.666666666666667
1
0.652173913043478
1
0.5
0.705882352941177
1
0.666666666666667
1
0
NA
0.75
0
NA
0.5
0.533333333333333
0.67741935483871
0
0.5
1
0.833333333333333
0.5
1
0.25
1
0.4
0.545454545454545
1
1
NA
0.636363636363636
0.5
0.5
0.888888888888889
0.833333333333333
0.727272727272727
NA
0.783783783783784
1
0.588235294117647
0.5
0.833333333333333
0.647058823529412
0.833333333333333
0.666666666666667
0.651162790697674
0.666666666666667
0.333333333333333
0.642857142857143
0.605263157894737
0.9
0.666666666666667
0.588235294117647
0.75
1
0.636363636363636
0
0.666666666666667
0.8
0.666666666666667
0.44
0.611111111111111
0.727272727272727
0.653846153846154
0.741935483870968
0.75
0.68
0.642857142857143
0.761904761904762
0.555555555555556
0.5
0.714285714285714
0.657142857142857
0.64
0.666666666666667
0.25
0.625
0.777777777777778
0.75
0.74468085106383
0.5
0.73
0.4
0.476190476190476
0.722222222222222
0.625
0.655737704918033
0.7
0.714285714285714
0.583333333333333
0.8
0.428571428571429
0.25
0.642857142857143
0.727272727272727
0.55
0.545454545454545
0.75
0.538461538461538
0.755102040816326
0.6875
0.714285714285714
0.666666666666667
1
0.727272727272727
0.5
0.638888888888889
0.732142857142857
0.65
0.758241758241758
0.485294117647059
0.571428571428571
0.645161290322581
0.466367713004484
0.6
0.615384615384615
0.542857142857143
0.565217391304348
0.435897435897436
0.56
0.615384615384615
0.75
0.761904761904762
0.5
0.833333333333333
0.8
0.470588235294118
0.617647058823529
0.611111111111111
0.652173913043478
0.625
0.669421487603306
0.705882352941177
0.454545454545455
0.548780487804878
0.461538461538462
0.642857142857143
0.584905660377358
0.666666666666667
0.636363636363636
0.675
0.772727272727273
0.697674418604651
0.666666666666667
0.125
0.508474576271186
1
0.857142857142857
0.653061224489796
0.647058823529412
0.777777777777778
0.666666666666667
0.538461538461538
0.590909090909091
0.58974358974359
0.741573033707865
0.642857142857143
0.741935483870968
0.730769230769231
0.661157024793388
0.692442882249561
0.714285714285714
0.634920634920635
0.660377358490566
0.744186046511628
0.745945945945946
0.574074074074074
0.567567567567568
0.546875
0.541666666666667
0.670588235294118
0.674418604651163
0.75
0.666666666666667
0.782608695652174
