x
0.700787401574803
0.78125
0.428571428571429
0.636363636363636
1
0.720930232558139
0.9
0.8125
0.602272727272727
0.529411764705882
0.5
0.833333333333333
0.692307692307692
0.553191489361702
0.628571428571429
0.538461538461538
1
0.763157894736842
0.5
0.466666666666667
0.666666666666667
0.666666666666667
0.666666666666667
1
0.428571428571429
1
0.75
1
0.666666666666667
0.923076923076923
1
0.75
0.666666666666667
0.666666666666667
0.875
0.7
0.666666666666667
0.612903225806452
0.5
1
NA
0.59375
0.705882352941177
0.846153846153846
0.444444444444444
0.75
0.25
0.8
1
0.764705882352941
0.529411764705882
NA
0.5
0.75
1
0.5
0.333333333333333
0.4
0.8
0.6
0.142857142857143
1
1
0.5
1
1
0.529411764705882
0.428571428571429
0.5
0.333333333333333
0.5
0.785714285714286
0.7
NA
0.5
0.8
NA
0.833333333333333
0.2
0.75
1
0.944444444444444
0.666666666666667
0.75
0.5
0.9
0.666666666666667
0.9
0.666666666666667
0
0
0.7
0.75
1
0.8
0.411764705882353
1
1
0.730769230769231
0.75
0.571428571428571
0.833333333333333
0.8
0.2
0.25
NA
NA
0.5
0.555555555555556
1
0.473684210526316
1
0
0.666666666666667
1
0.666666666666667
0.666666666666667
NA
0
NA
0.785714285714286
0.666666666666667
0.333333333333333
0
NA
0.6
1
1
0
0.285714285714286
0.555555555555556
0.571428571428571
0.833333333333333
1
0.857142857142857
0.666666666666667
0.615384615384615
0.75
1
1
0
0.702702702702703
1
1
0.444444444444444
NA
0.6
0.697674418604651
0.666666666666667
0.727272727272727
0.75
0.714285714285714
0.5
0.590909090909091
0.866666666666667
0.583333333333333
0.666666666666667
0.611111111111111
0.4375
0.9
0.666666666666667
1
0.714285714285714
0.636363636363636
0.833333333333333
0.777777777777778
0.583333333333333
0.666666666666667
0.761904761904762
0.705882352941177
0.666666666666667
0.75
0.714285714285714
0.5
0.6
0.65625
0.625
0.764705882352941
0.727272727272727
0.538461538461538
0.657894736842105
0.681818181818182
0.681818181818182
0.529411764705882
0.684210526315789
0.653846153846154
0.695652173913043
0.6
0.702127659574468
0.709677419354839
0.692307692307692
0.75
1
0.666666666666667
0.571428571428571
0.545454545454545
0.714285714285714
0.76
0.541666666666667
1
0.5
1
0.714285714285714
0.631578947368421
0.75
0.6
0.25
0.620689655172414
0.75
0.712230215827338
0.510204081632653
0.714285714285714
0.72
0.666666666666667
0.565217391304348
0.542553191489362
0.614035087719298
0.7
0.479166666666667
0.611111111111111
0.485714285714286
0.571428571428571
0.634146341463415
0.633333333333333
0.666666666666667
0.55
0.722222222222222
0.578947368421053
0.769230769230769
0.651162790697674
0.647058823529412
0.4375
0.666666666666667
0.8
0.571428571428571
0.933333333333333
0.416666666666667
0.720430107526882
0.769230769230769
0.601941747572815
0.772727272727273
0.727272727272727
0.7
0.74
0.706521739130435
0.619047619047619
0.707317073170732
0.625
0.517857142857143
0.714285714285714
0.55
0.826086956521739
0.740740740740741
0.6
0.617021276595745
0.678571428571429
0.666666666666667
0.6625
0.454545454545455
0.684210526315789
0.789473684210526
0.75
0.647058823529412
0.615384615384615
0.581780538302277
0.642857142857143
0.588235294117647
0.666666666666667
0.866666666666667
0.620481927710843
0.470588235294118
0.587301587301587
0.342105263157895
0.857142857142857
0.647058823529412
0.666666666666667
0.636363636363636
0.818181818181818
0.611111111111111
