x
0.760956175298805
0.720930232558139
0.625
0.461538461538462
0.739130434782609
0.857142857142857
0.644444444444444
0.8
0.578947368421053
0.5
NA
0.142857142857143
0.423076923076923
0.5
0.82051282051282
0.672413793103448
0.866666666666667
0.666666666666667
0.545454545454545
0.5
0.666666666666667
0.4
0.36
0.666666666666667
0.5
NA
0.8
1
0.666666666666667
0.888888888888889
0.8
0.571428571428571
0.333333333333333
0.777777777777778
1
0.746951219512195
0.782608695652174
0.7
0.6
0.166666666666667
0.818181818181818
0.680851063829787
0.88
0.7
0.5
0.833333333333333
NA
0.8
0.708333333333333
0.594594594594595
0.8125
0
0.5
0.744186046511628
NA
0.9375
0.4
0.625
0.875
0.888888888888889
0.714285714285714
0.857142857142857
0.75
0.75
1
0.833333333333333
0.703703703703704
0.571428571428571
1
0.555555555555556
0.75
0.607142857142857
0.692307692307692
1
1
0.4
0.7
0.823529411764706
0.875
1
0.884615384615385
1
0.875
NA
1
0.904761904761905
0.866666666666667
0.875
0.789473684210526
0.863636363636364
1
0.666666666666667
0.833333333333333
0.666666666666667
0.571428571428571
0.571428571428571
0.647058823529412
0.5
0.733333333333333
0.5
0.4
1
1
0.6
NA
NA
NA
0.666666666666667
0.25
0.533333333333333
0.333333333333333
0.125
0.923076923076923
0.181818181818182
0.333333333333333
0.333333333333333
NA
NA
1
NA
NA
0.6
0.538461538461538
0.721311475409836
NA
0.5
1
0.833333333333333
0.333333333333333
1
0.25
0.583333333333333
0.555555555555556
0.384615384615385
1
0.75
NA
0.4375
0.5
0.857142857142857
0.888888888888889
0.714285714285714
0.538461538461538
NA
0.805555555555556
0.8
0.5
0.416666666666667
0.875
0.666666666666667
0.794871794871795
0.333333333333333
0.833333333333333
0.583333333333333
0.333333333333333
0.555555555555556
0.766666666666667
0.833333333333333
0.833333333333333
0.6
1
1
0.555555555555556
0.111111111111111
0.583333333333333
0.692307692307692
0.416666666666667
0.205128205128205
0.611111111111111
0.888888888888889
0.708333333333333
0.766666666666667
1
0.666666666666667
0.533333333333333
0.625
0.6
0.666666666666667
0.555555555555556
0.766666666666667
0.777777777777778
0.666666666666667
0.333333333333333
0.666666666666667
0.5
0.5
0.666666666666667
0.555555555555556
0.717171717171717
0.444444444444444
0.722222222222222
0.8
0.777777777777778
0.797979797979798
0.62962962962963
0.833333333333333
0.538461538461538
0.666666666666667
0.5
0.133333333333333
0.6
0.666666666666667
0.523809523809524
0.666666666666667
1
0.533333333333333
0.708333333333333
0.733333333333333
0.555555555555556
0.5
1
0.583333333333333
0.444444444444444
0.666666666666667
0.784313725490196
0.666666666666667
0.731182795698925
0.53968253968254
0.555555555555556
0.740740740740741
0.453703703703704
0.333333333333333
0.6875
0.575757575757576
0.424242424242424
0.385964912280702
0.666666666666667
0.4
0.733333333333333
0.888888888888889
0.416666666666667
0.833333333333333
0.666666666666667
0.466666666666667
0.636363636363636
0.571428571428571
0.625
0.555555555555556
0.720720720720721
0.8
0.459770114942529
0.54320987654321
0.277777777777778
0.6
0.647058823529412
0.652173913043478
0.518518518518518
0.666666666666667
0.708333333333333
0.631578947368421
0.666666666666667
0.111111111111111
0.537037037037037
0.666666666666667
1
0.765432098765432
0.638888888888889
0.777777777777778
0.649122807017544
0.5
0.833333333333333
0.696969696969697
0.861111111111111
0.566666666666667
0.766666666666667
0.791666666666667
0.848484848484849
0.764820213799806
0.833333333333333
0.740740740740741
0.729166666666667
0.604166666666667
0.76271186440678
0.688888888888889
0.603174603174603
0.587301587301587
0.555555555555556
0.703703703703704
0.833333333333333
0.484848484848485
0.8
0.714285714285714
