x
0.760956175298805
0.883720930232558
0.644230769230769
0.384615384615385
0.739130434782609
1
0.644444444444444
1
0.640350877192982
0.6
NA
0.428571428571429
0.5
0.5
0.807692307692308
0.724137931034483
0.866666666666667
0.666666666666667
0.545454545454545
0.375
0.666666666666667
0.6
0.36
0.533333333333333
0.5
0.777777777777778
0.8
1
0.666666666666667
0.777777777777778
0.7
0.5
0.333333333333333
0.777777777777778
1
0.75
0.782608695652174
0.775
0.6
0.333333333333333
0.818181818181818
0.723404255319149
1
0.8
0.75
0.833333333333333
1
0.8
0.708333333333333
0.594594594594595
0.8125
0
0.5
0.720930232558139
NA
0.9375
0.6
0.75
1
1
0.714285714285714
0.714285714285714
0.625
0.8125
1
1
0.703703703703704
0.285714285714286
1
0.666666666666667
0.75
0.5
0.692307692307692
1
1
0.4
0.8
0.823529411764706
0.75
1
0.846153846153846
0.8
0.875
NA
1
0.904761904761905
0.866666666666667
0.8125
0.736842105263158
0.909090909090909
0.75
0.694444444444444
0.833333333333333
0.666666666666667
0.571428571428571
0.571428571428571
0.823529411764706
0.428571428571429
0.733333333333333
0.5
0.4
1
1
0.6
NA
NA
NA
0.666666666666667
0.25
0.5
0.333333333333333
0.125
0.923076923076923
0.181818181818182
0.333333333333333
0.333333333333333
NA
NA
1
NA
NA
0.4
0.615384615384615
0.688524590163934
NA
0.5
0.5
0.833333333333333
0.333333333333333
1
0.25
0.5
0.444444444444444
0.461538461538462
1
0.75
NA
0.4375
0.666666666666667
0.857142857142857
0.888888888888889
0.714285714285714
0.615384615384615
NA
0.805555555555556
0.8
0.555555555555556
0.5
0.833333333333333
0.6875
0.769230769230769
0.333333333333333
0.777777777777778
0.625
0.333333333333333
0.5
0.766666666666667
0.75
0.888888888888889
0.666666666666667
1
1
0.777777777777778
0
0.666666666666667
0.717948717948718
0.666666666666667
0.282051282051282
0.611111111111111
0.888888888888889
0.708333333333333
0.766666666666667
1
0.708333333333333
0.6
0.666666666666667
0.666666666666667
0.333333333333333
0.555555555555556
0.766666666666667
0.592592592592593
0.666666666666667
0.333333333333333
0.625
0.583333333333333
0.5
0.729166666666667
0.611111111111111
0.737373737373737
0.444444444444444
0.555555555555556
0.866666666666667
0.833333333333333
0.808080808080808
0.648148148148148
0.833333333333333
0.538461538461538
0.666666666666667
0.5
0.2
0.6
0.666666666666667
0.523809523809524
0.666666666666667
1
0.466666666666667
0.770833333333333
0.733333333333333
0.555555555555556
0.666666666666667
1
0.666666666666667
0.5
0.621621621621622
0.803921568627451
0.619047619047619
0.741935483870968
0.523809523809524
0.444444444444444
0.740740740740741
0.481481481481481
0.25
0.666666666666667
0.575757575757576
0.393939393939394
0.298245614035088
0.666666666666667
0.533333333333333
0.9
0.888888888888889
0.416666666666667
0.833333333333333
0.666666666666667
0.533333333333333
0.636363636363636
0.523809523809524
0.625
0.555555555555556
0.72972972972973
0.8
0.459770114942529
0.555555555555556
0.333333333333333
0.6
0.607843137254902
0.695652173913043
0.518518518518518
0.692307692307692
0.708333333333333
0.526315789473684
0.666666666666667
0.111111111111111
0.555555555555556
0.666666666666667
1
0.790123456790123
0.611111111111111
0.777777777777778
0.701754385964912
0.466666666666667
0.722222222222222
0.696969696969697
0.916666666666667
0.6
0.766666666666667
0.791666666666667
0.808080808080808
0.765792031098154
0.833333333333333
0.740740740740741
0.729166666666667
0.666666666666667
0.779661016949153
0.688888888888889
0.666666666666667
0.555555555555556
0.481481481481481
0.703703703703704
0.805555555555556
0.545454545454545
0.8
0.857142857142857
