x
0.436274509803922
0.454545454545455
0.552631578947368
0.777777777777778
0.666666666666667
0.659574468085106
0.75
0.684210526315789
0.6625
0.642857142857143
0.5
0.714285714285714
0.666666666666667
0.553191489361702
0.676923076923077
0.538461538461538
0.5
0.483333333333333
1
0.7
0.666666666666667
0.4
0.4
0.5
0.545454545454545
1
0.3
0.5
1
0.8
0.166666666666667
1
0.666666666666667
0.666666666666667
0.636363636363636
0.706624605678233
0.615384615384615
0.633333333333333
0.5
0.333333333333333
NA
0.612903225806452
0.705882352941177
0.6875
0.666666666666667
0.666666666666667
0.333333333333333
0.465116279069767
0.5
0.764705882352941
0.409090909090909
NA
0.5
0.342857142857143
0.777777777777778
0.166666666666667
0.5
1
0.666666666666667
0.6
0.142857142857143
0.25
0.666666666666667
0.428571428571429
1
0.666666666666667
0.473684210526316
0.5
0.5
0.666666666666667
0.666666666666667
0.5
0.552631578947368
NA
0.333333333333333
0.666666666666667
NA
0.416666666666667
0.333333333333333
0.6
1
0.739130434782609
0.285714285714286
0.5
0.5
0.5625
0.526315789473684
0.692307692307692
0.615384615384615
0
0
0.617647058823529
0.875
0.666666666666667
0.666666666666667
1
0.740740740740741
0.684210526315789
0.703703703703704
0.75
0.666666666666667
0.714285714285714
0.727272727272727
0.333333333333333
1
NA
NA
0.5
0.833333333333333
1
0.5625
0.333333333333333
0
0.571428571428571
0.5
0.666666666666667
0.666666666666667
NA
0
NA
0.767441860465116
1
0.375
0
NA
0.6
1
0.6
NA
1
0.384615384615385
0.666666666666667
0.714285714285714
0.555555555555556
0.6
0.5
0.615384615384615
0.75
0.714285714285714
0.8
NA
0.787878787878788
1
0.666666666666667
0.444444444444444
NA
0.555555555555556
0.666666666666667
0.714285714285714
0.666666666666667
0.75
0.833333333333333
0.6
0.722222222222222
0.866666666666667
0.466666666666667
0.444444444444444
0.611111111111111
0.388888888888889
0.75
0.666666666666667
0.166666666666667
0.555555555555556
0.777777777777778
0.833333333333333
0.666666666666667
0.518518518518518
0.833333333333333
0.666666666666667
0.571428571428571
0.666666666666667
0.5
0.833333333333333
0.666666666666667
1
0.583333333333333
0.606060606060606
0.722222222222222
0.761904761904762
0.583333333333333
0.757575757575758
0.833333333333333
0.625
0.5
0.8125
0.566666666666667
0.615384615384615
0.5
0.6875
0.814814814814815
0.545454545454545
1
0.5
0.888888888888889
0.533333333333333
0.666666666666667
0.555555555555556
0.575757575757576
0.619047619047619
0.666666666666667
0.333333333333333
1
0.705128205128205
0.666666666666667
1
1
0.333333333333333
0.75
0.75
0.733333333333333
0.520833333333333
0.555555555555556
0.769230769230769
0.666666666666667
0.541666666666667
0.53125
0.648148148148148
0.777777777777778
0.479166666666667
0.733333333333333
0.515151515151515
0.444444444444444
0.619047619047619
0.904761904761905
0.666666666666667
0.814814814814815
0.866666666666667
0.611111111111111
0.666666666666667
0.691358024691358
0.611111111111111
0.466666666666667
0.545454545454545
0.666666666666667
0.666666666666667
0.933333333333333
0.416666666666667
0.720430107526882
0.666666666666667
0.626262626262626
0.731182795698925
0.666666666666667
0.583333333333333
0.880952380952381
0.722222222222222
0.722222222222222
0.805555555555556
0.833333333333333
0.568627450980392
0.833333333333333
0.523809523809524
0.575757575757576
0.666666666666667
0.6
0.604166666666667
0.791666666666667
0.833333333333333
0.706666666666667
0.476190476190476
0.866666666666667
0.555555555555556
0.761904761904762
0.733333333333333
0.5
0.546161321671526
0.428571428571429
0.625
0.631578947368421
0.619047619047619
0.635802469135803
0.444444444444444
0.587301587301587
0.228070175438596
1
0.666666666666667
0.708333333333333
0.583333333333333
1
0.458333333333333
