[]
669
668
667
666
663
662
660
692
693
691
696
697
694
695
698
819
810
549
814
815
817
678
679
718
674
675
676
714
670
671
672
673
537
828
825
820
822
593
595
704
705
706
707
700
618
702
703
677
832
830
794
792
791
835
838
839
799
585
731
784
785
786
787
783
788
849
848
641
518
643
642
647
646
511
513
512
515
514
516
622
620
626
625
624
629
742
744
797
855
851
853
747
656
599
654
2
653
658
659
630
632
634
638
639
845
701
863
862
729
605
607
606
601
600
746
602
748
749
609
840
640
774
777
619
612
610
611
779
617
614
615
649
711
655
710
837
681
790
808
689
688
803
684
687
686
807
806
683
682
