[]
1024
1025
1027
516
518
1032
1196
1035
1036
1038
1040
686
537
1053
740
1057
1061
1062
1063
1066
1067
1071
1074
1203
1076
1082
735
1090
585
586
1101
1103
1208
1106
595
1108
1109
599
1114
607
1120
1124
614
1126
1127
1128
617
1130
619
1132
1213
625
702
1142
1145
1148
637
1151
1152
1153
1154
1155
644
1157
1158
1160
1178
667
1181
1182
671
672
1185
1186
1187
677
679
1192
1193
1194
1195
1216
1197
1198
1199
1200
1202
691
1204
1205
1206
1207
696
1209
1210
1211
701
1214
1215
704
1217
1218
1219
1220
1221
1225
714
1227
1230
721
1235
1236
1237
615
1241
732
1247
1252
808
754
639
618
1288
1028
1156
1319
1320
1322
1324
1328
1329
1339
1348
1349
1350
1351
1352
1353
1354
1355
1356
1357
1358
1359
1360
851
1364
1365
1366
1367
1368
1369
1370
1371
1372
1373
1374
1375
1376
1377
1378
1379
1380
1381
1383
1384
1385
1386
616
909
924
683
713
1183
959
673
1189
993
995
997
1011
682
1022
1023
