[]
1024
1025
516
518
1032
1035
1038
1040
537
1053
1057
1061
1063
1066
1067
1071
1074
1203
1082
1090
586
1101
1108
1109
599
1114
1120
1124
614
1126
1127
616
617
1130
615
1132
625
702
637
639
1152
1153
1155
644
1157
1158
1160
1178
667
671
672
1185
1187
1189
679
1192
1193
1194
683
1196
1198
1200
1202
691
1204
1205
1206
1207
696
1209
1211
1213
1214
1215
1216
1217
1218
1220
1221
1225
714
1227
1230
721
1236
1237
1241
740
808
754
1151
618
1288
1319
1320
1324
1328
1339
1349
1350
1351
1352
1353
1355
1357
1359
1360
1252
1183
959
677
993
997
682
1022
