Os valores de confiança no uniforme usados em cada local foram
R._Cristina_Procópio_Silva,0.5,0.5005304829036609,0.5003451792556218,0.49981691618250074,0.49925784767949044,0.49832585691108405,0.4988495467224049,0.49804991952618316,0.4973628333253993,0.49598495671360987,0.4953112293542942,0.49506559433779807,0.49406586993300766,0.4940206468888124,0.49306277413490684,0.4915818529449335,0.49301388788028006,0.4912747492154891,0.49013061953326126,0.48969723717527297 R._Maciel_Pinheiro,0.5,0.5005304829036609,0.5003451792556218,0.49981691618250074,0.49925784767949044,0.49832585691108405,0.4988495467224049,0.49804991952618316,0.4973628333253993,0.49598495671360987,0.4953112293542942,0.49506559433779807,0.49406586993300766,0.4940206468888124,0.49306277413490684,0.4915818529449335,0.49301388788028006,0.4912747492154891,0.49013061953326126,0.48969723717527297 R._Inácio_Marquês_da_Silva,0.5,0.5005304829036609,0.5003451792556218,0.49981691618250074,0.49925784767949044,0.49832585691108405,0.4988495467224049,0.49804991952618316,0.4973628333253993,0.49598495671360987,0.4953112293542942,0.49506559433779807,0.49406586993300766,0.4940206468888124,0.49306277413490684,0.4915818529449335,0.49301388788028006,0.4912747492154891,0.49013061953326126,0.48969723717527297 R._Manoel_Pereira_de_Araújo,0.5,0.5005304829036609,0.5003451792556218,0.49981691618250074,0.49925784767949044,0.49832585691108405,0.4988495467224049,0.49804991952618316,0.4973628333253993,0.49598495671360987,0.4953112293542942,0.49506559433779807,0.49406586993300766,0.4940206468888124,0.49306277413490684,0.4915818529449335,0.49301388788028006,0.4912747492154891,0.49013061953326126,0.48969723717527297 Av._Mal._Floriano_Peixoto,0.5,0.5005304829036609,0.5003451792556218,0.49981691618250074,0.49925784767949044,0.49832585691108405,0.4988495467224049,0.49804991952618316,0.4973628333253993,0.49598495671360987,0.4953112293542942,0.49506559433779807,0.49406586993300766,0.4940206468888124,0.49306277413490684,0.4915818529449335,0.49301388788028006,0.4912747492154891,0.49013061953326126,0.48969723717527297 R._Edésio_Silva,0.5,0.5005304829036609,0.5003451792556218,0.49981691618250074,0.49925784767949044,0.49832585691108405,0.4988495467224049,0.49804991952618316,0.4973628333253993,0.49598495671360987,0.4953112293542942,0.49506559433779807,0.49406586993300766,0.4940206468888124,0.49306277413490684,0.4915818529449335,0.49301388788028006,0.4912747492154891,0.49013061953326126,0.48969723717527297 

Os valores de confiança no base rate usados em cada local foram
R._Cristina_Procópio_Silva,0.5,0.499469517096339,0.49965482074437817,0.5001830838174993,0.5007421523205097,0.501674143088916,0.5011504532775951,0.5019500804738168,0.5026371666746007,0.5040150432863901,0.5046887706457058,0.504934405662202,0.5059341300669924,0.5059793531111875,0.5069372258650932,0.5084181470550665,0.5069861121197199,0.508725250784511,0.5098693804667387,0.5103027628247271 R._Maciel_Pinheiro,0.5,0.499469517096339,0.49965482074437817,0.5001830838174993,0.5007421523205097,0.501674143088916,0.5011504532775951,0.5019500804738168,0.5026371666746007,0.5040150432863901,0.5046887706457058,0.504934405662202,0.5059341300669924,0.5059793531111875,0.5069372258650932,0.5084181470550665,0.5069861121197199,0.508725250784511,0.5098693804667387,0.5103027628247271 R._Inácio_Marquês_da_Silva,0.5,0.499469517096339,0.49965482074437817,0.5001830838174993,0.5007421523205097,0.501674143088916,0.5011504532775951,0.5019500804738168,0.5026371666746007,0.5040150432863901,0.5046887706457058,0.504934405662202,0.5059341300669924,0.5059793531111875,0.5069372258650932,0.5084181470550665,0.5069861121197199,0.508725250784511,0.5098693804667387,0.5103027628247271 R._Manoel_Pereira_de_Araújo,0.5,0.499469517096339,0.49965482074437817,0.5001830838174993,0.5007421523205097,0.501674143088916,0.5011504532775951,0.5019500804738168,0.5026371666746007,0.5040150432863901,0.5046887706457058,0.504934405662202,0.5059341300669924,0.5059793531111875,0.5069372258650932,0.5084181470550665,0.5069861121197199,0.508725250784511,0.5098693804667387,0.5103027628247271 Av._Mal._Floriano_Peixoto,0.5,0.499469517096339,0.49965482074437817,0.5001830838174993,0.5007421523205097,0.501674143088916,0.5011504532775951,0.5019500804738168,0.5026371666746007,0.5040150432863901,0.5046887706457058,0.504934405662202,0.5059341300669924,0.5059793531111875,0.5069372258650932,0.5084181470550665,0.5069861121197199,0.508725250784511,0.5098693804667387,0.5103027628247271 R._Edésio_Silva,0.5,0.499469517096339,0.49965482074437817,0.5001830838174993,0.5007421523205097,0.501674143088916,0.5011504532775951,0.5019500804738168,0.5026371666746007,0.5040150432863901,0.5046887706457058,0.504934405662202,0.5059341300669924,0.5059793531111875,0.5069372258650932,0.5084181470550665,0.5069861121197199,0.508725250784511,0.5098693804667387,0.5103027628247271 

Os valores de confiança no uniforme evoluiu assim
0.5 0.5005304829036609 0.5003451792556218 0.49981691618250074 0.49925784767949044 0.49832585691108405 0.4988495467224049 0.49804991952618316 0.4973628333253993 0.49598495671360987 0.4953112293542942 0.49506559433779807 0.49406586993300766 0.4940206468888124 0.49306277413490684 0.4915818529449335 0.49301388788028006 0.4912747492154891 0.49013061953326126 0.48969723717527297 0.48813942545691635

Os valores de confiança no base rate evoluiu assim
0.5 0.499469517096339 0.49965482074437817 0.5001830838174993 0.5007421523205097 0.501674143088916 0.5011504532775951 0.5019500804738168 0.5026371666746007 0.5040150432863901 0.5046887706457058 0.504934405662202 0.5059341300669924 0.5059793531111875 0.5069372258650932 0.5084181470550665 0.5069861121197199 0.508725250784511 0.5098693804667387 0.5103027628247271 0.5118605745430836
