[]
512
513
514
515
516
518
2
537
549
593
599
600
601
602
605
606
610
611
612
614
615
617
618
622
624
625
629
630
634
639
641
642
643
646
653
656
659
663
666
667
668
670
671
672
674
676
677
678
679
681
682
683
684
687
688
691
692
693
694
695
696
697
698
700
702
714
718
729
742
746
748
752
774
775
777
779
783
784
785
787
788
790
792
794
797
799
803
806
807
808
810
814
817
819
820
822
828
832
835
837
840
845
848
849
853
855
862
876
908
917
918
922
923
925
930
931
936
937
940
942
943
944
945
949
661
950
953
958
959
661
939
938
935
884
719
929
709
596
893
928
521
778
920
881
904
644
900
576
741
846
854
850
652
736
751
631
633
508
754
927
933
844
868
813
740
865
727
724
725
722
723
720
721
604
608
877
875
872
873
802
801
946
951
685
680
