[]
513
515
516
518
526
549
585
593
599
600
601
602
605
606
607
609
610
614
615
617
620
622
624
625
626
629
632
634
638
639
640
641
643
646
656
658
659
662
666
667
668
669
670
671
672
673
674
675
676
677
678
679
681
682
683
684
686
687
688
689
691
692
693
694
695
696
697
698
700
701
702
703
705
706
707
710
711
714
729
731
742
744
746
747
748
749
777
779
784
785
786
787
788
790
791
794
797
799
803
806
807
808
810
814
815
817
819
820
822
825
828
830
832
837
838
839
840
845
848
849
853
855
862
863
876
883
906
908
914
916
917
918
922
923
925
926
930
931
934
936
937
940
941
942
944
945
950
952
953
955
957
958
962
