[]
512
513
514
515
516
518
526
537
549
585
595
599
600
601
605
607
609
611
612
614
615
617
618
620
622
624
629
630
632
634
638
639
640
641
642
643
646
647
649
654
655
659
662
663
666
667
668
670
671
675
677
681
684
686
687
692
697
698
701
702
707
718
729
731
742
744
746
747
748
749
752
774
775
783
784
785
786
787
788
790
791
792
797
799
803
806
807
808
810
814
815
817
819
820
822
828
830
832
835
837
838
839
840
845
848
849
853
855
862
863
876
883
906
908
913
914
916
917
918
922
926
931
932
934
936
940
941
942
943
944
945
949
950
952
953
955
956
957
958
959
962
