[]
875
669
622
667
666
663
662
661
660
692
693
691
696
697
694
695
698
668
819
939
938
810
932
931
549
937
936
935
817
678
679
719
718
674
675
676
714
670
671
672
673
945
777
537
929
576
828
685
825
921
922
923
924
925
926
822
591
521
593
595
709
596
599
705
706
707
700
701
702
703
740
893
677
832
928
830
794
792
791
835
838
839
799
526
918
613
915
914
917
916
913
912
585
855
778
920
954
872
881
784
785
786
787
906
904
783
908
909
788
849
820
641
640
643
642
644
647
646
649
513
512
515
514
516
623
883
620
627
626
625
624
900
629
742
631
744
797
823
854
731
850
851
853
747
604
733
656
704
654
2
652
653
508
736
739
735
658
659
630
752
632
633
634
737
846
638
639
927
845
608
933
708
844
738
813
868
930
962
814
863
862
865
815
726
727
724
725
884
723
720
721
934
728
729
605
741
607
606
601
600
746
602
748
749
609
751
840
722
848
732
959
958
878
518
876
950
953
952
955
873
957
956
717
680
775
774
618
619
773
612
713
610
611
779
617
614
615
511
754
711
802
655
710
801
837
948
949
946
681
944
790
942
943
940
941
951
808
689
688
877
803
684
687
686
807
806
683
682
