> summary(data$V5, na.rm=TRUE)
   Min. 1st Qu.  Median    Mean 3rd Qu.    Max.    NA's 
  4.213  24.370  39.930  44.790  58.890 156.900       7

> summary(data$V6, na.rm=TRUE)
   Min. 1st Qu.  Median    Mean 3rd Qu.    Max.    NA's 
  2.374  13.280  23.110  31.130  39.900 138.800       7 

> summary(data$V7, na.rm=TRUE)
   Min. 1st Qu.  Median    Mean 3rd Qu.    Max. 
    0.0   286.7   740.6  1457.0  1738.0 24120.0

823	3.4e-05	3.4e-05	3.4e-05	nan	nan	0.0
822	3.51666666667e-05	3.5e-05	0.000633	99.0079519091	92.905552	1089.087471
591	3.625e-05	3.5e-05	0.000145	9.945323	9.945323	19.890646
593	3.29090909091e-05	3.4e-05	0.000724	116.566161053	70.575275	2214.75706
862	3.675e-05	3.5e-05	0.001323	39.7198664706	12.715185	1350.47546
595	3.10963855422e-05	3.2e-05	0.002581	27.039654963	6.121424	2190.212052
709	3.15e-05	3.35e-05	0.000126	6.465625	6.465625	12.93125
596	3.29090909091e-05	3.3e-05	0.000362	6.1757319	5.381599	61.757319
599	3.48478747204e-05	3.4e-05	0.015577	29.9148428075	12.4419815	10410.365297
705	6.0275862069e-05	3.5e-05	0.001748	12.7435956	6.667942	318.58989
706	3.50869565217e-05	3.4e-05	0.000807	58.8677815455	52.6924455	1295.091194
707	3.49047619048e-05	3.5e-05	0.000733	43.38345955	27.940755	867.669191
700	3.725e-05	3.3e-05	0.000596	22.3257016667	5.30973	334.885525
701	3.57391304348e-05	3.3e-05	0.000822	38.3814365909	19.361968	844.391605
702	3.48235294118e-05	3.4e-05	0.001776	38.98477842	10.2289565	1949.238921
703	3.43137254902e-05	3.4e-05	0.0035	33.8699841856	15.361825	3285.388466
714	3.48235294118e-05	3.5e-05	0.000592	7.3542095625	4.728668	117.667353
893	4.16666666667e-05	4e-05	0.000125	16.3976415	16.3976415	32.795283
797	3.53333333333e-05	3.45e-05	0.000212	39.9316762	31.306863	199.658381
928	3.425e-05	3.35e-05	0.000137	39.5554153333	42.119659	118.666246
830	3.5e-05	3.6e-05	0.000245	119.013141167	117.517673	714.078847
794	3.33333333333e-05	3.5e-05	0.0003	33.01475425	30.229461	264.118034
792	3.5875e-05	3.5e-05	0.000574	52.1859147143	34.8644675	730.602806
791	3.56666666667e-05	3.5e-05	0.000428	71.5215168182	94.132451	786.736685
835	3.68333333333e-05	3.7e-05	0.000221	68.1863052	39.93174	340.931526
838	3.66666666667e-05	3.4e-05	0.00077	19.73425735	12.7672455	394.685147
839	3.51875e-05	3.5e-05	0.000563	38.0118616	15.896294	570.177924
799	3.625e-05	3.65e-05	0.000435	92.1005938889	68.138583	828.905345
713	3.52727272727e-05	3.6e-05	0.000388	6.0713726	5.554717	60.713726
526	3.73e-05	3.4e-05	0.002611	33.8749717656	19.096647	2167.998193
521	4e-05	3.5e-05	0.0004	66.12104175	42.5918235	528.968334
522	3.60909090909e-05	3.6e-05	0.000397	27.8932228	22.810255	278.932228
915	3.34285714286e-05	3.3e-05	0.000234	16.597725	16.089378	99.58635
914	3.43095238095e-05	3.4e-05	0.005764	13.8761714545	7.887683	2289.56829
917	3.45e-05	3.45e-05	0.000552	20.3885948	14.972507	305.828922
916	3.55185185185e-05	3.4e-05	0.000959	14.8532413846	2.3738275	386.184276
913	4.66470588235e-05	3.4e-05	0.000793	18.028328	14.5303435	288.453248
912	3.33333333333e-05	3.35e-05	0.0002	6.9073772	5.229988	34.536886
977	3.25221238938e-05	3.5e-05	0.003675	66.2746122745	54.659893	6760.010452
986	3.61904761905e-05	3.5e-05	0.00152	37.584377439	26.232242	1540.959475
585	3.26296296296e-05	3.4e-05	0.001762	57.0798358462	22.434885	2968.151464
855	2.70508474576e-05	3.3e-05	0.001596	29.2110409643	8.256453	1635.818294
742	3.57391304348e-05	3.4e-05	0.000822	85.7408671364	86.689376	1886.299077
778	1.8e-05	1.8e-05	1.8e-05	nan	nan	0.0
920	3.37e-05	3.45e-05	0.000337	17.0384413333	14.879139	153.345972
954	3.46e-05	3.4e-05	0.000346	40.3954006667	28.325108	363.558606
973	3.73e-05	3.6e-05	0.000373	14.5185307778	13.009192	130.666777
832	3.55e-05	3.5e-05	0.000355	91.400028	69.419949	822.600252
922	3.8303030303e-05	3.4e-05	0.001264	19.1575249677	14.123972	593.883274
881	2.98333333333e-05	3.15e-05	0.000179	25.9723844	22.301187	129.861922
972	3.1125e-05	3.5e-05	0.000249	156.943578571	138.778042	1098.60505
784	3.30740740741e-05	3.4e-05	0.000893	32.0668860833	19.617638	769.605266
785	3.4e-05	3.5e-05	0.000204	57.3795212	34.939004	286.897606
786	2.81071428571e-05	3.3e-05	0.000787	36.17783536	16.309045	904.445884
787	3.54285714286e-05	3.5e-05	0.000744	13.1033199444	10.5671615	235.859759
780	2.925e-05	3.1e-05	0.000117	59.3482223333	48.504688	178.044667
904	3.49e-05	3.55e-05	0.000349	10.896794125	9.6626715	87.174353
783	2.13548387097e-05	1.8e-05	0.000662	48.3354883793	36.243171	1401.729163
924	3.3e-05	3.3e-05	0.000231	67.5798271667	35.9210495	405.478963
908	3.70909090909e-05	3.4e-05	0.001224	28.6594400667	21.612576	859.783202
909	5.02e-05	3.3e-05	0.000502	15.430041	17.350725	138.870369
788	3.48333333333e-05	3.45e-05	0.000209	54.4616506	48.873892	272.308253
849	2.87916666667e-05	3.3e-05	0.000691	40.8957029091	12.9562245	899.705464
848	3.49166666667e-05	3.65e-05	0.000419	26.6767208889	20.125514	240.090488
641	3.48993710692e-05	3.4e-05	0.005549	31.9913850972	11.707084	4606.759454
518	3.45368421053e-05	3.3e-05	0.003281	72.1446636867	39.901361	5988.007086
643	3.04594594595e-05	3.3e-05	0.001127	88.0620458056	73.086711	3170.233649
642	3.04736842105e-05	3.3e-05	0.001158	47.3249472162	15.665458	1751.023047
644	3.00909090909e-05	3.2e-05	0.000331	13.936535	6.538091	139.36535
647	3.33333333333e-05	3.2e-05	0.0036	24.8713149072	14.393089	2412.517546
646	3.19533333333e-05	3.3e-05	0.004793	23.5198725872	11.928232	2563.666112
511	2.97398373984e-05	3.3e-05	0.003658	29.6198127143	5.224023	3524.757713
513	3.126e-05	3.3e-05	0.001563	79.9537663409	74.976234	3517.965719
512	3.06756756757e-05	3.3e-05	0.00227	98.0272085217	73.6888655	4509.251592
515	4.07913669065e-05	3.3e-05	0.00567	58.8899805263	40.963881	5594.54815
514	3.20967741935e-05	3.3e-05	0.000995	80.50399	65.10077	2415.1197
516	3.20117647059e-05	3.3e-05	0.002721	57.4674487714	16.267282	2011.360707
623	3e-05	3.3e-05	0.00027	37.326115125	37.793479	298.608921
622	3.38115942029e-05	3.3e-05	0.002333	62.2971409286	24.024762	3488.639892
620	3.48918918919e-05	3.4e-05	0.002582	36.2299755758	9.6985945	2391.178388
627	2.78378378378e-05	3.2e-05	0.00103	36.270364931	26.273431	1051.840583
626	3.325e-05	3.3e-05	0.000532	64.4370555333	59.869901	966.555833
625	3.72380952381e-05	3.4e-05	0.000782	97.45964535	92.3220335	1949.192907
624	3.448e-05	3.3e-05	0.000862	67.6005346667	72.048572	1419.611228
900	2.96666666667e-05	3.5e-05	8.9e-05	18.8321275	18.8321275	37.664255
629	3.26633663366e-05	3.3e-05	0.003299	78.8168078889	31.21892	7093.51271
576	2.76875e-05	3.3e-05	0.000443	19.9532296154	12.942352	259.391985
925	3.36818181818e-05	3.4e-05	0.000741	72.018357	67.6094565	1440.36714
989	3.49230769231e-05	3.4e-05	0.000454	57.16775675	47.6107735	686.013081
741	3.40909090909e-05	3.4e-05	0.000375	16.0329751	14.98087	160.329751
708	3.21e-05	3.3e-05	0.000642	22.0242276429	8.912316	308.339187
970	3.59e-05	3.5e-05	0.000359	58.7425323333	54.929806	528.682791
846	3.41e-05	3.4e-05	0.000341	98.1970075556	105.072579	883.773068
752	3.52222222222e-05	3.4e-05	0.001585	50.3940647907	27.108043	2166.944786
854	2.96666666667e-05	3.3e-05	0.000267	27.283630375	11.809308	218.269043
731	3.12745098039e-05	3.3e-05	0.00319	49.2304821798	15.26829	4381.512914
975	3.79e-05	3.5e-05	0.000379	68.6302626667	58.992123	617.672364
974	3.46857142857e-05	3.5e-05	0.001214	60.2178134412	38.853437	2047.405657
850	2.93333333333e-05	3.4e-05	8.8e-05	17.162276	17.162276	34.324552
851	2.99090909091e-05	3.25e-05	0.000658	58.33577295	18.426903	1166.715459
971	3.48823529412e-05	3.5e-05	0.001186	104.337120667	94.1011285	3130.11362
853	2.5375e-05	2.65e-05	0.000406	25.7852894286	19.804224	360.994052
747	3.43488372093e-05	3.4e-05	0.001477	45.0783679474	29.333312	1712.977982
733	3.75e-05	3.7e-05	0.000225	128.7824958	126.901466	643.912479
979	3.52e-05	3.5e-05	0.000352	50.210396	45.380735	451.893564
978	3.44e-05	3.4e-05	0.000344	73.4361991111	53.605846	660.925792
656	2.51194029851e-05	2.2e-05	0.001683	34.8345793607	15.712447	2124.909341
704	3.24117647059e-05	3.4e-05	0.001653	20.81981462	12.125871	1040.990731
654	3.43370786517e-05	3.3e-05	0.006112	72.7693027415	42.812764	10697.087503
2	3.27058823529e-05	3.3e-05	0.000556	78.8286895	98.4766615	1261.259032
652	3.32727272727e-05	3.3e-05	0.000366	44.7249322	30.573837	447.249322
653	3.19615384615e-05	3.3e-05	0.000831	73.6630165833	64.6422425	883.956199
737	3.52258064516e-05	3.4e-05	0.001092	35.9362028966	11.459172	1042.149884
736	3.26363636364e-05	3.3e-05	0.000359	12.6196754	10.454295	126.196754
739	3.53e-05	3.4e-05	0.00353	44.9395671809	29.298898	4224.319315
735	3.4e-05	3.3e-05	0.000714	7.7573803	4.841082	155.147606
751	3.8e-05	3.8e-05	3.8e-05	nan	nan	0.0
965	3.49166666667e-05	3.5e-05	0.000838	46.6734304783	29.330522	1073.488901
658	3.34285714286e-05	3.3e-05	0.000702	63.51738375	26.9558495	1270.347675
659	3.14761904762e-05	3.3e-05	0.001322	46.549434175	26.27291	1861.977367
630	3.42258064516e-05	3.4e-05	0.001061	85.7949482308	26.986224	2230.668654
631	3.28064516129e-05	3.4e-05	0.001017	35.8502103448	23.114318	1039.6561
632	3.416e-05	3.3e-05	0.003416	48.8368362245	26.3694655	4786.00995
633	3.51818181818e-05	3.4e-05	0.000387	31.8822444	34.1699045	318.822444
634	2.712e-05	3.05e-05	0.001356	52.9847121633	35.395364	2596.250896
508	3.275e-05	3.25e-05	0.000131	4.21346266667	3.762667	12.640388
981	3.48e-05	3.5e-05	0.000348	46.0574422222	38.926109	414.51698
754	3.50625e-05	3.4e-05	0.000561	46.7754362667	35.836039	701.631544
638	3.3355e-05	3.3e-05	0.006671	42.0056874715	14.021719	8107.097682
639	3.28296296296e-05	3.3e-05	0.004432	21.2057439048	4.3209135	2671.923732
927	3.59e-05	3.4e-05	0.000359	45.0038354444	42.119956	405.034519
845	3.81052631579e-05	3.5e-05	0.000724	68.14816	50.5087695	1226.66688
987	3.63e-05	3.5e-05	0.001452	33.4603538947	22.442659	1271.493448
933	3.48e-05	3.4e-05	0.000348	41.8224403333	34.16344	376.401963
844	4.68e-05	3.6e-05	0.000234	75.0727345	80.6355385	300.290938
984	3.53333333333e-05	3.6e-05	0.000954	46.0047775	31.1557055	1196.124215
738	3.61428571429e-05	3.3e-05	0.00253	35.4564963538	20.084028	2304.672263
843	3.4e-05	3.4e-05	0.000136	36.151012	32.568079	108.453036
985	3.5e-05	3.5e-05	0.00021	62.9055536	68.872052	314.527768
955	3.47352941176e-05	3.45e-05	0.001181	51.9332827083	31.969135	1246.398785
964	4.09473684211e-05	3.5e-05	0.000778	127.823125	116.3883115	1533.8775
868	3.575e-05	3.5e-05	0.000143	23.9500323333	25.940707	71.850097
966	3.555e-05	3.5e-05	0.002133	41.3786442679	30.3500845	2317.204079
813	3.45e-05	3.35e-05	0.000345	10.8667618889	8.880875	97.800857
962	3.55333333333e-05	3.5e-05	0.001599	58.2769112093	40.194465	2505.907182
740	3.45e-05	3.45e-05	6.9e-05	13.007918	13.007918	13.007918
937	3.45e-05	3.4e-05	0.002001	23.7336877857	15.4524965	1329.086516
863	3.49583333333e-05	3.4e-05	0.000839	33.938152087	8.909305	780.577498
840	3.72e-05	3.4e-05	0.000558	53.6177038571	33.832036	750.647854
865	2.78e-05	3.3e-05	0.000139	15.679723	15.9854425	62.718892
969	3.74285714286e-05	3.5e-05	0.000262	41.2675738333	47.9938155	247.605443
936	3.41935483871e-05	3.4e-05	0.00212	35.4249247797	14.583999	2090.070562
726	4e-05	3.4e-05	0.00044	10.5073705	9.97287	105.073705
727	3.67272727273e-05	3.4e-05	0.000404	28.6239274	19.7153785	286.239274
724	3.84285714286e-05	3.4e-05	0.000807	11.4466415	5.488561	228.93283
725	3.48181818182e-05	3.4e-05	0.000383	8.1931822	4.5981995	81.931822
722	3.48571428571e-05	3.5e-05	0.000732	80.700829	66.241521	1614.01658
723	3.49090909091e-05	3.4e-05	0.000384	24.4033277	20.2463575	244.033277
720	3.51428571429e-05	3.4e-05	0.000738	15.3882834	10.677764	153.882834
721	3.41904761905e-05	3.4e-05	0.000718	55.0060636111	26.1034935	990.109145
934	3.925e-05	3.4e-05	0.002669	23.7568022836	13.284264	1591.705753
728	2.44761904762e-05	1.8e-05	0.000514	46.22623155	13.411348	924.524631
729	3.65915492958e-05	3.4e-05	0.002598	50.6778734259	21.2751855	2736.605165
605	3.21e-05	3.25e-05	0.00321	61.1907315111	30.314868	5507.165836
604	3.3e-05	3.3e-05	3.3e-05	nan	nan	0.0
607	3.20333333333e-05	3.3e-05	0.000961	33.3764648966	19.009446	967.917482
606	3.056e-05	3.2e-05	0.005348	34.2785986605	19.8226295	5553.132983
601	2.80416666667e-05	3.2e-05	0.000673	49.8137585217	49.838052	1145.716446
600	3.18421052632e-05	3.3e-05	0.00121	58.8272988919	35.828874	2176.610059
746	3.53623188406e-05	3.4e-05	0.00244	31.8857921324	13.3787495	2168.233865
602	3.34722891566e-05	3.3e-05	0.013891	45.4384081472	18.9195895	17902.73281
748	2.44516129032e-05	2e-05	0.000758	76.6516525517	21.753828	2222.897924
749	3.66585365854e-05	3.4e-05	0.001503	66.4715567778	31.0329325	2392.976044
609	3.40857142857e-05	3.3e-05	0.001193	15.4810182941	2.726996	526.354622
608	3.62727272727e-05	3.3e-05	0.000399	33.0599619	25.014771	330.599619
980	3.51e-05	3.45e-05	0.000351	66.9126893333	63.719237	602.214204
943	3.432e-05	3.4e-05	0.000858	21.8107130833	20.7118885	523.457114
926	3.30909090909e-05	3.3e-05	0.000364	69.7767847	54.6707165	697.767847
976	3.41739130435e-05	3.5e-05	0.000786	64.5670928636	36.254945	1420.476043
991	3.46428571429e-05	3.5e-05	0.00097	50.1298021481	30.057381	1353.504658
941	3.67169811321e-05	3.5e-05	0.001946	21.4928490204	14.021996	1053.149602
990	3.6306122449e-05	3.5e-05	0.001779	52.6949613043	38.5437955	2423.96822
959	3.95e-05	3.5e-05	0.00079	120.033574882	104.691608	2040.570773
958	3.54545454545e-05	3.5e-05	0.00039	48.1855403	42.577759	481.855403
993	3.30666666667e-05	3.5e-05	0.000496	29.4166436429	23.436189	411.833011
878	3.7e-05	3.7e-05	7.4e-05	85.783919	85.783919	85.783919
640	3.6e-05	3.6e-05	0.000648	36.3375665333	27.706356	545.063498
876	3.31111111111e-05	3.4e-05	0.000596	27.3893542941	21.032186	465.619023
877	3.42e-05	3.4e-05	0.000342	41.2772087778	30.77144	371.494879
953	3.945e-05	3.5e-05	0.000789	44.5662688421	25.03546	846.759108
875	4.67142857143e-05	3.5e-05	0.000327	27.6736761667	25.768593	166.042057
872	3.86e-05	3.4e-05	0.000193	34.16213325	16.3458775	136.648533
873	3.35e-05	3.3e-05	0.000268	42.8872808571	33.550735	300.210966
906	3.49634146341e-05	3.5e-05	0.002867	21.2354218333	11.9202805	1528.950372
956	3.82857142857e-05	3.5e-05	0.002412	42.3457569333	34.236658	2540.745416
717	3.52857142857e-05	3.4e-05	0.000741	42.2397351333	24.899572	633.596027
968	3.55454545455e-05	3.5e-05	0.000391	71.3609306	56.744868	713.609306
807	3.33333333333e-05	3.5e-05	0.0002	63.1637832	35.810309	315.818916
744	3.55575221239e-05	3.4e-05	0.004018	50.4030955283	33.1634245	5342.728126
775	3.35833333333e-05	3.4e-05	0.000403	17.2049697	11.5744225	172.049697
774	3.82857142857e-05	3.4e-05	0.000268	20.0482026	14.247593	100.241013
618	3.32682926829e-05	3.3e-05	0.001364	33.9115817647	11.6181705	1152.99378
619	3.565e-05	3.3e-05	0.000713	29.7058757368	7.664166	564.411639
773	3.4e-05	3.4e-05	3.4e-05	nan	nan	0.0
612	3.74042553191e-05	3.3e-05	0.001758	28.5839403636	8.267321	1257.693376
613	3.33333333333e-05	3.35e-05	0.0002	6.53883825	5.146515	26.155353
610	3.46166666667e-05	3.3e-05	0.002077	23.2425804068	4.731993	1371.312244
611	3.79428571429e-05	3.3e-05	0.001328	17.7390303529	3.881991	603.127032
779	2.92352941176e-05	3.4e-05	0.000497	29.3479695	21.1133155	469.567512
617	3.30536451169e-05	3.3e-05	0.02403	34.7107879583	11.805039	24123.997631
614	3.29090909091e-05	3.3e-05	0.000724	16.9222519048	5.60839	355.36729
615	3.4075e-05	3.3e-05	0.001363	39.7814575294	17.205998	1352.569556
649	3.06818181818e-05	3.3e-05	0.000675	84.7182032222	43.115226	762.463829
711	2.05e-05	1.8e-05	0.000369	56.0365381176	13.931367	952.621148
802	3.8e-05	3.8e-05	3.8e-05	nan	nan	0.0
655	3.3152173913e-05	3.3e-05	0.001525	65.5104193	41.8021855	2620.416772
710	2.81904761905e-05	3.1e-05	0.000592	77.81270075	55.943215	1556.254015
801	3.8e-05	3.8e-05	3.8e-05	nan	nan	0.0
837	3.475e-05	3.45e-05	0.000139	75.313823	25.54865	225.941469
762	3.54705882353e-05	3.5e-05	0.000603	26.2067335714	17.860757	366.89427
800	3.56666666667e-05	3.55e-05	0.000214	51.729018	42.032157	258.64509
948	3.46e-05	3.4e-05	0.000346	13.6222973333	12.142914	122.600676
949	3.40689655172e-05	3.4e-05	0.000988	75.6782959231	54.2137445	1967.635694
946	3.475e-05	3.45e-05	0.000139	74.90607	67.464077	224.71821
732	3.73076923077e-05	3.4e-05	0.00097	17.1577313684	7.871471	325.996896
944	4.59166666667e-05	3.4e-05	0.000551	35.6598280909	23.852928	392.258109
803	3.43333333333e-05	3.5e-05	0.000309	50.360055375	36.9175365	402.880443
942	3.42e-05	3.4e-05	0.000513	20.6005284286	19.427068	288.407398
790	3.64153846154e-05	3.5e-05	0.002367	24.3741598	10.3654245	1462.449588
940	3.46129032258e-05	3.4e-05	0.001073	16.7184325714	11.926695	468.116112
806	3.58e-05	3.6e-05	0.000179	48.2629415	37.491942	193.051766
951	3.55555555556e-05	3.5e-05	0.00032	39.708547	21.38925	317.668376
808	3.56e-05	3.5e-05	0.000356	77.489906	47.9034	697.409154
689	3.02142857143e-05	3.2e-05	0.000423	47.7818833077	28.6388	621.164483
688	3.18068669528e-05	3.3e-05	0.007411	30.423728973	13.518123	6754.067832
950	3.56666666667e-05	3.55e-05	0.000428	82.7981448	81.344599	827.981448
685	2.38571428571e-05	1.8e-05	0.000167	118.99207525	87.3997815	475.968301
684	3.2243902439e-05	3.3e-05	0.001322	57.8012658	31.8895555	1734.037974
687	3.37692307692e-05	3.3e-05	0.001317	33.5955940789	10.9295205	1276.632575
686	3.15388888889e-05	3.2e-05	0.005677	29.33232978	13.42638	4399.849467
681	3.32666666667e-05	3.3e-05	0.001996	45.8430246964	22.614344	2567.209383
680	3.31818181818e-05	3.2e-05	0.000365	16.3727531	9.291121	163.727531
683	3.64516129032e-05	3.2e-05	0.00113	20.4246328333	5.9485155	612.738985
682	3.14666666667e-05	3.2e-05	0.000944	44.1707311481	21.317736	1192.609741

